0.380000	101.00
0.380020	49.00
0.380040	102.00
0.380060	141.00
0.380080	144.00
0.380100	124.00
0.380120	112.00
0.380140	118.00
0.380160	131.00
0.380180	133.00
0.380200	124.00
0.380220	117.00
0.380240	121.00
0.380260	129.00
0.380280	131.00
0.380300	125.00
0.380320	120.00
0.380340	123.00
0.380360	129.00
0.380380	130.00
0.380400	126.00
0.380420	122.00
0.380440	123.00
0.380460	127.00
0.380480	128.00
0.380500	125.00
0.380520	122.00
0.380540	123.00
0.380560	127.00
0.380580	128.00
0.380600	125.00
0.380620	123.00
0.380640	123.00
0.380660	126.00
0.380680	127.00
0.380700	125.00
0.380720	123.00
0.380740	124.00
0.380760	126.00
0.380780	127.00
0.380800	125.00
0.380820	123.00
0.380840	124.00
0.380860	126.00
0.380880	127.00
0.380900	125.00
0.380920	123.00
0.380940	123.00
0.380960	125.00
0.380980	126.00
0.381000	125.00
0.381020	124.00
0.381040	124.00
0.381060	126.00
0.381080	126.00
0.381100	125.00
0.381120	124.00
0.381140	125.00
0.381160	127.00
0.381180	127.00
0.381200	125.00
0.381220	124.00
0.381240	124.00
0.381260	126.00
0.381280	126.00
0.381300	124.00
0.381320	123.00
0.381340	124.00
0.381360	126.00
0.381380	127.00
0.381400	125.00
0.381420	124.00
0.381440	125.00
0.381460	126.00
0.381480	127.00
0.381500	126.00
0.381520	125.00
0.381540	125.00
0.381560	127.00
0.381580	127.00
0.381600	126.00
0.381620	124.00
0.381640	124.00
0.381660	125.00
0.381680	125.00
0.381700	124.00
0.381720	124.00
0.381740	124.00
0.381760	126.00
0.381780	127.00
0.381800	126.00
0.381820	125.00
0.381840	125.00
0.381860	126.00
0.381880	126.00
0.381900	125.00
0.381920	124.00
0.381940	123.00
0.381960	124.00
0.381980	124.00
0.382000	124.00
0.382020	123.00
0.382040	124.00
0.382060	125.00
0.382080	126.00
0.382100	126.00
0.382120	125.00
0.382140	125.00
0.382160	125.00
0.382180	125.00
0.382200	124.00
0.382220	124.00
0.382240	124.00
0.382260	125.00
0.382280	125.00
0.382300	125.00
0.382320	124.00
0.382340	124.00
0.382360	125.00
0.382380	125.00
0.382400	125.00
0.382420	125.00
0.382440	125.00
0.382460	125.00
0.382480	126.00
0.382500	125.00
0.382520	125.00
0.382540	125.00
0.382560	126.00
0.382580	126.00
0.382600	126.00
0.382620	125.00
0.382640	125.00
0.382660	125.00
0.382680	126.00
0.382700	125.00
0.382720	124.00
0.382740	124.00
0.382760	124.00
0.382780	125.00
0.382800	125.00
0.382820	125.00
0.382840	125.00
0.382860	126.00
0.382880	126.00
0.382900	125.00
0.382920	125.00
0.382940	125.00
0.382960	125.00
0.382980	125.00
0.383000	124.00
0.383020	124.00
0.383040	125.00
0.383060	126.00
0.383080	126.00
0.383100	126.00
0.383120	124.00
0.383140	124.00
0.383160	124.00
0.383180	125.00
0.383200	125.00
0.383220	125.00
0.383240	126.00
0.383260	126.00
0.383280	126.00
0.383300	125.00
0.383320	124.00
0.383340	124.00
0.383360	124.00
0.383380	125.00
0.383400	125.00
0.383420	125.00
0.383440	125.00
0.383460	126.00
0.383480	125.00
0.383500	125.00
0.383520	125.00
0.383540	126.00
0.383560	127.00
0.383580	126.00
0.383600	125.00
0.383620	124.00
0.383640	124.00
0.383660	125.00
0.383680	126.00
0.383700	125.00
0.383720	125.00
0.383740	125.00
0.383760	125.00
0.383780	125.00
0.383800	125.00
0.383820	125.00
0.383840	125.00
0.383860	126.00
0.383880	126.00
0.383900	126.00
0.383920	126.00
0.383940	126.00
0.383960	126.00
0.383980	126.00
0.384000	126.00
0.384020	125.00
0.384040	125.00
0.384060	125.00
0.384080	125.00
0.384100	124.00
0.384120	124.00
0.384140	124.00
0.384160	125.00
0.384180	126.00
0.384200	126.00
0.384220	125.00
0.384240	125.00
0.384260	125.00
0.384280	125.00
0.384300	124.00
0.384320	124.00
0.384340	123.00
0.384360	124.00
0.384380	125.00
0.384400	125.00
0.384420	126.00
0.384440	126.00
0.384460	126.00
0.384480	126.00
0.384500	125.00
0.384520	125.00
0.384540	125.00
0.384560	125.00
0.384580	125.00
0.384600	125.00
0.384620	124.00
0.384640	124.00
0.384660	124.00
0.384680	125.00
0.384700	124.00
0.384720	124.00
0.384740	124.00
0.384760	125.00
0.384780	125.00
0.384800	125.00
0.384820	125.00
0.384840	125.00
0.384860	125.00
0.384880	125.00
0.384900	125.00
0.384920	125.00
0.384940	125.00
0.384960	126.00
0.384980	126.00
0.385000	125.00
0.385020	125.00
0.385040	125.00
0.385060	126.00
0.385080	126.00
0.385100	125.00
0.385120	125.00
0.385140	124.00
0.385160	125.00
0.385180	125.00
0.385200	125.00
0.385220	124.00
0.385240	125.00
0.385260	126.00
0.385280	126.00
0.385300	126.00
0.385320	125.00
0.385340	125.00
0.385360	125.00
0.385380	125.00
0.385400	125.00
0.385420	125.00
0.385440	125.00
0.385460	126.00
0.385480	126.00
0.385500	125.00
0.385520	125.00
0.385540	125.00
0.385560	125.00
0.385580	126.00
0.385600	126.00
0.385620	125.00
0.385640	125.00
0.385660	125.00
0.385680	125.00
0.385700	124.00
0.385720	123.00
0.385740	123.00
0.385760	124.00
0.385780	124.00
0.385800	125.00
0.385820	125.00
0.385840	125.00
0.385860	125.00
0.385880	125.00
0.385900	125.00
0.385920	125.00
0.385940	125.00
0.385960	125.00
0.385980	125.00
0.386000	125.00
0.386020	125.00
0.386040	125.00
0.386060	125.00
0.386080	126.00
0.386100	125.00
0.386120	125.00
0.386140	125.00
0.386160	125.00
0.386180	125.00
0.386200	125.00
0.386220	125.00
0.386240	125.00
0.386260	125.00
0.386280	125.00
0.386300	125.00
0.386320	125.00
0.386340	125.00
0.386360	126.00
0.386380	125.00
0.386400	125.00
0.386420	125.00
0.386440	125.00
0.386460	126.00
0.386480	126.00
0.386500	125.00
0.386520	125.00
0.386540	125.00
0.386560	126.00
0.386580	126.00
0.386600	126.00
0.386620	125.00
0.386640	125.00
0.386660	125.00
0.386680	126.00
0.386700	125.00
0.386720	124.00
0.386740	124.00
0.386760	124.00
0.386780	125.00
0.386800	126.00
0.386820	125.00
0.386840	125.00
0.386860	125.00
0.386880	125.00
0.386900	125.00
0.386920	125.00
0.386940	125.00
0.386960	125.00
0.386980	125.00
0.387000	125.00
0.387020	124.00
0.387040	124.00
0.387060	124.00
0.387080	125.00
0.387100	125.00
0.387120	125.00
0.387140	125.00
0.387160	124.00
0.387180	124.00
0.387200	124.00
0.387220	124.00
0.387240	124.00
0.387260	124.00
0.387280	125.00
0.387300	125.00
0.387320	125.00
0.387340	125.00
0.387360	125.00
0.387380	125.00
0.387400	125.00
0.387420	125.00
0.387440	125.00
0.387460	125.00
0.387480	125.00
0.387500	125.00
0.387520	125.00
0.387540	125.00
0.387560	125.00
0.387580	125.00
0.387600	125.00
0.387620	125.00
0.387640	125.00
0.387660	125.00
0.387680	126.00
0.387700	126.00
0.387720	125.00
0.387740	125.00
0.387760	125.00
0.387780	125.00
0.387800	124.00
0.387820	124.00
0.387840	124.00
0.387860	124.00
0.387880	125.00
0.387900	126.00
0.387920	126.00
0.387940	126.00
0.387960	126.00
0.387980	125.00
0.388000	125.00
0.388020	125.00
0.388040	125.00
0.388060	125.00
0.388080	125.00
0.388100	125.00
0.388120	125.00
0.388140	125.00
0.388160	124.00
0.388180	124.00
0.388200	124.00
0.388220	124.00
0.388240	124.00
0.388260	125.00
0.388280	125.00
0.388300	124.00
0.388320	124.00
0.388340	124.00
0.388360	125.00
0.388380	126.00
0.388400	126.00
0.388420	125.00
0.388440	124.00
0.388460	124.00
0.388480	124.00
0.388500	124.00
0.388520	125.00
0.388540	125.00
0.388560	125.00
0.388580	125.00
0.388600	125.00
0.388620	125.00
0.388640	125.00
0.388660	126.00
0.388680	126.00
0.388700	125.00
0.388720	125.00
0.388740	124.00
0.388760	124.00
0.388780	125.00
0.388800	126.00
0.388820	126.00
0.388840	125.00
0.388860	125.00
0.388880	125.00
0.388900	124.00
0.388920	124.00
0.388940	124.00
0.388960	124.00
0.388980	124.00
0.389000	125.00
0.389020	125.00
0.389040	126.00
0.389060	126.00
0.389080	126.00
0.389100	125.00
0.389120	124.00
0.389140	124.00
0.389160	124.00
0.389180	125.00
0.389200	125.00
0.389220	125.00
0.389240	125.00
0.389260	125.00
0.389280	124.00
0.389300	124.00
0.389320	124.00
0.389340	125.00
0.389360	125.00
0.389380	125.00
0.389400	125.00
0.389420	125.00
0.389440	124.00
0.389460	125.00
0.389480	125.00
0.389500	125.00
0.389520	125.00
0.389540	125.00
0.389560	125.00
0.389580	125.00
0.389600	125.00
0.389620	125.00
0.389640	125.00
0.389660	125.00
0.389680	125.00
0.389700	125.00
0.389720	125.00
0.389740	126.00
0.389760	126.00
0.389780	126.00
0.389800	125.00
0.389820	125.00
0.389840	125.00
0.389860	125.00
0.389880	126.00
0.389900	126.00
0.389920	126.00
0.389940	126.00
0.389960	126.00
0.389980	126.00
0.390000	126.00
0.390020	126.00
0.390040	126.00
0.390060	125.00
0.390080	125.00
0.390100	124.00
0.390120	125.00
0.390140	125.00
0.390160	126.00
0.390180	126.00
0.390200	126.00
0.390220	125.00
0.390240	125.00
0.390260	125.00
0.390280	125.00
0.390300	125.00
0.390320	125.00
0.390340	125.00
0.390360	125.00
0.390380	125.00
0.390400	125.00
0.390420	124.00
0.390440	124.00
0.390460	123.00
0.390480	123.00
0.390500	124.00
0.390520	124.00
0.390540	125.00
0.390560	125.00
0.390580	126.00
0.390600	126.00
0.390620	126.00
0.390640	126.00
0.390660	125.00
0.390680	125.00
0.390700	125.00
0.390720	125.00
0.390740	125.00
0.390760	125.00
0.390780	124.00
0.390800	124.00
0.390820	123.00
0.390840	124.00
0.390860	125.00
0.390880	126.00
0.390900	126.00
0.390920	126.00
0.390940	126.00
0.390960	126.00
0.390980	125.00
0.391000	125.00
0.391020	125.00
0.391040	125.00
0.391060	125.00
0.391080	126.00
0.391100	126.00
0.391120	126.00
0.391140	125.00
0.391160	125.00
0.391180	124.00
0.391200	124.00
0.391220	125.00
0.391240	125.00
0.391260	126.00
0.391280	126.00
0.391300	125.00
0.391320	125.00
0.391340	125.00
0.391360	125.00
0.391380	125.00
0.391400	125.00
0.391420	125.00
0.391440	124.00
0.391460	124.00
0.391480	124.00
0.391500	124.00
0.391520	124.00
0.391540	125.00
0.391560	125.00
0.391580	125.00
0.391600	125.00
0.391620	125.00
0.391640	125.00
0.391660	125.00
0.391680	125.00
0.391700	125.00
0.391720	125.00
0.391740	124.00
0.391760	124.00
0.391780	124.00
0.391800	124.00
0.391820	125.00
0.391840	125.00
0.391860	125.00
0.391880	124.00
0.391900	124.00
0.391920	124.00
0.391940	125.00
0.391960	126.00
0.391980	126.00
0.392000	125.00
0.392020	125.00
0.392040	125.00
0.392060	125.00
0.392080	125.00
0.392100	125.00
0.392120	125.00
0.392140	125.00
0.392160	124.00
0.392180	124.00
0.392200	124.00
0.392220	125.00
0.392240	125.00
0.392260	126.00
0.392280	125.00
0.392300	125.00
0.392320	124.00
0.392340	125.00
0.392360	125.00
0.392380	125.00
0.392400	125.00
0.392420	124.00
0.392440	125.00
0.392460	125.00
0.392480	125.00
0.392500	125.00
0.392520	125.00
0.392540	125.00
0.392560	126.00
0.392580	126.00
0.392600	125.00
0.392620	124.00
0.392640	124.00
0.392660	125.00
0.392680	125.00
0.392700	125.00
0.392720	124.00
0.392740	124.00
0.392760	125.00
0.392780	125.00
0.392800	125.00
0.392820	124.00
0.392840	124.00
0.392860	124.00
0.392880	124.00
0.392900	124.00
0.392920	124.00
0.392940	125.00
0.392960	125.00
0.392980	126.00
0.393000	126.00
0.393020	126.00
0.393040	126.00
0.393060	125.00
0.393080	125.00
0.393100	124.00
0.393120	124.00
0.393140	124.00
0.393160	125.00
0.393180	125.00
0.393200	124.00
0.393220	124.00
0.393240	124.00
0.393260	124.00
0.393280	125.00
0.393300	125.00
0.393320	125.00
0.393340	125.00
0.393360	125.00
0.393380	125.00
0.393400	125.00
0.393420	125.00
0.393440	125.00
0.393460	125.00
0.393480	125.00
0.393500	125.00
0.393520	125.00
0.393540	125.00
0.393560	124.00
0.393580	124.00
0.393600	124.00
0.393620	125.00
0.393640	125.00
0.393660	126.00
0.393680	126.00
0.393700	126.00
0.393720	126.00
0.393740	125.00
0.393760	125.00
0.393780	125.00
0.393800	124.00
0.393820	124.00
0.393840	125.00
0.393860	126.00
0.393880	126.00
0.393900	126.00
0.393920	126.00
0.393940	125.00
0.393960	124.00
0.393980	124.00
0.394000	124.00
0.394020	125.00
0.394040	126.00
0.394060	127.00
0.394080	127.00
0.394100	126.00
0.394120	126.00
0.394140	125.00
0.394160	125.00
0.394180	124.00
0.394200	124.00
0.394220	124.00
0.394240	124.00
0.394260	125.00
0.394280	126.00
0.394300	126.00
0.394320	125.00
0.394340	125.00
0.394360	125.00
0.394380	125.00
0.394400	126.00
0.394420	126.00
0.394440	126.00
0.394460	125.00
0.394480	125.00
0.394500	125.00
0.394520	126.00
0.394540	126.00
0.394560	126.00
0.394580	126.00
0.394600	125.00
0.394620	125.00
0.394640	124.00
0.394660	124.00
0.394680	124.00
0.394700	125.00
0.394720	125.00
0.394740	125.00
0.394760	124.00
0.394780	124.00
0.394800	125.00
0.394820	125.00
0.394840	125.00
0.394860	125.00
0.394880	124.00
0.394900	124.00
0.394920	125.00
0.394940	125.00
0.394960	125.00
0.394980	125.00
0.395000	125.00
0.395020	125.00
0.395040	125.00
0.395060	125.00
0.395080	125.00
0.395100	125.00
0.395120	125.00
0.395140	125.00
0.395160	125.00
0.395180	124.00
0.395200	124.00
0.395220	125.00
0.395240	125.00
0.395260	126.00
0.395280	126.00
0.395300	126.00
0.395320	125.00
0.395340	125.00
0.395360	125.00
0.395380	124.00
0.395400	124.00
0.395420	125.00
0.395440	125.00
0.395460	125.00
0.395480	125.00
0.395500	125.00
0.395520	125.00
0.395540	125.00
0.395560	124.00
0.395580	124.00
0.395600	125.00
0.395620	125.00
0.395640	125.00
0.395660	125.00
0.395680	125.00
0.395700	125.00
0.395720	124.00
0.395740	124.00
0.395760	124.00
0.395780	124.00
0.395800	124.00
0.395820	124.00
0.395840	124.00
0.395860	125.00
0.395880	125.00
0.395900	125.00
0.395920	125.00
0.395940	125.00
0.395960	125.00
0.395980	125.00
0.396000	125.00
0.396020	125.00
0.396040	125.00
0.396060	125.00
0.396080	126.00
0.396100	126.00
0.396120	126.00
0.396140	126.00
0.396160	126.00
0.396180	125.00
0.396200	124.00
0.396220	124.00
0.396240	124.00
0.396260	124.00
0.396280	125.00
0.396300	125.00
0.396320	125.00
0.396340	125.00
0.396360	125.00
0.396380	125.00
0.396400	125.00
0.396420	125.00
0.396440	125.00
0.396460	125.00
0.396480	125.00
0.396500	125.00
0.396520	125.00
0.396540	125.00
0.396560	125.00
0.396580	125.00
0.396600	125.00
0.396620	125.00
0.396640	124.00
0.396660	124.00
0.396680	124.00
0.396700	124.00
0.396720	125.00
0.396740	125.00
0.396760	126.00
0.396780	126.00
0.396800	125.00
0.396820	125.00
0.396840	125.00
0.396860	125.00
0.396880	125.00
0.396900	125.00
0.396920	125.00
0.396940	125.00
0.396960	125.00
0.396980	125.00
0.397000	125.00
0.397020	125.00
0.397040	124.00
0.397060	124.00
0.397080	124.00
0.397100	125.00
0.397120	125.00
0.397140	125.00
0.397160	125.00
0.397180	125.00
0.397200	125.00
0.397220	124.00
0.397240	124.00
0.397260	124.00
0.397280	124.00
0.397300	124.00
0.397320	124.00
0.397340	124.00
0.397360	124.00
0.397380	124.00
0.397400	125.00
0.397420	125.00
0.397440	125.00
0.397460	125.00
0.397480	125.00
0.397500	125.00
0.397520	125.00
0.397540	125.00
0.397560	125.00
0.397580	125.00
0.397600	126.00
0.397620	126.00
0.397640	126.00
0.397660	126.00
0.397680	125.00
0.397700	125.00
0.397720	124.00
0.397740	124.00
0.397760	124.00
0.397780	124.00
0.397800	125.00
0.397820	125.00
0.397840	125.00
0.397860	125.00
0.397880	125.00
0.397900	124.00
0.397920	124.00
0.397940	124.00
0.397960	124.00
0.397980	124.00
0.398000	125.00
0.398020	125.00
0.398040	125.00
0.398060	125.00
0.398080	125.00
0.398100	125.00
0.398120	125.00
0.398140	125.00
0.398160	125.00
0.398180	125.00
0.398200	125.00
0.398220	126.00
0.398240	126.00
0.398260	126.00
0.398280	126.00
0.398300	125.00
0.398320	125.00
0.398340	125.00
0.398360	126.00
0.398380	126.00
0.398400	125.00
0.398420	125.00
0.398440	125.00
0.398460	125.00
0.398480	125.00
0.398500	125.00
0.398520	125.00
0.398540	125.00
0.398560	126.00
0.398580	126.00
0.398600	126.00
0.398620	125.00
0.398640	125.00
0.398660	125.00
0.398680	125.00
0.398700	125.00
0.398720	125.00
0.398740	124.00
0.398760	124.00
0.398780	125.00
0.398800	126.00
0.398820	126.00
0.398840	126.00
0.398860	126.00
0.398880	125.00
0.398900	125.00
0.398920	126.00
0.398940	126.00
0.398960	126.00
0.398980	126.00
0.399000	125.00
0.399020	125.00
0.399040	125.00
0.399060	125.00
0.399080	125.00
0.399100	125.00
0.399120	126.00
0.399140	126.00
0.399160	126.00
0.399180	125.00
0.399200	124.00
0.399220	124.00
0.399240	124.00
0.399260	124.00
0.399280	124.00
0.399300	124.00
0.399320	124.00
0.399340	124.00
0.399360	124.00
0.399380	124.00
0.399400	124.00
0.399420	124.00
0.399440	125.00
0.399460	125.00
0.399480	124.00
0.399500	124.00
0.399520	124.00
0.399540	124.00
0.399560	125.00
0.399580	126.00
0.399600	126.00
0.399620	126.00
0.399640	125.00
0.399660	125.00
0.399680	124.00
0.399700	124.00
0.399720	125.00
0.399740	125.00
0.399760	125.00
0.399780	124.00
0.399800	124.00
0.399820	124.00
0.399840	125.00
0.399860	125.00
0.399880	125.00
0.399900	125.00
0.399920	125.00
0.399940	125.00
0.399960	125.00
0.399980	125.00
0.400000	125.00
0.400020	125.00
0.400040	125.00
0.400060	125.00
0.400080	125.00
0.400100	125.00
0.400120	125.00
0.400140	124.00
0.400160	124.00
0.400180	123.00
0.400200	124.00
0.400220	124.00
0.400240	125.00
0.400260	125.00
0.400280	124.00
0.400300	124.00
0.400320	124.00
0.400340	125.00
0.400360	125.00
0.400380	125.00
0.400400	125.00
0.400420	125.00
0.400440	125.00
0.400460	125.00
0.400480	125.00
0.400500	125.00
0.400520	125.00
0.400540	125.00
0.400560	125.00
0.400580	126.00
0.400600	126.00
0.400620	126.00
0.400640	126.00
0.400660	126.00
0.400680	126.00
0.400700	126.00
0.400720	126.00
0.400740	126.00
0.400760	126.00
0.400780	125.00
0.400800	125.00
0.400820	125.00
0.400840	125.00
0.400860	125.00
0.400880	125.00
0.400900	125.00
0.400920	125.00
0.400940	125.00
0.400960	125.00
0.400980	125.00
0.401000	125.00
0.401020	125.00
0.401040	125.00
0.401060	125.00
0.401080	124.00
0.401100	124.00
0.401120	124.00
0.401140	124.00
0.401160	124.00
0.401180	124.00
0.401200	124.00
0.401220	124.00
0.401240	125.00
0.401260	125.00
0.401280	125.00
0.401300	125.00
0.401320	124.00
0.401340	124.00
0.401360	124.00
0.401380	125.00
0.401400	125.00
0.401420	125.00
0.401440	125.00
0.401460	125.00
0.401480	125.00
0.401500	125.00
0.401520	125.00
0.401540	125.00
0.401560	125.00
0.401580	125.00
0.401600	125.00
0.401620	125.00
0.401640	126.00
0.401660	126.00
0.401680	126.00
0.401700	126.00
0.401720	126.00
0.401740	126.00
0.401760	126.00
0.401780	125.00
0.401800	125.00
0.401820	125.00
0.401840	125.00
0.401860	125.00
0.401880	124.00
0.401900	124.00
0.401920	125.00
0.401940	125.00
0.401960	125.00
0.401980	124.00
0.402000	124.00
0.402020	124.00
0.402040	125.00
0.402060	126.00
0.402080	126.00
0.402100	125.00
0.402120	125.00
0.402140	125.00
0.402160	125.00
0.402180	125.00
0.402200	125.00
0.402220	124.00
0.402240	124.00
0.402260	125.00
0.402280	125.00
0.402300	125.00
0.402320	125.00
0.402340	125.00
0.402360	126.00
0.402380	126.00
0.402400	126.00
0.402420	126.00
0.402440	126.00
0.402460	126.00
0.402480	126.00
0.402500	126.00
0.402520	125.00
0.402540	125.00
0.402560	125.00
0.402580	125.00
0.402600	124.00
0.402620	124.00
0.402640	124.00
0.402660	124.00
0.402680	124.00
0.402700	124.00
0.402720	124.00
0.402740	124.00
0.402760	125.00
0.402780	126.00
0.402800	126.00
0.402820	126.00
0.402840	125.00
0.402860	124.00
0.402880	124.00
0.402900	124.00
0.402920	125.00
0.402940	125.00
0.402960	125.00
0.402980	126.00
0.403000	126.00
0.403020	126.00
0.403040	126.00
0.403060	125.00
0.403080	125.00
0.403100	126.00
0.403120	126.00
0.403140	126.00
0.403160	126.00
0.403180	125.00
0.403200	125.00
0.403220	124.00
0.403240	124.00
0.403260	123.00
0.403280	123.00
0.403300	123.00
0.403320	124.00
0.403340	125.00
0.403360	125.00
0.403380	125.00
0.403400	125.00
0.403420	125.00
0.403440	125.00
0.403460	125.00
0.403480	125.00
0.403500	125.00
0.403520	125.00
0.403540	125.00
0.403560	125.00
0.403580	125.00
0.403600	125.00
0.403620	125.00
0.403640	125.00
0.403660	125.00
0.403680	125.00
0.403700	124.00
0.403720	124.00
0.403740	124.00
0.403760	124.00
0.403780	124.00
0.403800	124.00
0.403820	124.00
0.403840	124.00
0.403860	124.00
0.403880	125.00
0.403900	125.00
0.403920	125.00
0.403940	124.00
0.403960	124.00
0.403980	124.00
0.404000	125.00
0.404020	125.00
0.404040	125.00
0.404060	125.00
0.404080	125.00
0.404100	125.00
0.404120	126.00
0.404140	126.00
0.404160	126.00
0.404180	126.00
0.404200	125.00
0.404220	125.00
0.404240	124.00
0.404260	124.00
0.404280	124.00
0.404300	125.00
0.404320	126.00
0.404340	125.00
0.404360	125.00
0.404380	125.00
0.404400	125.00
0.404420	125.00
0.404440	125.00
0.404460	125.00
0.404480	125.00
0.404500	125.00
0.404520	126.00
0.404540	126.00
0.404560	126.00
0.404580	125.00
0.404600	126.00
0.404620	126.00
0.404640	126.00
0.404660	125.00
0.404680	124.00
0.404700	124.00
0.404720	124.00
0.404740	125.00
0.404760	125.00
0.404780	125.00
0.404800	125.00
0.404820	125.00
0.404840	125.00
0.404860	124.00
0.404880	125.00
0.404900	125.00
0.404920	126.00
0.404940	126.00
0.404960	126.00
0.404980	125.00
0.405000	125.00
0.405020	125.00
0.405040	125.00
0.405060	125.00
0.405080	124.00
0.405100	124.00
0.405120	124.00
0.405140	125.00
0.405160	125.00
0.405180	124.00
0.405200	124.00
0.405220	125.00
0.405240	125.00
0.405260	125.00
0.405280	124.00
0.405300	124.00
0.405320	124.00
0.405340	125.00
0.405360	125.00
0.405380	125.00
0.405400	125.00
0.405420	125.00
0.405440	125.00
0.405460	125.00
0.405480	125.00
0.405500	125.00
0.405520	125.00
0.405540	125.00
0.405560	125.00
0.405580	126.00
0.405600	126.00
0.405620	126.00
0.405640	126.00
0.405660	125.00
0.405680	125.00
0.405700	125.00
0.405720	125.00
0.405740	126.00
0.405760	126.00
0.405780	126.00
0.405800	125.00
0.405820	125.00
0.405840	125.00
0.405860	124.00
0.405880	124.00
0.405900	123.00
0.405920	123.00
0.405940	123.00
0.405960	124.00
0.405980	125.00
0.406000	125.00
0.406020	125.00
0.406040	125.00
0.406060	125.00
0.406080	125.00
0.406100	126.00
0.406120	126.00
0.406140	126.00
0.406160	126.00
0.406180	125.00
0.406200	125.00
0.406220	125.00
0.406240	125.00
0.406260	125.00
0.406280	126.00
0.406300	126.00
0.406320	127.00
0.406340	127.00
0.406360	126.00
0.406380	126.00
0.406400	125.00
0.406420	125.00
0.406440	125.00
0.406460	125.00
0.406480	125.00
0.406500	124.00
0.406520	124.00
0.406540	125.00
0.406560	125.00
0.406580	125.00
0.406600	124.00
0.406620	125.00
0.406640	125.00
0.406660	125.00
0.406680	125.00
0.406700	124.00
0.406720	124.00
0.406740	125.00
0.406760	125.00
0.406780	125.00
0.406800	125.00
0.406820	125.00
0.406840	125.00
0.406860	124.00
0.406880	124.00
0.406900	124.00
0.406920	125.00
0.406940	125.00
0.406960	125.00
0.406980	125.00
0.407000	124.00
0.407020	124.00
0.407040	124.00
0.407060	124.00
0.407080	124.00
0.407100	124.00
0.407120	125.00
0.407140	125.00
0.407160	125.00
0.407180	125.00
0.407200	125.00
0.407220	125.00
0.407240	125.00
0.407260	125.00
0.407280	125.00
0.407300	125.00
0.407320	126.00
0.407340	126.00
0.407360	126.00
0.407380	125.00
0.407400	125.00
0.407420	125.00
0.407440	125.00
0.407460	125.00
0.407480	125.00
0.407500	125.00
0.407520	126.00
0.407540	126.00
0.407560	126.00
0.407580	125.00
0.407600	124.00
0.407620	124.00
0.407640	125.00
0.407660	125.00
0.407680	125.00
0.407700	125.00
0.407720	125.00
0.407740	125.00
0.407760	125.00
0.407780	125.00
0.407800	125.00
0.407820	126.00
0.407840	127.00
0.407860	127.00
0.407880	126.00
0.407900	125.00
0.407920	125.00
0.407940	125.00
0.407960	126.00
0.407980	126.00
0.408000	126.00
0.408020	125.00
0.408040	124.00
0.408060	124.00
0.408080	124.00
0.408100	124.00
0.408120	124.00
0.408140	124.00
0.408160	124.00
0.408180	124.00
0.408200	125.00
0.408220	125.00
0.408240	125.00
0.408260	125.00
0.408280	125.00
0.408300	125.00
0.408320	125.00
0.408340	125.00
0.408360	125.00
0.408380	125.00
0.408400	125.00
0.408420	125.00
0.408440	124.00
0.408460	124.00
0.408480	124.00
0.408500	124.00
0.408520	124.00
0.408540	124.00
0.408560	124.00
0.408580	124.00
0.408600	124.00
0.408620	125.00
0.408640	126.00
0.408660	125.00
0.408680	125.00
0.408700	125.00
0.408720	125.00
0.408740	126.00
0.408760	126.00
0.408780	125.00
0.408800	124.00
0.408820	124.00
0.408840	124.00
0.408860	125.00
0.408880	125.00
0.408900	125.00
0.408920	125.00
0.408940	126.00
0.408960	126.00
0.408980	126.00
0.409000	125.00
0.409020	125.00
0.409040	125.00
0.409060	125.00
0.409080	125.00
0.409100	125.00
0.409120	125.00
0.409140	125.00
0.409160	125.00
0.409180	125.00
0.409200	125.00
0.409220	124.00
0.409240	124.00
0.409260	124.00
0.409280	125.00
0.409300	125.00
0.409320	125.00
0.409340	124.00
0.409360	124.00
0.409380	125.00
0.409400	125.00
0.409420	126.00
0.409440	125.00
0.409460	125.00
0.409480	124.00
0.409500	124.00
0.409520	125.00
0.409540	126.00
0.409560	127.00
0.409580	127.00
0.409600	127.00
0.409620	126.00
0.409640	126.00
0.409660	125.00
0.409680	125.00
0.409700	125.00
0.409720	125.00
0.409740	125.00
0.409760	125.00
0.409780	125.00
0.409800	125.00
0.409820	125.00
0.409840	125.00
0.409860	124.00
0.409880	123.00
0.409900	123.00
0.409920	123.00
0.409940	124.00
0.409960	124.00
0.409980	124.00
0.410000	124.00
0.410020	124.00
0.410040	125.00
0.410060	125.00
0.410080	125.00
0.410100	124.00
0.410120	124.00
0.410140	124.00
0.410160	125.00
0.410180	125.00
0.410200	125.00
0.410220	125.00
0.410240	125.00
0.410260	125.00
0.410280	125.00
0.410300	125.00
0.410320	125.00
0.410340	125.00
0.410360	125.00
0.410380	125.00
0.410400	125.00
0.410420	125.00
0.410440	125.00
0.410460	126.00
0.410480	126.00
0.410500	126.00
0.410520	126.00
0.410540	125.00
0.410560	124.00
0.410580	124.00
0.410600	124.00
0.410620	124.00
0.410640	124.00
0.410660	125.00
0.410680	125.00
0.410700	125.00
0.410720	125.00
0.410740	125.00
0.410760	125.00
0.410780	125.00
0.410800	124.00
0.410820	124.00
0.410840	124.00
0.410860	125.00
0.410880	125.00
0.410900	125.00
0.410920	125.00
0.410940	125.00
0.410960	126.00
0.410980	126.00
0.411000	126.00
0.411020	126.00
0.411040	125.00
0.411060	125.00
0.411080	125.00
0.411100	125.00
0.411120	125.00
0.411140	125.00
0.411160	126.00
0.411180	125.00
0.411200	125.00
0.411220	125.00
0.411240	125.00
0.411260	125.00
0.411280	125.00
0.411300	125.00
0.411320	124.00
0.411340	124.00
0.411360	124.00
0.411380	125.00
0.411400	125.00
0.411420	125.00
0.411440	125.00
0.411460	125.00
0.411480	126.00
0.411500	126.00
0.411520	125.00
0.411540	125.00
0.411560	124.00
0.411580	124.00
0.411600	124.00
0.411620	124.00
0.411640	124.00
0.411660	125.00
0.411680	126.00
0.411700	126.00
0.411720	126.00
0.411740	125.00
0.411760	125.00
0.411780	126.00
0.411800	126.00
0.411820	127.00
0.411840	126.00
0.411860	126.00
0.411880	126.00
0.411900	126.00
0.411920	125.00
0.411940	125.00
0.411960	125.00
0.411980	124.00
0.412000	124.00
0.412020	125.00
0.412040	125.00
0.412060	125.00
0.412080	125.00
0.412100	125.00
0.412120	125.00
0.412140	125.00
0.412160	125.00
0.412180	124.00
0.412200	124.00
0.412220	125.00
0.412240	125.00
0.412260	126.00
0.412280	126.00
0.412300	126.00
0.412320	125.00
0.412340	125.00
0.412360	125.00
0.412380	125.00
0.412400	125.00
0.412420	124.00
0.412440	124.00
0.412460	125.00
0.412480	125.00
0.412500	125.00
0.412520	125.00
0.412540	125.00
0.412560	125.00
0.412580	125.00
0.412600	125.00
0.412620	125.00
0.412640	124.00
0.412660	124.00
0.412680	125.00
0.412700	125.00
0.412720	125.00
0.412740	124.00
0.412760	124.00
0.412780	124.00
0.412800	124.00
0.412820	125.00
0.412840	125.00
0.412860	125.00
0.412880	125.00
0.412900	125.00
0.412920	125.00
0.412940	125.00
0.412960	125.00
0.412980	125.00
0.413000	125.00
0.413020	125.00
0.413040	125.00
0.413060	124.00
0.413080	124.00
0.413100	125.00
0.413120	126.00
0.413140	126.00
0.413160	125.00
0.413180	125.00
0.413200	124.00
0.413220	124.00
0.413240	124.00
0.413260	124.00
0.413280	125.00
0.413300	125.00
0.413320	125.00
0.413340	125.00
0.413360	125.00
0.413380	125.00
0.413400	125.00
0.413420	125.00
0.413440	125.00
0.413460	125.00
0.413480	124.00
0.413500	124.00
0.413520	125.00
0.413540	125.00
0.413560	126.00
0.413580	126.00
0.413600	125.00
0.413620	125.00
0.413640	125.00
0.413660	125.00
0.413680	125.00
0.413700	125.00
0.413720	125.00
0.413740	125.00
0.413760	125.00
0.413780	126.00
0.413800	126.00
0.413820	126.00
0.413840	126.00
0.413860	125.00
0.413880	125.00
0.413900	125.00
0.413920	124.00
0.413940	124.00
0.413960	124.00
0.413980	124.00
0.414000	125.00
0.414020	125.00
0.414040	125.00
0.414060	125.00
0.414080	124.00
0.414100	124.00
0.414120	124.00
0.414140	125.00
0.414160	125.00
0.414180	125.00
0.414200	125.00
0.414220	124.00
0.414240	124.00
0.414260	124.00
0.414280	124.00
0.414300	125.00
0.414320	125.00
0.414340	125.00
0.414360	125.00
0.414380	125.00
0.414400	125.00
0.414420	125.00
0.414440	125.00
0.414460	125.00
0.414480	126.00
0.414500	126.00
0.414520	126.00
0.414540	125.00
0.414560	124.00
0.414580	124.00
0.414600	124.00
0.414620	125.00
0.414640	125.00
0.414660	125.00
0.414680	125.00
0.414700	125.00
0.414720	125.00
0.414740	124.00
0.414760	124.00
0.414780	124.00
0.414800	125.00
0.414820	126.00
0.414840	126.00
0.414860	125.00
0.414880	125.00
0.414900	125.00
0.414920	125.00
0.414940	126.00
0.414960	126.00
0.414980	126.00
0.415000	126.00
0.415020	126.00
0.415040	126.00
0.415060	125.00
0.415080	124.00
0.415100	124.00
0.415120	124.00
0.415140	125.00
0.415160	125.00
0.415180	126.00
0.415200	125.00
0.415220	125.00
0.415240	125.00
0.415260	125.00
0.415280	125.00
0.415300	125.00
0.415320	125.00
0.415340	124.00
0.415360	124.00
0.415380	124.00
0.415400	124.00
0.415420	124.00
0.415440	124.00
0.415460	125.00
0.415480	125.00
0.415500	125.00
0.415520	125.00
0.415540	125.00
0.415560	125.00
0.415580	125.00
0.415600	125.00
0.415620	126.00
0.415640	126.00
0.415660	126.00
0.415680	125.00
0.415700	125.00
0.415720	125.00
0.415740	125.00
0.415760	125.00
0.415780	125.00
0.415800	125.00
0.415820	125.00
0.415840	125.00
0.415860	125.00
0.415880	124.00
0.415900	124.00
0.415920	124.00
0.415940	125.00
0.415960	125.00
0.415980	125.00
0.416000	125.00
0.416020	125.00
0.416040	125.00
0.416060	125.00
0.416080	124.00
0.416100	124.00
0.416120	124.00
0.416140	124.00
0.416160	125.00
0.416180	126.00
0.416200	126.00
0.416220	126.00
0.416240	125.00
0.416260	125.00
0.416280	125.00
0.416300	125.00
0.416320	124.00
0.416340	124.00
0.416360	124.00
0.416380	125.00
0.416400	126.00
0.416420	126.00
0.416440	126.00
0.416460	125.00
0.416480	124.00
0.416500	124.00
0.416520	124.00
0.416540	124.00
0.416560	124.00
0.416580	124.00
0.416600	124.00
0.416620	124.00
0.416640	124.00
0.416660	125.00
0.416680	125.00
0.416700	125.00
0.416720	125.00
0.416740	125.00
0.416760	125.00
0.416780	125.00
0.416800	125.00
0.416820	125.00
0.416840	125.00
0.416860	125.00
0.416880	125.00
0.416900	124.00
0.416920	124.00
0.416940	124.00
0.416960	125.00
0.416980	124.00
0.417000	124.00
0.417020	124.00
0.417040	124.00
0.417060	125.00
0.417080	125.00
0.417100	125.00
0.417120	125.00
0.417140	125.00
0.417160	125.00
0.417180	125.00
0.417200	125.00
0.417220	125.00
0.417240	125.00
0.417260	124.00
0.417280	124.00
0.417300	124.00
0.417320	125.00
0.417340	125.00
0.417360	125.00
0.417380	124.00
0.417400	124.00
0.417420	124.00
0.417440	124.00
0.417460	125.00
0.417480	125.00
0.417500	125.00
0.417520	125.00
0.417540	125.00
0.417560	126.00
0.417580	126.00
0.417600	125.00
0.417620	125.00
0.417640	124.00
0.417660	124.00
0.417680	124.00
0.417700	123.00
0.417720	123.00
0.417740	124.00
0.417760	125.00
0.417780	126.00
0.417800	126.00
0.417820	126.00
0.417840	126.00
0.417860	126.00
0.417880	126.00
0.417900	125.00
0.417920	125.00
0.417940	126.00
0.417960	126.00
0.417980	126.00
0.418000	125.00
0.418020	125.00
0.418040	124.00
0.418060	124.00
0.418080	124.00
0.418100	125.00
0.418120	125.00
0.418140	126.00
0.418160	126.00
0.418180	126.00
0.418200	125.00
0.418220	124.00
0.418240	124.00
0.418260	124.00
0.418280	124.00
0.418300	125.00
0.418320	125.00
0.418340	125.00
0.418360	125.00
0.418380	125.00
0.418400	125.00
0.418420	126.00
0.418440	126.00
0.418460	127.00
0.418480	127.00
0.418500	126.00
0.418520	125.00
0.418540	124.00
0.418560	124.00
0.418580	124.00
0.418600	124.00
0.418620	124.00
0.418640	124.00
0.418660	124.00
0.418680	125.00
0.418700	125.00
0.418720	125.00
0.418740	125.00
0.418760	125.00
0.418780	125.00
0.418800	125.00
0.418820	125.00
0.418840	125.00
0.418860	125.00
0.418880	125.00
0.418900	125.00
0.418920	125.00
0.418940	125.00
0.418960	125.00
0.418980	125.00
0.419000	125.00
0.419020	125.00
0.419040	125.00
0.419060	125.00
0.419080	126.00
0.419100	126.00
0.419120	126.00
0.419140	125.00
0.419160	125.00
0.419180	125.00
0.419200	125.00
0.419220	125.00
0.419240	125.00
0.419260	125.00
0.419280	125.00
0.419300	125.00
0.419320	124.00
0.419340	124.00
0.419360	124.00
0.419380	124.00
0.419400	125.00
0.419420	125.00
0.419440	126.00
0.419460	126.00
0.419480	126.00
0.419500	125.00
0.419520	125.00
0.419540	125.00
0.419560	125.00
0.419580	125.00
0.419600	125.00
0.419620	125.00
0.419640	125.00
0.419660	125.00
0.419680	125.00
0.419700	125.00
0.419720	125.00
0.419740	125.00
0.419760	125.00
0.419780	125.00
0.419800	124.00
0.419820	124.00
0.419840	124.00
0.419860	125.00
0.419880	125.00
0.419900	125.00
0.419920	125.00
0.419940	125.00
0.419960	125.00
0.419980	126.00
