0.320000	101.00
0.320020	49.00
0.320040	102.00
0.320060	141.00
0.320080	144.00
0.320100	125.00
0.320120	112.00
0.320140	118.00
0.320160	130.00
0.320180	133.00
0.320200	124.00
0.320220	118.00
0.320240	121.00
0.320260	129.00
0.320280	131.00
0.320300	125.00
0.320320	120.00
0.320340	121.00
0.320360	127.00
0.320380	129.00
0.320400	125.00
0.320420	121.00
0.320440	122.00
0.320460	126.00
0.320480	127.00
0.320500	125.00
0.320520	122.00
0.320540	123.00
0.320560	126.00
0.320580	127.00
0.320600	125.00
0.320620	123.00
0.320640	124.00
0.320660	127.00
0.320680	127.00
0.320700	125.00
0.320720	123.00
0.320740	124.00
0.320760	126.00
0.320780	127.00
0.320800	125.00
0.320820	123.00
0.320840	124.00
0.320860	126.00
0.320880	127.00
0.320900	125.00
0.320920	123.00
0.320940	124.00
0.320960	125.00
0.320980	126.00
0.321000	124.00
0.321020	123.00
0.321040	124.00
0.321060	126.00
0.321080	127.00
0.321100	125.00
0.321120	124.00
0.321140	124.00
0.321160	125.00
0.321180	125.00
0.321200	125.00
0.321220	124.00
0.321240	124.00
0.321260	126.00
0.321280	126.00
0.321300	125.00
0.321320	124.00
0.321340	125.00
0.321360	126.00
0.321380	126.00
0.321400	125.00
0.321420	124.00
0.321440	125.00
0.321460	126.00
0.321480	126.00
0.321500	125.00
0.321520	124.00
0.321540	124.00
0.321560	125.00
0.321580	126.00
0.321600	125.00
0.321620	124.00
0.321640	125.00
0.321660	125.00
0.321680	125.00
0.321700	125.00
0.321720	124.00
0.321740	125.00
0.321760	126.00
0.321780	126.00
0.321800	125.00
0.321820	124.00
0.321840	125.00
0.321860	126.00
0.321880	126.00
0.321900	125.00
0.321920	124.00
0.321940	124.00
0.321960	125.00
0.321980	125.00
0.322000	124.00
0.322020	124.00
0.322040	125.00
0.322060	126.00
0.322080	126.00
0.322100	125.00
0.322120	124.00
0.322140	125.00
0.322160	126.00
0.322180	126.00
0.322200	124.00
0.322220	124.00
0.322240	124.00
0.322260	125.00
0.322280	126.00
0.322300	125.00
0.322320	125.00
0.322340	125.00
0.322360	126.00
0.322380	126.00
0.322400	125.00
0.322420	124.00
0.322440	124.00
0.322460	124.00
0.322480	125.00
0.322500	125.00
0.322520	124.00
0.322540	125.00
0.322560	126.00
0.322580	126.00
0.322600	125.00
0.322620	124.00
0.322640	124.00
0.322660	125.00
0.322680	125.00
0.322700	125.00
0.322720	125.00
0.322740	125.00
0.322760	125.00
0.322780	125.00
0.322800	124.00
0.322820	124.00
0.322840	124.00
0.322860	125.00
0.322880	125.00
0.322900	124.00
0.322920	124.00
0.322940	124.00
0.322960	125.00
0.322980	125.00
0.323000	124.00
0.323020	124.00
0.323040	124.00
0.323060	125.00
0.323080	125.00
0.323100	125.00
0.323120	125.00
0.323140	125.00
0.323160	126.00
0.323180	126.00
0.323200	125.00
0.323220	125.00
0.323240	125.00
0.323260	126.00
0.323280	126.00
0.323300	125.00
0.323320	124.00
0.323340	124.00
0.323360	124.00
0.323380	125.00
0.323400	124.00
0.323420	124.00
0.323440	124.00
0.323460	124.00
0.323480	125.00
0.323500	124.00
0.323520	124.00
0.323540	124.00
0.323560	125.00
0.323580	125.00
0.323600	125.00
0.323620	125.00
0.323640	125.00
0.323660	125.00
0.323680	125.00
0.323700	125.00
0.323720	124.00
0.323740	125.00
0.323760	125.00
0.323780	125.00
0.323800	125.00
0.323820	124.00
0.323840	125.00
0.323860	125.00
0.323880	126.00
0.323900	125.00
0.323920	125.00
0.323940	125.00
0.323960	125.00
0.323980	125.00
0.324000	124.00
0.324020	124.00
0.324040	124.00
0.324060	125.00
0.324080	125.00
0.324100	125.00
0.324120	125.00
0.324140	125.00
0.324160	125.00
0.324180	125.00
0.324200	124.00
0.324220	124.00
0.324240	124.00
0.324260	125.00
0.324280	125.00
0.324300	125.00
0.324320	124.00
0.324340	124.00
0.324360	124.00
0.324380	125.00
0.324400	124.00
0.324420	124.00
0.324440	124.00
0.324460	125.00
0.324480	125.00
0.324500	125.00
0.324520	124.00
0.324540	124.00
0.324560	125.00
0.324580	126.00
0.324600	125.00
0.324620	125.00
0.324640	125.00
0.324660	125.00
0.324680	125.00
0.324700	124.00
0.324720	124.00
0.324740	124.00
0.324760	124.00
0.324780	125.00
0.324800	124.00
0.324820	124.00
0.324840	124.00
0.324860	124.00
0.324880	125.00
0.324900	124.00
0.324920	124.00
0.324940	124.00
0.324960	124.00
0.324980	125.00
0.325000	125.00
0.325020	125.00
0.325040	125.00
0.325060	125.00
0.325080	125.00
0.325100	125.00
0.325120	125.00
0.325140	125.00
0.325160	125.00
0.325180	125.00
0.325200	124.00
0.325220	124.00
0.325240	124.00
0.325260	125.00
0.325280	125.00
0.325300	125.00
0.325320	124.00
0.325340	124.00
0.325360	125.00
0.325380	125.00
0.325400	124.00
0.325420	124.00
0.325440	123.00
0.325460	123.00
0.325480	122.00
0.325500	121.00
0.325520	120.00
0.325540	120.00
0.325560	121.00
0.325580	123.00
0.325600	125.00
0.325620	127.00
0.325640	131.00
0.325660	136.00
0.325680	140.00
0.325700	144.00
0.325720	145.00
0.325740	146.00
0.325760	144.00
0.325780	138.00
0.325800	129.00
0.325820	118.00
0.325840	107.00
0.325860	98.00
0.325880	91.00
0.325900	84.00
0.325920	80.00
0.325940	78.00
0.325960	81.00
0.325980	90.00
0.326000	102.00
0.326020	118.00
0.326040	137.00
0.326060	156.00
0.326080	173.00
0.326100	185.00
0.326120	192.00
0.326140	195.00
0.326160	195.00
0.326180	190.00
0.326200	178.00
0.326220	159.00
0.326240	134.00
0.326260	105.00
0.326280	74.00
0.326300	44.00
0.326320	20.00
0.326340	5.00
0.326360	1.00
0.326380	6.00
0.326400	21.00
0.326420	48.00
0.326440	85.00
0.326460	132.00
0.326480	181.00
0.326500	220.00
0.326520	245.00
0.326540	255.00
0.326560	255.00
0.326580	254.00
0.326600	244.00
0.326620	222.00
0.326640	182.00
0.326660	126.00
0.326680	66.00
0.326700	18.00
0.326720	0.00
0.326740	0.00
0.326760	5.00
0.326780	7.00
0.326800	0.00
0.326820	0.00
0.326840	7.00
0.326860	52.00
0.326880	119.00
0.326900	187.00
0.326920	235.00
0.326940	255.00
0.326960	255.00
0.326980	255.00
0.327000	255.00
0.327020	255.00
0.327040	244.00
0.327060	216.00
0.327080	167.00
0.327100	107.00
0.327120	49.00
0.327140	10.00
0.327160	0.00
0.327180	0.00
0.327200	5.00
0.327220	4.00
0.327240	0.00
0.327260	0.00
0.327280	23.00
0.327300	69.00
0.327320	126.00
0.327340	179.00
0.327360	217.00
0.327380	238.00
0.327400	247.00
0.327420	249.00
0.327440	245.00
0.327460	233.00
0.327480	213.00
0.327500	186.00
0.327520	152.00
0.327540	116.00
0.327560	81.00
0.327580	50.00
0.327600	27.00
0.327620	14.00
0.327640	11.00
0.327660	17.00
0.327680	32.00
0.327700	54.00
0.327720	80.00
0.327740	107.00
0.327760	135.00
0.327780	159.00
0.327800	178.00
0.327820	191.00
0.327840	197.00
0.327860	197.00
0.327880	191.00
0.327900	180.00
0.327920	166.00
0.327940	149.00
0.327960	132.00
0.327980	115.00
0.328000	100.00
0.328020	88.00
0.328040	80.00
0.328060	76.00
0.328080	77.00
0.328100	82.00
0.328120	90.00
0.328140	100.00
0.328160	111.00
0.328180	122.00
0.328200	133.00
0.328220	142.00
0.328240	149.00
0.328260	154.00
0.328280	155.00
0.328300	153.00
0.328320	150.00
0.328340	145.00
0.328360	139.00
0.328380	132.00
0.328400	125.00
0.328420	118.00
0.328440	112.00
0.328460	108.00
0.328480	106.00
0.328500	106.00
0.328520	107.00
0.328540	110.00
0.328560	113.00
0.328580	117.00
0.328600	122.00
0.328620	126.00
0.328640	130.00
0.328660	133.00
0.328680	135.00
0.328700	137.00
0.328720	137.00
0.328740	137.00
0.328760	135.00
0.328780	132.00
0.328800	129.00
0.328820	126.00
0.328840	124.00
0.328860	121.00
0.328880	119.00
0.328900	118.00
0.328920	118.00
0.328940	118.00
0.328960	119.00
0.328980	120.00
0.329000	121.00
0.329020	122.00
0.329040	124.00
0.329060	125.00
0.329080	126.00
0.329100	127.00
0.329120	128.00
0.329140	129.00
0.329160	130.00
0.329180	130.00
0.329200	129.00
0.329220	128.00
0.329240	127.00
0.329260	125.00
0.329280	124.00
0.329300	123.00
0.329320	122.00
0.329340	122.00
0.329360	122.00
0.329380	122.00
0.329400	122.00
0.329420	123.00
0.329440	124.00
0.329460	125.00
0.329480	125.00
0.329500	126.00
0.329520	126.00
0.329540	127.00
0.329560	127.00
0.329580	127.00
0.329600	127.00
0.329620	127.00
0.329640	127.00
0.329660	127.00
0.329680	126.00
0.329700	126.00
0.329720	125.00
0.329740	124.00
0.329760	124.00
0.329780	123.00
0.329800	124.00
0.329820	124.00
0.329840	124.00
0.329860	124.00
0.329880	125.00
0.329900	125.00
0.329920	125.00
0.329940	126.00
0.329960	126.00
0.329980	126.00
0.330000	126.00
0.330020	126.00
0.330040	126.00
0.330060	126.00
0.330080	126.00
0.330100	125.00
0.330120	125.00
0.330140	125.00
0.330160	124.00
0.330180	124.00
0.330200	124.00
0.330220	125.00
0.330240	125.00
0.330260	125.00
0.330280	125.00
0.330300	125.00
0.330320	125.00
0.330340	126.00
0.330360	126.00
0.330380	126.00
0.330400	125.00
0.330420	125.00
0.330440	125.00
0.330460	125.00
0.330480	125.00
0.330500	125.00
0.330520	125.00
0.330540	125.00
0.330560	125.00
0.330580	125.00
0.330600	125.00
0.330620	125.00
0.330640	125.00
0.330660	125.00
0.330680	125.00
0.330700	125.00
0.330720	125.00
0.330740	125.00
0.330760	125.00
0.330780	125.00
0.330800	126.00
0.330820	126.00
0.330840	125.00
0.330860	125.00
0.330880	124.00
0.330900	124.00
0.330920	124.00
0.330940	125.00
0.330960	125.00
0.330980	125.00
0.331000	125.00
0.331020	125.00
0.331040	125.00
0.331060	125.00
0.331080	125.00
0.331100	125.00
0.331120	125.00
0.331140	125.00
0.331160	125.00
0.331180	125.00
0.331200	125.00
0.331220	125.00
0.331240	125.00
0.331260	125.00
0.331280	125.00
0.331300	125.00
0.331320	125.00
0.331340	125.00
0.331360	125.00
0.331380	125.00
0.331400	125.00
0.331420	125.00
0.331440	125.00
0.331460	125.00
0.331480	125.00
0.331500	125.00
0.331520	125.00
0.331540	125.00
0.331560	125.00
0.331580	125.00
0.331600	125.00
0.331620	125.00
0.331640	125.00
0.331660	126.00
0.331680	126.00
0.331700	126.00
0.331720	126.00
0.331740	126.00
0.331760	126.00
0.331780	126.00
0.331800	125.00
0.331820	124.00
0.331840	123.00
0.331860	122.00
0.331880	121.00
0.331900	120.00
0.331920	119.00
0.331940	119.00
0.331960	120.00
0.331980	122.00
0.332000	124.00
0.332020	126.00
0.332040	129.00
0.332060	131.00
0.332080	133.00
0.332100	134.00
0.332120	135.00
0.332140	135.00
0.332160	134.00
0.332180	132.00
0.332200	128.00
0.332220	124.00
0.332240	120.00
0.332260	116.00
0.332280	113.00
0.332300	111.00
0.332320	110.00
0.332340	109.00
0.332360	110.00
0.332380	111.00
0.332400	114.00
0.332420	118.00
0.332440	124.00
0.332460	131.00
0.332480	137.00
0.332500	143.00
0.332520	148.00
0.332540	151.00
0.332560	152.00
0.332580	151.00
0.332600	147.00
0.332620	140.00
0.332640	131.00
0.332660	120.00
0.332680	108.00
0.332700	97.00
0.332720	88.00
0.332740	83.00
0.332760	81.00
0.332780	83.00
0.332800	90.00
0.332820	100.00
0.332840	113.00
0.332860	127.00
0.332880	142.00
0.332900	156.00
0.332920	167.00
0.332940	175.00
0.332960	178.00
0.332980	176.00
0.333000	170.00
0.333020	159.00
0.333040	146.00
0.333060	130.00
0.333080	114.00
0.333100	99.00
0.333120	87.00
0.333140	79.00
0.333160	74.00
0.333180	74.00
0.333200	78.00
0.333220	87.00
0.333240	98.00
0.333260	112.00
0.333280	126.00
0.333300	139.00
0.333320	150.00
0.333340	159.00
0.333360	164.00
0.333380	165.00
0.333400	163.00
0.333420	158.00
0.333440	150.00
0.333460	141.00
0.333480	131.00
0.333500	121.00
0.333520	112.00
0.333540	105.00
0.333560	100.00
0.333580	99.00
0.333600	99.00
0.333620	101.00
0.333640	105.00
0.333660	111.00
0.333680	117.00
0.333700	124.00
0.333720	130.00
0.333740	135.00
0.333760	139.00
0.333780	142.00
0.333800	142.00
0.333820	141.00
0.333840	139.00
0.333860	135.00
0.333880	131.00
0.333900	127.00
0.333920	123.00
0.333940	120.00
0.333960	118.00
0.333980	116.00
0.334000	115.00
0.334020	116.00
0.334040	117.00
0.334060	118.00
0.334080	120.00
0.334100	123.00
0.334120	125.00
0.334140	127.00
0.334160	129.00
0.334180	130.00
0.334200	131.00
0.334220	131.00
0.334240	131.00
0.334260	131.00
0.334280	130.00
0.334300	128.00
0.334320	126.00
0.334340	125.00
0.334360	123.00
0.334380	122.00
0.334400	121.00
0.334420	121.00
0.334440	121.00
0.334460	122.00
0.334480	122.00
0.334500	123.00
0.334520	124.00
0.334540	124.00
0.334560	125.00
0.334580	126.00
0.334600	126.00
0.334620	127.00
0.334640	127.00
0.334660	127.00
0.334680	127.00
0.334700	127.00
0.334720	127.00
0.334740	126.00
0.334760	125.00
0.334780	124.00
0.334800	124.00
0.334820	123.00
0.334840	124.00
0.334860	124.00
0.334880	124.00
0.334900	124.00
0.334920	124.00
0.334940	124.00
0.334960	124.00
0.334980	125.00
0.335000	125.00
0.335020	125.00
0.335040	125.00
0.335060	125.00
0.335080	125.00
0.335100	125.00
0.335120	125.00
0.335140	125.00
0.335160	125.00
0.335180	125.00
0.335200	125.00
0.335220	125.00
0.335240	125.00
0.335260	125.00
0.335280	125.00
0.335300	125.00
0.335320	125.00
0.335340	125.00
0.335360	125.00
0.335380	125.00
0.335400	125.00
0.335420	125.00
0.335440	125.00
0.335460	125.00
0.335480	126.00
0.335500	126.00
0.335520	126.00
0.335540	125.00
0.335560	125.00
0.335580	125.00
0.335600	125.00
0.335620	125.00
0.335640	125.00
0.335660	125.00
0.335680	124.00
0.335700	124.00
0.335720	124.00
0.335740	125.00
0.335760	125.00
0.335780	125.00
0.335800	125.00
0.335820	125.00
0.335840	125.00
0.335860	125.00
0.335880	125.00
0.335900	125.00
0.335920	125.00
0.335940	124.00
0.335960	124.00
0.335980	124.00
0.336000	124.00
0.336020	124.00
0.336040	125.00
0.336060	125.00
0.336080	125.00
0.336100	125.00
0.336120	125.00
0.336140	125.00
0.336160	126.00
0.336180	126.00
0.336200	126.00
0.336220	126.00
0.336240	125.00
0.336260	125.00
0.336280	125.00
0.336300	125.00
0.336320	124.00
0.336340	124.00
0.336360	123.00
0.336380	123.00
0.336400	123.00
0.336420	123.00
0.336440	124.00
0.336460	124.00
0.336480	124.00
0.336500	125.00
0.336520	125.00
0.336540	126.00
0.336560	126.00
0.336580	126.00
0.336600	126.00
0.336620	127.00
0.336640	127.00
0.336660	127.00
0.336680	127.00
0.336700	126.00
0.336720	125.00
0.336740	125.00
0.336760	125.00
0.336780	125.00
0.336800	124.00
0.336820	124.00
0.336840	124.00
0.336860	124.00
0.336880	124.00
0.336900	124.00
0.336920	124.00
0.336940	124.00
0.336960	125.00
0.336980	125.00
0.337000	125.00
0.337020	125.00
0.337040	126.00
0.337060	126.00
0.337080	126.00
0.337100	126.00
0.337120	125.00
0.337140	125.00
0.337160	125.00
0.337180	125.00
0.337200	125.00
0.337220	125.00
0.337240	124.00
0.337260	124.00
0.337280	124.00
0.337300	124.00
0.337320	124.00
0.337340	125.00
0.337360	125.00
0.337380	125.00
0.337400	125.00
0.337420	125.00
0.337440	125.00
0.337460	125.00
0.337480	125.00
0.337500	125.00
0.337520	125.00
0.337540	125.00
0.337560	125.00
0.337580	125.00
0.337600	125.00
0.337620	125.00
0.337640	125.00
0.337660	125.00
0.337680	125.00
0.337700	125.00
0.337720	125.00
0.337740	125.00
0.337760	125.00
0.337780	125.00
0.337800	125.00
0.337820	125.00
0.337840	125.00
0.337860	125.00
0.337880	125.00
0.337900	125.00
0.337920	125.00
0.337940	125.00
0.337960	125.00
0.337980	125.00
0.338000	125.00
0.338020	125.00
0.338040	124.00
0.338060	124.00
0.338080	123.00
0.338100	123.00
0.338120	122.00
0.338140	122.00
0.338160	123.00
0.338180	124.00
0.338200	125.00
0.338220	126.00
0.338240	128.00
0.338260	129.00
0.338280	130.00
0.338300	131.00
0.338320	131.00
0.338340	131.00
0.338360	130.00
0.338380	129.00
0.338400	127.00
0.338420	126.00
0.338440	124.00
0.338460	122.00
0.338480	120.00
0.338500	118.00
0.338520	117.00
0.338540	116.00
0.338560	115.00
0.338580	116.00
0.338600	117.00
0.338620	118.00
0.338640	121.00
0.338660	125.00
0.338680	130.00
0.338700	134.00
0.338720	138.00
0.338740	140.00
0.338760	142.00
0.338780	142.00
0.338800	140.00
0.338820	137.00
0.338840	131.00
0.338860	125.00
0.338880	119.00
0.338900	113.00
0.338920	107.00
0.338940	103.00
0.338960	101.00
0.338980	101.00
0.339000	104.00
0.339020	108.00
0.339040	114.00
0.339060	121.00
0.339080	129.00
0.339100	136.00
0.339120	143.00
0.339140	148.00
0.339160	151.00
0.339180	152.00
0.339200	151.00
0.339220	148.00
0.339240	144.00
0.339260	137.00
0.339280	130.00
0.339300	122.00
0.339320	114.00
0.339340	107.00
0.339360	102.00
0.339380	98.00
0.339400	96.00
0.339420	97.00
0.339440	100.00
0.339460	105.00
0.339480	111.00
0.339500	118.00
0.339520	125.00
0.339540	132.00
0.339560	138.00
0.339580	143.00
0.339600	147.00
0.339620	149.00
0.339640	149.00
0.339660	147.00
0.339680	143.00
0.339700	138.00
0.339720	132.00
0.339740	127.00
0.339760	121.00
0.339780	116.00
0.339800	112.00
0.339820	109.00
0.339840	107.00
0.339860	107.00
0.339880	108.00
0.339900	110.00
0.339920	113.00
0.339940	118.00
0.339960	122.00
0.339980	126.00
0.340000	130.00
0.340020	133.00
0.340040	136.00
0.340060	138.00
0.340080	138.00
0.340100	137.00
0.340120	135.00
0.340140	133.00
0.340160	130.00
0.340180	128.00
0.340200	125.00
0.340220	122.00
0.340240	120.00
0.340260	118.00
0.340280	117.00
0.340300	116.00
0.340320	116.00
0.340340	117.00
0.340360	119.00
0.340380	120.00
0.340400	123.00
0.340420	125.00
0.340440	126.00
0.340460	128.00
0.340480	130.00
0.340500	130.00
0.340520	131.00
0.340540	130.00
0.340560	130.00
0.340580	129.00
0.340600	127.00
0.340620	126.00
0.340640	125.00
0.340660	124.00
0.340680	123.00
0.340700	122.00
0.340720	121.00
0.340740	121.00
0.340760	121.00
0.340780	122.00
0.340800	123.00
0.340820	124.00
0.340840	124.00
0.340860	125.00
0.340880	126.00
0.340900	127.00
0.340920	127.00
0.340940	127.00
0.340960	127.00
0.340980	127.00
0.341000	127.00
0.341020	127.00
0.341040	126.00
0.341060	125.00
0.341080	124.00
0.341100	124.00
0.341120	124.00
0.341140	124.00
0.341160	124.00
0.341180	124.00
0.341200	124.00
0.341220	124.00
0.341240	124.00
0.341260	125.00
0.341280	125.00
0.341300	125.00
0.341320	125.00
0.341340	125.00
0.341360	125.00
0.341380	125.00
0.341400	125.00
0.341420	125.00
0.341440	125.00
0.341460	125.00
0.341480	125.00
0.341500	125.00
0.341520	125.00
0.341540	124.00
0.341560	125.00
0.341580	125.00
0.341600	124.00
0.341620	124.00
0.341640	124.00
0.341660	125.00
0.341680	125.00
0.341700	125.00
0.341720	125.00
0.341740	125.00
0.341760	125.00
0.341780	125.00
0.341800	125.00
0.341820	125.00
0.341840	125.00
0.341860	126.00
0.341880	126.00
0.341900	127.00
0.341920	126.00
0.341940	126.00
0.341960	125.00
0.341980	125.00
0.342000	125.00
0.342020	125.00
0.342040	124.00
0.342060	124.00
0.342080	124.00
0.342100	124.00
0.342120	124.00
0.342140	124.00
0.342160	124.00
0.342180	124.00
0.342200	125.00
0.342220	125.00
0.342240	125.00
0.342260	125.00
0.342280	125.00
0.342300	125.00
0.342320	126.00
0.342340	126.00
0.342360	127.00
0.342380	127.00
0.342400	126.00
0.342420	126.00
0.342440	125.00
0.342460	125.00
0.342480	125.00
0.342500	124.00
0.342520	124.00
0.342540	124.00
0.342560	124.00
0.342580	124.00
0.342600	124.00
0.342620	124.00
0.342640	124.00
0.342660	125.00
0.342680	125.00
0.342700	126.00
0.342720	126.00
0.342740	126.00
0.342760	126.00
0.342780	126.00
0.342800	126.00
0.342820	126.00
0.342840	126.00
0.342860	125.00
0.342880	125.00
0.342900	124.00
0.342920	124.00
0.342940	124.00
0.342960	124.00
0.342980	124.00
0.343000	124.00
0.343020	124.00
0.343040	124.00
0.343060	124.00
0.343080	124.00
0.343100	125.00
0.343120	125.00
0.343140	125.00
0.343160	125.00
0.343180	125.00
0.343200	125.00
0.343220	125.00
0.343240	125.00
0.343260	125.00
0.343280	126.00
0.343300	126.00
0.343320	125.00
0.343340	125.00
0.343360	125.00
0.343380	125.00
0.343400	125.00
0.343420	125.00
0.343440	125.00
0.343460	125.00
0.343480	125.00
0.343500	125.00
0.343520	125.00
0.343540	124.00
0.343560	124.00
0.343580	124.00
0.343600	124.00
0.343620	125.00
0.343640	125.00
0.343660	125.00
0.343680	125.00
0.343700	125.00
0.343720	125.00
0.343740	125.00
0.343760	125.00
0.343780	125.00
0.343800	125.00
0.343820	124.00
0.343840	124.00
0.343860	124.00
0.343880	124.00
0.343900	125.00
0.343920	125.00
0.343940	125.00
0.343960	125.00
0.343980	125.00
0.344000	125.00
0.344020	125.00
0.344040	125.00
0.344060	125.00
0.344080	125.00
0.344100	125.00
0.344120	125.00
0.344140	125.00
0.344160	125.00
0.344180	125.00
0.344200	125.00
0.344220	124.00
0.344240	124.00
0.344260	124.00
0.344280	124.00
0.344300	123.00
0.344320	123.00
0.344340	123.00
0.344360	124.00
0.344380	124.00
0.344400	124.00
0.344420	125.00
0.344440	126.00
0.344460	127.00
0.344480	128.00
0.344500	128.00
0.344520	128.00
0.344540	128.00
0.344560	128.00
0.344580	128.00
0.344600	127.00
0.344620	126.00
0.344640	124.00
0.344660	123.00
0.344680	122.00
0.344700	121.00
0.344720	119.00
0.344740	118.00
0.344760	117.00
0.344780	117.00
0.344800	118.00
0.344820	120.00
0.344840	122.00
0.344860	125.00
0.344880	128.00
0.344900	131.00
0.344920	134.00
0.344940	136.00
0.344960	137.00
0.344980	137.00
0.345000	136.00
0.345020	133.00
0.345040	130.00
0.345060	126.00
0.345080	121.00
0.345100	116.00
0.345120	112.00
0.345140	109.00
0.345160	107.00
0.345180	107.00
0.345200	108.00
0.345220	111.00
0.345240	115.00
0.345260	120.00
0.345280	125.00
0.345300	131.00
0.345320	137.00
0.345340	142.00
0.345360	146.00
0.345380	148.00
0.345400	148.00
0.345420	146.00
0.345440	142.00
0.345460	137.00
0.345480	131.00
0.345500	123.00
0.345520	116.00
0.345540	109.00
0.345560	103.00
0.345580	99.00
0.345600	98.00
0.345620	98.00
0.345640	101.00
0.345660	106.00
0.345680	113.00
0.345700	120.00
0.345720	128.00
0.345740	135.00
0.345760	141.00
0.345780	146.00
0.345800	149.00
0.345820	150.00
0.345840	148.00
0.345860	145.00
0.345880	141.00
0.345900	135.00
0.345920	128.00
0.345940	122.00
0.345960	116.00
0.345980	111.00
0.346000	107.00
0.346020	105.00
0.346040	105.00
0.346060	106.00
0.346080	109.00
0.346100	114.00
0.346120	119.00
0.346140	124.00
0.346160	129.00
0.346180	133.00
0.346200	137.00
0.346220	139.00
0.346240	140.00
0.346260	140.00
0.346280	139.00
0.346300	136.00
0.346320	132.00
0.346340	129.00
0.346360	125.00
0.346380	121.00
0.346400	118.00
0.346420	116.00
0.346440	115.00
0.346460	115.00
0.346480	115.00
0.346500	116.00
0.346520	118.00
0.346540	120.00
0.346560	123.00
0.346580	125.00
0.346600	128.00
0.346620	129.00
0.346640	131.00
0.346660	131.00
0.346680	132.00
0.346700	131.00
0.346720	130.00
0.346740	129.00
0.346760	128.00
0.346780	126.00
0.346800	124.00
0.346820	123.00
0.346840	122.00
0.346860	121.00
0.346880	120.00
0.346900	121.00
0.346920	121.00
0.346940	122.00
0.346960	123.00
0.346980	123.00
0.347000	124.00
0.347020	125.00
0.347040	126.00
0.347060	127.00
0.347080	128.00
0.347100	128.00
0.347120	128.00
0.347140	128.00
0.347160	127.00
0.347180	126.00
0.347200	126.00
0.347220	125.00
0.347240	124.00
0.347260	124.00
0.347280	123.00
0.347300	123.00
0.347320	123.00
0.347340	123.00
0.347360	123.00
0.347380	123.00
0.347400	124.00
0.347420	125.00
0.347440	125.00
0.347460	126.00
0.347480	126.00
0.347500	126.00
0.347520	126.00
0.347540	126.00
0.347560	126.00
0.347580	126.00
0.347600	125.00
0.347620	125.00
0.347640	125.00
0.347660	125.00
0.347680	125.00
0.347700	125.00
0.347720	124.00
0.347740	124.00
0.347760	124.00
0.347780	124.00
0.347800	124.00
0.347820	124.00
0.347840	124.00
0.347860	125.00
0.347880	125.00
0.347900	125.00
0.347920	125.00
0.347940	125.00
0.347960	125.00
0.347980	125.00
0.348000	125.00
0.348020	125.00
0.348040	125.00
0.348060	125.00
0.348080	125.00
0.348100	125.00
0.348120	125.00
0.348140	125.00
0.348160	125.00
0.348180	125.00
0.348200	125.00
0.348220	125.00
0.348240	125.00
0.348260	125.00
0.348280	125.00
0.348300	124.00
0.348320	124.00
0.348340	124.00
0.348360	124.00
0.348380	124.00
0.348400	125.00
0.348420	126.00
0.348440	126.00
0.348460	126.00
0.348480	126.00
0.348500	125.00
0.348520	125.00
0.348540	126.00
0.348560	125.00
0.348580	125.00
0.348600	125.00
0.348620	124.00
0.348640	124.00
0.348660	124.00
0.348680	124.00
0.348700	124.00
0.348720	124.00
0.348740	124.00
0.348760	124.00
0.348780	124.00
0.348800	124.00
0.348820	124.00
0.348840	125.00
0.348860	126.00
0.348880	127.00
0.348900	127.00
0.348920	127.00
0.348940	126.00
0.348960	126.00
0.348980	126.00
0.349000	126.00
0.349020	125.00
0.349040	125.00
0.349060	125.00
0.349080	125.00
0.349100	124.00
0.349120	124.00
0.349140	124.00
0.349160	124.00
0.349180	124.00
0.349200	125.00
0.349220	125.00
0.349240	125.00
0.349260	125.00
0.349280	125.00
0.349300	125.00
0.349320	126.00
0.349340	126.00
0.349360	126.00
0.349380	126.00
0.349400	125.00
0.349420	125.00
0.349440	125.00
0.349460	125.00
0.349480	125.00
0.349500	124.00
0.349520	124.00
0.349540	124.00
0.349560	124.00
0.349580	125.00
0.349600	125.00
0.349620	125.00
0.349640	125.00
0.349660	125.00
0.349680	125.00
0.349700	125.00
0.349720	125.00
0.349740	125.00
0.349760	125.00
0.349780	125.00
0.349800	125.00
0.349820	125.00
0.349840	125.00
0.349860	125.00
0.349880	124.00
0.349900	124.00
0.349920	124.00
0.349940	124.00
0.349960	125.00
0.349980	125.00
0.350000	125.00
0.350020	125.00
0.350040	125.00
0.350060	125.00
0.350080	125.00
0.350100	125.00
0.350120	125.00
0.350140	125.00
0.350160	125.00
0.350180	125.00
0.350200	125.00
0.350220	124.00
0.350240	124.00
0.350260	124.00
0.350280	125.00
0.350300	125.00
0.350320	125.00
0.350340	125.00
0.350360	125.00
0.350380	125.00
0.350400	125.00
0.350420	124.00
0.350440	124.00
0.350460	124.00
0.350480	124.00
0.350500	124.00
0.350520	124.00
0.350540	124.00
0.350560	124.00
0.350580	124.00
0.350600	125.00
0.350620	125.00
0.350640	126.00
0.350660	127.00
0.350680	127.00
0.350700	127.00
0.350720	127.00
0.350740	127.00
0.350760	127.00
0.350780	127.00
0.350800	126.00
0.350820	124.00
0.350840	124.00
0.350860	123.00
0.350880	122.00
0.350900	122.00
0.350920	121.00
0.350940	120.00
0.350960	120.00
0.350980	120.00
0.351000	121.00
0.351020	123.00
0.351040	124.00
0.351060	127.00
0.351080	129.00
0.351100	130.00
0.351120	131.00
0.351140	132.00
0.351160	133.00
0.351180	133.00
0.351200	132.00
0.351220	131.00
0.351240	128.00
0.351260	125.00
0.351280	122.00
0.351300	118.00
0.351320	115.00
0.351340	113.00
0.351360	112.00
0.351380	112.00
0.351400	114.00
0.351420	116.00
0.351440	119.00
0.351460	123.00
0.351480	128.00
0.351500	132.00
0.351520	136.00
0.351540	140.00
0.351560	142.00
0.351580	143.00
0.351600	141.00
0.351620	139.00
0.351640	135.00
0.351660	131.00
0.351680	125.00
0.351700	120.00
0.351720	115.00
0.351740	110.00
0.351760	107.00
0.351780	106.00
0.351800	106.00
0.351820	108.00
0.351840	111.00
0.351860	115.00
0.351880	121.00
0.351900	126.00
0.351920	131.00
0.351940	136.00
0.351960	139.00
0.351980	141.00
0.352000	142.00
0.352020	141.00
0.352040	139.00
0.352060	136.00
0.352080	131.00
0.352100	127.00
0.352120	123.00
0.352140	119.00
0.352160	115.00
0.352180	113.00
0.352200	111.00
0.352220	111.00
0.352240	113.00
0.352260	115.00
0.352280	118.00
0.352300	122.00
0.352320	125.00
0.352340	128.00
0.352360	131.00
0.352380	133.00
0.352400	134.00
0.352420	134.00
0.352440	133.00
0.352460	132.00
0.352480	130.00
0.352500	128.00
0.352520	126.00
0.352540	124.00
0.352560	122.00
0.352580	120.00
0.352600	119.00
0.352620	119.00
0.352640	119.00
0.352660	120.00
0.352680	120.00
0.352700	121.00
0.352720	122.00
0.352740	124.00
0.352760	126.00
0.352780	127.00
0.352800	128.00
0.352820	128.00
0.352840	128.00
0.352860	128.00
0.352880	128.00
0.352900	127.00
0.352920	126.00
0.352940	125.00
0.352960	124.00
0.352980	124.00
0.353000	123.00
0.353020	123.00
0.353040	123.00
0.353060	122.00
0.353080	122.00
0.353100	123.00
0.353120	123.00
0.353140	124.00
0.353160	124.00
0.353180	125.00
0.353200	125.00
0.353220	126.00
0.353240	126.00
0.353260	126.00
0.353280	126.00
0.353300	126.00
0.353320	126.00
0.353340	126.00
0.353360	125.00
0.353380	124.00
0.353400	124.00
0.353420	124.00
0.353440	124.00
0.353460	124.00
0.353480	123.00
0.353500	123.00
0.353520	123.00
0.353540	123.00
0.353560	124.00
0.353580	125.00
0.353600	125.00
0.353620	125.00
0.353640	126.00
0.353660	126.00
0.353680	126.00
0.353700	126.00
0.353720	125.00
0.353740	125.00
0.353760	125.00
0.353780	125.00
0.353800	125.00
0.353820	125.00
0.353840	125.00
0.353860	125.00
0.353880	125.00
0.353900	125.00
0.353920	124.00
0.353940	124.00
0.353960	125.00
0.353980	125.00
0.354000	125.00
0.354020	125.00
0.354040	125.00
0.354060	125.00
0.354080	125.00
0.354100	125.00
0.354120	125.00
0.354140	125.00
0.354160	125.00
0.354180	125.00
0.354200	126.00
0.354220	126.00
0.354240	126.00
0.354260	125.00
0.354280	125.00
0.354300	125.00
0.354320	125.00
0.354340	125.00
0.354360	125.00
0.354380	125.00
0.354400	125.00
0.354420	125.00
0.354440	124.00
0.354460	124.00
0.354480	124.00
0.354500	124.00
0.354520	124.00
0.354540	124.00
0.354560	124.00
0.354580	124.00
0.354600	124.00
0.354620	124.00
0.354640	125.00
0.354660	125.00
0.354680	126.00
0.354700	126.00
0.354720	126.00
0.354740	126.00
0.354760	126.00
0.354780	126.00
0.354800	126.00
0.354820	126.00
0.354840	125.00
0.354860	125.00
0.354880	125.00
0.354900	124.00
0.354920	124.00
0.354940	124.00
0.354960	124.00
0.354980	125.00
0.355000	125.00
0.355020	125.00
0.355040	125.00
0.355060	125.00
0.355080	125.00
0.355100	125.00
0.355120	125.00
0.355140	125.00
0.355160	125.00
0.355180	125.00
0.355200	125.00
0.355220	125.00
0.355240	124.00
0.355260	124.00
0.355280	124.00
0.355300	124.00
0.355320	125.00
0.355340	125.00
0.355360	125.00
0.355380	125.00
0.355400	125.00
0.355420	124.00
0.355440	124.00
0.355460	125.00
0.355480	125.00
0.355500	125.00
0.355520	125.00
0.355540	124.00
0.355560	124.00
0.355580	125.00
0.355600	125.00
0.355620	125.00
0.355640	125.00
0.355660	125.00
0.355680	125.00
0.355700	125.00
0.355720	125.00
0.355740	125.00
0.355760	125.00
0.355780	125.00
0.355800	125.00
0.355820	125.00
0.355840	125.00
0.355860	125.00
0.355880	125.00
0.355900	124.00
0.355920	124.00
0.355940	124.00
0.355960	124.00
0.355980	125.00
0.356000	125.00
0.356020	125.00
0.356040	124.00
0.356060	124.00
0.356080	124.00
0.356100	125.00
0.356120	125.00
0.356140	126.00
0.356160	126.00
0.356180	126.00
0.356200	126.00
0.356220	126.00
0.356240	126.00
0.356260	125.00
0.356280	125.00
0.356300	124.00
0.356320	124.00
0.356340	124.00
0.356360	124.00
0.356380	124.00
0.356400	124.00
0.356420	124.00
0.356440	124.00
0.356460	124.00
0.356480	125.00
0.356500	125.00
0.356520	125.00
0.356540	125.00
0.356560	125.00
0.356580	125.00
0.356600	125.00
0.356620	124.00
0.356640	124.00
0.356660	124.00
0.356680	124.00
0.356700	124.00
0.356720	124.00
0.356740	124.00
0.356760	124.00
0.356780	124.00
0.356800	124.00
0.356820	125.00
0.356840	125.00
0.356860	126.00
0.356880	126.00
0.356900	126.00
0.356920	126.00
0.356940	126.00
0.356960	126.00
0.356980	126.00
0.357000	126.00
0.357020	125.00
0.357040	125.00
0.357060	124.00
0.357080	123.00
0.357100	123.00
0.357120	122.00
0.357140	121.00
0.357160	121.00
0.357180	122.00
0.357200	123.00
0.357220	124.00
0.357240	125.00
0.357260	125.00
0.357280	127.00
0.357300	128.00
0.357320	129.00
0.357340	130.00
0.357360	130.00
0.357380	130.00
0.357400	129.00
0.357420	128.00
0.357440	126.00
0.357460	124.00
0.357480	122.00
0.357500	120.00
0.357520	118.00
0.357540	117.00
0.357560	117.00
0.357580	117.00
0.357600	118.00
0.357620	120.00
0.357640	122.00
0.357660	125.00
0.357680	128.00
0.357700	131.00
0.357720	133.00
0.357740	134.00
0.357760	135.00
0.357780	135.00
0.357800	134.00
0.357820	133.00
0.357840	130.00
0.357860	127.00
0.357880	123.00
0.357900	120.00
0.357920	117.00
0.357940	115.00
0.357960	114.00
0.357980	114.00
0.358000	115.00
0.358020	116.00
0.358040	118.00
0.358060	121.00
0.358080	125.00
0.358100	128.00
0.358120	131.00
0.358140	133.00
0.358160	134.00
0.358180	134.00
0.358200	134.00
0.358220	133.00
0.358240	131.00
0.358260	129.00
0.358280	126.00
0.358300	124.00
0.358320	122.00
0.358340	120.00
0.358360	119.00
0.358380	118.00
0.358400	118.00
0.358420	119.00
0.358440	120.00
0.358460	121.00
0.358480	123.00
0.358500	124.00
0.358520	126.00
0.358540	127.00
0.358560	128.00
0.358580	129.00
0.358600	129.00
0.358620	129.00
0.358640	129.00
0.358660	128.00
0.358680	126.00
0.358700	125.00
0.358720	124.00
0.358740	124.00
0.358760	124.00
0.358780	124.00
0.358800	123.00
0.358820	123.00
0.358840	123.00
0.358860	124.00
0.358880	124.00
0.358900	125.00
0.358920	125.00
0.358940	125.00
0.358960	125.00
0.358980	125.00
0.359000	125.00
0.359020	125.00
0.359040	126.00
0.359060	126.00
0.359080	126.00
0.359100	126.00
0.359120	125.00
0.359140	125.00
0.359160	125.00
0.359180	125.00
0.359200	125.00
0.359220	124.00
0.359240	124.00
0.359260	125.00
0.359280	125.00
0.359300	125.00
0.359320	125.00
0.359340	125.00
0.359360	125.00
0.359380	126.00
0.359400	125.00
0.359420	125.00
0.359440	124.00
0.359460	124.00
0.359480	125.00
0.359500	125.00
0.359520	125.00
0.359540	125.00
0.359560	125.00
0.359580	125.00
0.359600	125.00
0.359620	125.00
0.359640	125.00
0.359660	124.00
0.359680	125.00
0.359700	125.00
0.359720	125.00
0.359740	124.00
0.359760	124.00
0.359780	124.00
0.359800	124.00
0.359820	124.00
0.359840	124.00
0.359860	124.00
0.359880	125.00
0.359900	125.00
0.359920	125.00
0.359940	125.00
0.359960	125.00
0.359980	125.00
