0.320000	101.00
0.320020	49.00
0.320040	101.00
0.320060	140.00
0.320080	142.00
0.320100	123.00
0.320120	111.00
0.320140	118.00
0.320160	130.00
0.320180	133.00
0.320200	124.00
0.320220	117.00
0.320240	121.00
0.320260	128.00
0.320280	130.00
0.320300	124.00
0.320320	119.00
0.320340	122.00
0.320360	128.00
0.320380	129.00
0.320400	125.00
0.320420	121.00
0.320440	123.00
0.320460	127.00
0.320480	128.00
0.320500	125.00
0.320520	122.00
0.320540	123.00
0.320560	127.00
0.320580	128.00
0.320600	125.00
0.320620	123.00
0.320640	123.00
0.320660	126.00
0.320680	126.00
0.320700	124.00
0.320720	122.00
0.320740	123.00
0.320760	126.00
0.320780	127.00
0.320800	124.00
0.320820	122.00
0.320840	123.00
0.320860	126.00
0.320880	127.00
0.320900	125.00
0.320920	124.00
0.320940	124.00
0.320960	126.00
0.320980	126.00
0.321000	124.00
0.321020	123.00
0.321040	123.00
0.321060	126.00
0.321080	126.00
0.321100	125.00
0.321120	123.00
0.321140	123.00
0.321160	125.00
0.321180	126.00
0.321200	124.00
0.321220	123.00
0.321240	123.00
0.321260	125.00
0.321280	126.00
0.321300	125.00
0.321320	124.00
0.321340	125.00
0.321360	126.00
0.321380	126.00
0.321400	125.00
0.321420	123.00
0.321440	124.00
0.321460	126.00
0.321480	126.00
0.321500	125.00
0.321520	124.00
0.321540	124.00
0.321560	125.00
0.321580	125.00
0.321600	124.00
0.321620	123.00
0.321640	124.00
0.321660	125.00
0.321680	126.00
0.321700	125.00
0.321720	124.00
0.321740	125.00
0.321760	126.00
0.321780	126.00
0.321800	125.00
0.321820	124.00
0.321840	124.00
0.321860	125.00
0.321880	125.00
0.321900	124.00
0.321920	124.00
0.321940	124.00
0.321960	125.00
0.321980	126.00
0.322000	125.00
0.322020	125.00
0.322040	125.00
0.322060	126.00
0.322080	126.00
0.322100	125.00
0.322120	124.00
0.322140	124.00
0.322160	125.00
0.322180	125.00
0.322200	124.00
0.322220	124.00
0.322240	125.00
0.322260	126.00
0.322280	126.00
0.322300	125.00
0.322320	125.00
0.322340	125.00
0.322360	126.00
0.322380	126.00
0.322400	125.00
0.322420	125.00
0.322440	125.00
0.322460	126.00
0.322480	126.00
0.322500	125.00
0.322520	124.00
0.322540	124.00
0.322560	125.00
0.322580	125.00
0.322600	124.00
0.322620	124.00
0.322640	124.00
0.322660	125.00
0.322680	125.00
0.322700	124.00
0.322720	124.00
0.322740	124.00
0.322760	125.00
0.322780	125.00
0.322800	124.00
0.322820	124.00
0.322840	124.00
0.322860	124.00
0.322880	125.00
0.322900	124.00
0.322920	124.00
0.322940	125.00
0.322960	125.00
0.322980	125.00
0.323000	124.00
0.323020	124.00
0.323040	124.00
0.323060	125.00
0.323080	125.00
0.323100	124.00
0.323120	124.00
0.323140	124.00
0.323160	125.00
0.323180	126.00
0.323200	125.00
0.323220	125.00
0.323240	125.00
0.323260	125.00
0.323280	125.00
0.323300	124.00
0.323320	124.00
0.323340	125.00
0.323360	126.00
0.323380	126.00
0.323400	125.00
0.323420	124.00
0.323440	124.00
0.323460	125.00
0.323480	125.00
0.323500	124.00
0.323520	124.00
0.323540	124.00
0.323560	125.00
0.323580	125.00
0.323600	125.00
0.323620	124.00
0.323640	124.00
0.323660	124.00
0.323680	125.00
0.323700	125.00
0.323720	124.00
0.323740	125.00
0.323760	125.00
0.323780	126.00
0.323800	125.00
0.323820	125.00
0.323840	125.00
0.323860	125.00
0.323880	125.00
0.323900	125.00
0.323920	124.00
0.323940	124.00
0.323960	124.00
0.323980	125.00
0.324000	125.00
0.324020	125.00
0.324040	125.00
0.324060	125.00
0.324080	125.00
0.324100	124.00
0.324120	124.00
0.324140	124.00
0.324160	125.00
0.324180	125.00
0.324200	125.00
0.324220	124.00
0.324240	125.00
0.324260	125.00
0.324280	125.00
0.324300	125.00
0.324320	124.00
0.324340	124.00
0.324360	125.00
0.324380	125.00
0.324400	124.00
0.324420	124.00
0.324440	124.00
0.324460	125.00
0.324480	125.00
0.324500	125.00
0.324520	124.00
0.324540	125.00
0.324560	125.00
0.324580	125.00
0.324600	125.00
0.324620	124.00
0.324640	124.00
0.324660	125.00
0.324680	126.00
0.324700	125.00
0.324720	125.00
0.324740	125.00
0.324760	125.00
0.324780	125.00
0.324800	125.00
0.324820	124.00
0.324840	124.00
0.324860	124.00
0.324880	125.00
0.324900	124.00
0.324920	124.00
0.324940	124.00
0.324960	125.00
0.324980	125.00
0.325000	125.00
0.325020	125.00
0.325040	124.00
0.325060	125.00
0.325080	125.00
0.325100	125.00
0.325120	125.00
0.325140	125.00
0.325160	125.00
0.325180	125.00
0.325200	124.00
0.325220	124.00
0.325240	125.00
0.325260	125.00
0.325280	125.00
0.325300	124.00
0.325320	124.00
0.325340	124.00
0.325360	125.00
0.325380	125.00
0.325400	124.00
0.325420	123.00
0.325440	123.00
0.325460	123.00
0.325480	122.00
0.325500	121.00
0.325520	120.00
0.325540	120.00
0.325560	122.00
0.325580	124.00
0.325600	126.00
0.325620	128.00
0.325640	131.00
0.325660	136.00
0.325680	140.00
0.325700	144.00
0.325720	146.00
0.325740	147.00
0.325760	145.00
0.325780	139.00
0.325800	129.00
0.325820	118.00
0.325840	107.00
0.325860	98.00
0.325880	90.00
0.325900	84.00
0.325920	79.00
0.325940	78.00
0.325960	81.00
0.325980	90.00
0.326000	102.00
0.326020	119.00
0.326040	138.00
0.326060	157.00
0.326080	173.00
0.326100	184.00
0.326120	191.00
0.326140	194.00
0.326160	194.00
0.326180	189.00
0.326200	177.00
0.326220	158.00
0.326240	133.00
0.326260	104.00
0.326280	73.00
0.326300	45.00
0.326320	21.00
0.326340	6.00
0.326360	1.00
0.326380	7.00
0.326400	23.00
0.326420	50.00
0.326440	89.00
0.326460	136.00
0.326480	183.00
0.326500	222.00
0.326520	245.00
0.326540	255.00
0.326560	255.00
0.326580	253.00
0.326600	242.00
0.326620	220.00
0.326640	179.00
0.326660	123.00
0.326680	64.00
0.326700	17.00
0.326720	0.00
0.326740	0.00
0.326760	5.00
0.326780	7.00
0.326800	0.00
0.326820	0.00
0.326840	8.00
0.326860	55.00
0.326880	123.00
0.326900	190.00
0.326920	236.00
0.326940	255.00
0.326960	255.00
0.326980	255.00
0.327000	255.00
0.327020	254.00
0.327040	242.00
0.327060	211.00
0.327080	161.00
0.327100	101.00
0.327120	45.00
0.327140	9.00
0.327160	0.00
0.327180	0.00
0.327200	5.00
0.327220	3.00
0.327240	0.00
0.327260	2.00
0.327280	28.00
0.327300	76.00
0.327320	134.00
0.327340	185.00
0.327360	220.00
0.327380	239.00
0.327400	247.00
0.327420	247.00
0.327440	242.00
0.327460	230.00
0.327480	209.00
0.327500	180.00
0.327520	145.00
0.327540	108.00
0.327560	73.00
0.327580	44.00
0.327600	23.00
0.327620	12.00
0.327640	11.00
0.327660	19.00
0.327680	36.00
0.327700	59.00
0.327720	86.00
0.327740	114.00
0.327760	141.00
0.327780	165.00
0.327800	183.00
0.327820	194.00
0.327840	199.00
0.327860	197.00
0.327880	190.00
0.327900	178.00
0.327920	162.00
0.327940	144.00
0.327960	125.00
0.327980	108.00
0.328000	94.00
0.328020	84.00
0.328040	78.00
0.328060	76.00
0.328080	78.00
0.328100	83.00
0.328120	92.00
0.328140	103.00
0.328160	114.00
0.328180	125.00
0.328200	136.00
0.328220	145.00
0.328240	151.00
0.328260	155.00
0.328280	156.00
0.328300	154.00
0.328320	150.00
0.328340	144.00
0.328360	137.00
0.328380	129.00
0.328400	122.00
0.328420	116.00
0.328440	111.00
0.328460	108.00
0.328480	106.00
0.328500	105.00
0.328520	107.00
0.328540	110.00
0.328560	114.00
0.328580	119.00
0.328600	123.00
0.328620	127.00
0.328640	131.00
0.328660	134.00
0.328680	136.00
0.328700	137.00
0.328720	137.00
0.328740	136.00
0.328760	135.00
0.328780	132.00
0.328800	129.00
0.328820	126.00
0.328840	123.00
0.328860	121.00
0.328880	120.00
0.328900	118.00
0.328920	118.00
0.328940	118.00
0.328960	118.00
0.328980	119.00
0.329000	121.00
0.329020	123.00
0.329040	125.00
0.329060	126.00
0.329080	128.00
0.329100	129.00
0.329120	130.00
0.329140	131.00
0.329160	130.00
0.329180	129.00
0.329200	128.00
0.329220	127.00
0.329240	126.00
0.329260	125.00
0.329280	124.00
0.329300	123.00
0.329320	122.00
0.329340	122.00
0.329360	122.00
0.329380	122.00
0.329400	123.00
0.329420	123.00
0.329440	124.00
0.329460	125.00
0.329480	126.00
0.329500	126.00
0.329520	127.00
0.329540	128.00
0.329560	128.00
0.329580	127.00
0.329600	127.00
0.329620	127.00
0.329640	126.00
0.329660	126.00
0.329680	125.00
0.329700	125.00
0.329720	124.00
0.329740	124.00
0.329760	124.00
0.329780	124.00
0.329800	124.00
0.329820	124.00
0.329840	124.00
0.329860	124.00
0.329880	124.00
0.329900	125.00
0.329920	126.00
0.329940	126.00
0.329960	126.00
0.329980	126.00
0.330000	126.00
0.330020	126.00
0.330040	126.00
0.330060	126.00
0.330080	126.00
0.330100	125.00
0.330120	125.00
0.330140	125.00
0.330160	125.00
0.330180	125.00
0.330200	124.00
0.330220	124.00
0.330240	124.00
0.330260	124.00
0.330280	124.00
0.330300	124.00
0.330320	124.00
0.330340	125.00
0.330360	125.00
0.330380	125.00
0.330400	125.00
0.330420	125.00
0.330440	125.00
0.330460	126.00
0.330480	126.00
0.330500	126.00
0.330520	126.00
0.330540	126.00
0.330560	126.00
0.330580	125.00
0.330600	125.00
0.330620	125.00
0.330640	125.00
0.330660	125.00
0.330680	125.00
0.330700	125.00
0.330720	124.00
0.330740	125.00
0.330760	125.00
0.330780	125.00
0.330800	125.00
0.330820	125.00
0.330840	126.00
0.330860	126.00
0.330880	126.00
0.330900	125.00
0.330920	125.00
0.330940	125.00
0.330960	125.00
0.330980	125.00
0.331000	124.00
0.331020	124.00
0.331040	125.00
0.331060	125.00
0.331080	125.00
0.331100	125.00
0.331120	125.00
0.331140	125.00
0.331160	125.00
0.331180	124.00
0.331200	124.00
0.331220	124.00
0.331240	124.00
0.331260	125.00
0.331280	125.00
0.331300	125.00
0.331320	125.00
0.331340	125.00
0.331360	125.00
0.331380	125.00
0.331400	125.00
0.331420	125.00
0.331440	125.00
0.331460	125.00
0.331480	125.00
0.331500	125.00
0.331520	125.00
0.331540	125.00
0.331560	125.00
0.331580	125.00
0.331600	125.00
0.331620	125.00
0.331640	126.00
0.331660	126.00
0.331680	126.00
0.331700	126.00
0.331720	126.00
0.331740	126.00
0.331760	126.00
0.331780	126.00
0.331800	125.00
0.331820	124.00
0.331840	123.00
0.331860	122.00
0.331880	121.00
0.331900	120.00
0.331920	120.00
0.331940	120.00
0.331960	120.00
0.331980	122.00
0.332000	124.00
0.332020	126.00
0.332040	129.00
0.332060	131.00
0.332080	133.00
0.332100	135.00
0.332120	135.00
0.332140	135.00
0.332160	133.00
0.332180	131.00
0.332200	128.00
0.332220	124.00
0.332240	120.00
0.332260	117.00
0.332280	114.00
0.332300	112.00
0.332320	110.00
0.332340	110.00
0.332360	110.00
0.332380	111.00
0.332400	113.00
0.332420	117.00
0.332440	123.00
0.332460	129.00
0.332480	136.00
0.332500	142.00
0.332520	147.00
0.332540	151.00
0.332560	152.00
0.332580	151.00
0.332600	147.00
0.332620	140.00
0.332640	132.00
0.332660	122.00
0.332680	111.00
0.332700	100.00
0.332720	91.00
0.332740	85.00
0.332760	83.00
0.332780	85.00
0.332800	91.00
0.332820	100.00
0.332840	112.00
0.332860	126.00
0.332880	140.00
0.332900	152.00
0.332920	163.00
0.332940	170.00
0.332960	173.00
0.332980	172.00
0.333000	167.00
0.333020	159.00
0.333040	148.00
0.333060	135.00
0.333080	121.00
0.333100	107.00
0.333120	95.00
0.333140	86.00
0.333160	80.00
0.333180	78.00
0.333200	80.00
0.333220	85.00
0.333240	93.00
0.333260	104.00
0.333280	116.00
0.333300	128.00
0.333320	138.00
0.333340	148.00
0.333360	155.00
0.333380	160.00
0.333400	161.00
0.333420	159.00
0.333440	155.00
0.333460	148.00
0.333480	141.00
0.333500	133.00
0.333520	125.00
0.333540	117.00
0.333560	111.00
0.333580	106.00
0.333600	103.00
0.333620	102.00
0.333640	102.00
0.333660	104.00
0.333680	108.00
0.333700	113.00
0.333720	118.00
0.333740	123.00
0.333760	128.00
0.333780	132.00
0.333800	135.00
0.333820	138.00
0.333840	140.00
0.333860	140.00
0.333880	139.00
0.333900	136.00
0.333920	133.00
0.333940	130.00
0.333960	126.00
0.333980	123.00
0.334000	120.00
0.334020	118.00
0.334040	117.00
0.334060	116.00
0.334080	117.00
0.334100	117.00
0.334120	119.00
0.334140	120.00
0.334160	122.00
0.334180	124.00
0.334200	125.00
0.334220	126.00
0.334240	128.00
0.334260	129.00
0.334280	130.00
0.334300	130.00
0.334320	130.00
0.334340	129.00
0.334360	128.00
0.334380	127.00
0.334400	125.00
0.334420	124.00
0.334440	123.00
0.334460	123.00
0.334480	123.00
0.334500	122.00
0.334520	122.00
0.334540	122.00
0.334560	123.00
0.334580	124.00
0.334600	124.00
0.334620	124.00
0.334640	125.00
0.334660	126.00
0.334680	126.00
0.334700	126.00
0.334720	126.00
0.334740	126.00
0.334760	127.00
0.334780	127.00
0.334800	126.00
0.334820	126.00
0.334840	125.00
0.334860	125.00
0.334880	125.00
0.334900	124.00
0.334920	123.00
0.334940	123.00
0.334960	124.00
0.334980	124.00
0.335000	124.00
0.335020	124.00
0.335040	124.00
0.335060	125.00
0.335080	125.00
0.335100	125.00
0.335120	125.00
0.335140	125.00
0.335160	126.00
0.335180	126.00
0.335200	126.00
0.335220	126.00
0.335240	126.00
0.335260	126.00
0.335280	126.00
0.335300	125.00
0.335320	125.00
0.335340	124.00
0.335360	124.00
0.335380	124.00
0.335400	124.00
0.335420	124.00
0.335440	124.00
0.335460	124.00
0.335480	125.00
0.335500	125.00
0.335520	125.00
0.335540	125.00
0.335560	125.00
0.335580	125.00
0.335600	125.00
0.335620	125.00
0.335640	125.00
0.335660	125.00
0.335680	126.00
0.335700	126.00
0.335720	126.00
0.335740	126.00
0.335760	125.00
0.335780	125.00
0.335800	125.00
0.335820	125.00
0.335840	125.00
0.335860	125.00
0.335880	125.00
0.335900	124.00
0.335920	124.00
0.335940	124.00
0.335960	124.00
0.335980	124.00
0.336000	124.00
0.336020	124.00
0.336040	124.00
0.336060	125.00
0.336080	126.00
0.336100	126.00
0.336120	126.00
0.336140	126.00
0.336160	126.00
0.336180	126.00
0.336200	126.00
0.336220	126.00
0.336240	126.00
0.336260	125.00
0.336280	124.00
0.336300	124.00
0.336320	124.00
0.336340	124.00
0.336360	124.00
0.336380	124.00
0.336400	123.00
0.336420	123.00
0.336440	123.00
0.336460	123.00
0.336480	124.00
0.336500	125.00
0.336520	125.00
0.336540	126.00
0.336560	126.00
0.336580	126.00
0.336600	126.00
0.336620	126.00
0.336640	126.00
0.336660	126.00
0.336680	126.00
0.336700	126.00
0.336720	126.00
0.336740	125.00
0.336760	125.00
0.336780	124.00
0.336800	124.00
0.336820	123.00
0.336840	124.00
0.336860	124.00
0.336880	124.00
0.336900	124.00
0.336920	125.00
0.336940	125.00
0.336960	126.00
0.336980	126.00
0.337000	126.00
0.337020	126.00
0.337040	126.00
0.337060	126.00
0.337080	126.00
0.337100	125.00
0.337120	125.00
0.337140	125.00
0.337160	125.00
0.337180	125.00
0.337200	124.00
0.337220	124.00
0.337240	124.00
0.337260	124.00
0.337280	125.00
0.337300	125.00
0.337320	125.00
0.337340	125.00
0.337360	125.00
0.337380	125.00
0.337400	125.00
0.337420	125.00
0.337440	125.00
0.337460	125.00
0.337480	125.00
0.337500	125.00
0.337520	125.00
0.337540	125.00
0.337560	125.00
0.337580	125.00
0.337600	124.00
0.337620	124.00
0.337640	125.00
0.337660	125.00
0.337680	125.00
0.337700	125.00
0.337720	125.00
0.337740	125.00
0.337760	125.00
0.337780	125.00
0.337800	125.00
0.337820	125.00
0.337840	125.00
0.337860	125.00
0.337880	126.00
0.337900	126.00
0.337920	126.00
0.337940	126.00
0.337960	125.00
0.337980	124.00
0.338000	124.00
0.338020	124.00
0.338040	123.00
0.338060	123.00
0.338080	122.00
0.338100	121.00
0.338120	121.00
0.338140	122.00
0.338160	123.00
0.338180	124.00
0.338200	125.00
0.338220	126.00
0.338240	128.00
0.338260	129.00
0.338280	131.00
0.338300	131.00
0.338320	131.00
0.338340	131.00
0.338360	130.00
0.338380	129.00
0.338400	127.00
0.338420	125.00
0.338440	122.00
0.338460	120.00
0.338480	118.00
0.338500	117.00
0.338520	116.00
0.338540	115.00
0.338560	115.00
0.338580	115.00
0.338600	116.00
0.338620	118.00
0.338640	121.00
0.338660	126.00
0.338680	131.00
0.338700	136.00
0.338720	140.00
0.338740	142.00
0.338760	143.00
0.338780	143.00
0.338800	141.00
0.338820	137.00
0.338840	132.00
0.338860	125.00
0.338880	119.00
0.338900	112.00
0.338920	106.00
0.338940	102.00
0.338960	99.00
0.338980	99.00
0.339000	101.00
0.339020	106.00
0.339040	112.00
0.339060	119.00
0.339080	128.00
0.339100	136.00
0.339120	144.00
0.339140	151.00
0.339160	156.00
0.339180	158.00
0.339200	158.00
0.339220	155.00
0.339240	149.00
0.339260	142.00
0.339280	133.00
0.339300	122.00
0.339320	112.00
0.339340	103.00
0.339360	95.00
0.339380	90.00
0.339400	88.00
0.339420	89.00
0.339440	92.00
0.339460	99.00
0.339480	107.00
0.339500	117.00
0.339520	127.00
0.339540	137.00
0.339560	146.00
0.339580	152.00
0.339600	156.00
0.339620	158.00
0.339640	157.00
0.339660	154.00
0.339680	148.00
0.339700	141.00
0.339720	132.00
0.339740	123.00
0.339760	115.00
0.339780	108.00
0.339800	102.00
0.339820	99.00
0.339840	97.00
0.339860	99.00
0.339880	102.00
0.339900	107.00
0.339920	113.00
0.339940	119.00
0.339960	126.00
0.339980	133.00
0.340000	138.00
0.340020	141.00
0.340040	143.00
0.340060	144.00
0.340080	144.00
0.340100	142.00
0.340120	138.00
0.340140	133.00
0.340160	128.00
0.340180	124.00
0.340200	120.00
0.340220	116.00
0.340240	114.00
0.340260	112.00
0.340280	111.00
0.340300	112.00
0.340320	114.00
0.340340	117.00
0.340360	120.00
0.340380	123.00
0.340400	127.00
0.340420	130.00
0.340440	132.00
0.340460	133.00
0.340480	133.00
0.340500	133.00
0.340520	133.00
0.340540	132.00
0.340560	130.00
0.340580	128.00
0.340600	126.00
0.340620	124.00
0.340640	123.00
0.340660	121.00
0.340680	121.00
0.340700	120.00
0.340720	120.00
0.340740	120.00
0.340760	121.00
0.340780	122.00
0.340800	123.00
0.340820	125.00
0.340840	126.00
0.340860	127.00
0.340880	127.00
0.340900	128.00
0.340920	128.00
0.340940	128.00
0.340960	128.00
0.340980	127.00
0.341000	126.00
0.341020	125.00
0.341040	125.00
0.341060	124.00
0.341080	124.00
0.341100	123.00
0.341120	122.00
0.341140	122.00
0.341160	122.00
0.341180	123.00
0.341200	123.00
0.341220	124.00
0.341240	124.00
0.341260	125.00
0.341280	126.00
0.341300	126.00
0.341320	126.00
0.341340	126.00
0.341360	126.00
0.341380	126.00
0.341400	126.00
0.341420	126.00
0.341440	126.00
0.341460	125.00
0.341480	125.00
0.341500	125.00
0.341520	124.00
0.341540	124.00
0.341560	124.00
0.341580	124.00
0.341600	124.00
0.341620	124.00
0.341640	124.00
0.341660	124.00
0.341680	125.00
0.341700	125.00
0.341720	125.00
0.341740	125.00
0.341760	125.00
0.341780	125.00
0.341800	126.00
0.341820	126.00
0.341840	126.00
0.341860	126.00
0.341880	125.00
0.341900	125.00
0.341920	125.00
0.341940	125.00
0.341960	125.00
0.341980	125.00
0.342000	125.00
0.342020	125.00
0.342040	125.00
0.342060	125.00
0.342080	124.00
0.342100	124.00
0.342120	124.00
0.342140	124.00
0.342160	124.00
0.342180	124.00
0.342200	124.00
0.342220	124.00
0.342240	125.00
0.342260	126.00
0.342280	126.00
0.342300	126.00
0.342320	126.00
0.342340	126.00
0.342360	126.00
0.342380	126.00
0.342400	125.00
0.342420	125.00
0.342440	125.00
0.342460	125.00
0.342480	125.00
0.342500	124.00
0.342520	124.00
0.342540	124.00
0.342560	124.00
0.342580	124.00
0.342600	124.00
0.342620	124.00
0.342640	124.00
0.342660	125.00
0.342680	125.00
0.342700	125.00
0.342720	125.00
0.342740	125.00
0.342760	125.00
0.342780	125.00
0.342800	126.00
0.342820	126.00
0.342840	126.00
0.342860	125.00
0.342880	124.00
0.342900	124.00
0.342920	124.00
0.342940	124.00
0.342960	124.00
0.342980	124.00
0.343000	123.00
0.343020	123.00
0.343040	124.00
0.343060	125.00
0.343080	125.00
0.343100	125.00
0.343120	125.00
0.343140	125.00
0.343160	125.00
0.343180	125.00
0.343200	125.00
0.343220	125.00
0.343240	125.00
0.343260	125.00
0.343280	125.00
0.343300	125.00
0.343320	125.00
0.343340	125.00
0.343360	125.00
0.343380	125.00
0.343400	125.00
0.343420	125.00
0.343440	124.00
0.343460	124.00
0.343480	124.00
0.343500	124.00
0.343520	125.00
0.343540	125.00
0.343560	125.00
0.343580	125.00
0.343600	125.00
0.343620	125.00
0.343640	125.00
0.343660	125.00
0.343680	125.00
0.343700	125.00
0.343720	125.00
0.343740	125.00
0.343760	125.00
0.343780	125.00
0.343800	125.00
0.343820	125.00
0.343840	125.00
0.343860	125.00
0.343880	125.00
0.343900	125.00
0.343920	124.00
0.343940	124.00
0.343960	124.00
0.343980	125.00
0.344000	125.00
0.344020	125.00
0.344040	125.00
0.344060	125.00
0.344080	125.00
0.344100	126.00
0.344120	126.00
0.344140	127.00
0.344160	126.00
0.344180	126.00
0.344200	125.00
0.344220	125.00
0.344240	124.00
0.344260	123.00
0.344280	123.00
0.344300	123.00
0.344320	123.00
0.344340	123.00
0.344360	124.00
0.344380	124.00
0.344400	125.00
0.344420	126.00
0.344440	126.00
0.344460	127.00
0.344480	127.00
0.344500	128.00
0.344520	129.00
0.344540	129.00
0.344560	129.00
0.344580	128.00
0.344600	127.00
0.344620	126.00
0.344640	124.00
0.344660	122.00
0.344680	121.00
0.344700	119.00
0.344720	119.00
0.344740	118.00
0.344760	118.00
0.344780	118.00
0.344800	119.00
0.344820	121.00
0.344840	124.00
0.344860	128.00
0.344880	131.00
0.344900	134.00
0.344920	136.00
0.344940	137.00
0.344960	138.00
0.344980	137.00
0.345000	135.00
0.345020	132.00
0.345040	128.00
0.345060	123.00
0.345080	118.00
0.345100	113.00
0.345120	109.00
0.345140	107.00
0.345160	106.00
0.345180	106.00
0.345200	108.00
0.345220	111.00
0.345240	116.00
0.345260	122.00
0.345280	129.00
0.345300	136.00
0.345320	142.00
0.345340	147.00
0.345360	151.00
0.345380	152.00
0.345400	151.00
0.345420	147.00
0.345440	141.00
0.345460	134.00
0.345480	126.00
0.345500	117.00
0.345520	109.00
0.345540	102.00
0.345560	98.00
0.345580	95.00
0.345600	95.00
0.345620	98.00
0.345640	103.00
0.345660	110.00
0.345680	118.00
0.345700	127.00
0.345720	135.00
0.345740	143.00
0.345760	148.00
0.345780	151.00
0.345800	152.00
0.345820	150.00
0.345840	147.00
0.345860	143.00
0.345880	137.00
0.345900	129.00
0.345920	121.00
0.345940	114.00
0.345960	109.00
0.345980	106.00
0.346000	104.00
0.346020	104.00
0.346040	105.00
0.346060	108.00
0.346080	113.00
0.346100	118.00
0.346120	123.00
0.346140	128.00
0.346160	133.00
0.346180	137.00
0.346200	139.00
0.346220	140.00
0.346240	140.00
0.346260	138.00
0.346280	135.00
0.346300	132.00
0.346320	129.00
0.346340	125.00
0.346360	122.00
0.346380	119.00
0.346400	116.00
0.346420	114.00
0.346440	114.00
0.346460	115.00
0.346480	116.00
0.346500	118.00
0.346520	120.00
0.346540	123.00
0.346560	126.00
0.346580	129.00
0.346600	130.00
0.346620	131.00
0.346640	131.00
0.346660	131.00
0.346680	131.00
0.346700	130.00
0.346720	128.00
0.346740	127.00
0.346760	125.00
0.346780	123.00
0.346800	122.00
0.346820	122.00
0.346840	121.00
0.346860	121.00
0.346880	121.00
0.346900	121.00
0.346920	122.00
0.346940	123.00
0.346960	124.00
0.346980	125.00
0.347000	126.00
0.347020	127.00
0.347040	127.00
0.347060	127.00
0.347080	127.00
0.347100	127.00
0.347120	127.00
0.347140	127.00
0.347160	126.00
0.347180	126.00
0.347200	125.00
0.347220	124.00
0.347240	123.00
0.347260	123.00
0.347280	123.00
0.347300	123.00
0.347320	124.00
0.347340	124.00
0.347360	124.00
0.347380	125.00
0.347400	125.00
0.347420	125.00
0.347440	126.00
0.347460	126.00
0.347480	126.00
0.347500	126.00
0.347520	125.00
0.347540	125.00
0.347560	125.00
0.347580	125.00
0.347600	125.00
0.347620	125.00
0.347640	125.00
0.347660	124.00
0.347680	124.00
0.347700	125.00
0.347720	125.00
0.347740	125.00
0.347760	125.00
0.347780	125.00
0.347800	124.00
0.347820	124.00
0.347840	124.00
0.347860	124.00
0.347880	124.00
0.347900	124.00
0.347920	125.00
0.347940	125.00
0.347960	125.00
0.347980	125.00
0.348000	125.00
0.348020	125.00
0.348040	125.00
0.348060	125.00
0.348080	125.00
0.348100	125.00
0.348120	125.00
0.348140	125.00
0.348160	125.00
0.348180	125.00
0.348200	125.00
0.348220	125.00
0.348240	125.00
0.348260	125.00
0.348280	125.00
0.348300	125.00
0.348320	125.00
0.348340	125.00
0.348360	125.00
0.348380	125.00
0.348400	125.00
0.348420	125.00
0.348440	125.00
0.348460	125.00
0.348480	126.00
0.348500	126.00
0.348520	126.00
0.348540	126.00
0.348560	126.00
0.348580	126.00
0.348600	125.00
0.348620	125.00
0.348640	125.00
0.348660	125.00
0.348680	124.00
0.348700	124.00
0.348720	124.00
0.348740	124.00
0.348760	124.00
0.348780	124.00
0.348800	124.00
0.348820	125.00
0.348840	125.00
0.348860	125.00
0.348880	126.00
0.348900	126.00
0.348920	126.00
0.348940	126.00
0.348960	125.00
0.348980	125.00
0.349000	125.00
0.349020	125.00
0.349040	125.00
0.349060	125.00
0.349080	125.00
0.349100	125.00
0.349120	124.00
0.349140	124.00
0.349160	124.00
0.349180	125.00
0.349200	125.00
0.349220	126.00
0.349240	126.00
0.349260	126.00
0.349280	126.00
0.349300	125.00
0.349320	125.00
0.349340	125.00
0.349360	125.00
0.349380	125.00
0.349400	125.00
0.349420	125.00
0.349440	125.00
0.349460	125.00
0.349480	125.00
0.349500	125.00
0.349520	125.00
0.349540	124.00
0.349560	124.00
0.349580	124.00
0.349600	125.00
0.349620	125.00
0.349640	125.00
0.349660	125.00
0.349680	125.00
0.349700	125.00
0.349720	125.00
0.349740	125.00
0.349760	125.00
0.349780	125.00
0.349800	125.00
0.349820	125.00
0.349840	125.00
0.349860	125.00
0.349880	125.00
0.349900	125.00
0.349920	125.00
0.349940	125.00
0.349960	125.00
0.349980	125.00
0.350000	125.00
0.350020	125.00
0.350040	125.00
0.350060	125.00
0.350080	125.00
0.350100	125.00
0.350120	125.00
0.350140	125.00
0.350160	125.00
0.350180	125.00
0.350200	125.00
0.350220	125.00
0.350240	125.00
0.350260	125.00
0.350280	125.00
0.350300	125.00
0.350320	125.00
0.350340	125.00
0.350360	125.00
0.350380	125.00
0.350400	125.00
0.350420	125.00
0.350440	124.00
0.350460	124.00
0.350480	124.00
0.350500	124.00
0.350520	124.00
0.350540	124.00
0.350560	124.00
0.350580	124.00
0.350600	124.00
0.350620	125.00
0.350640	126.00
0.350660	126.00
0.350680	127.00
0.350700	128.00
0.350720	128.00
0.350740	128.00
0.350760	128.00
0.350780	127.00
0.350800	126.00
0.350820	125.00
0.350840	124.00
0.350860	123.00
0.350880	122.00
0.350900	120.00
0.350920	119.00
0.350940	119.00
0.350960	119.00
0.350980	120.00
0.351000	122.00
0.351020	124.00
0.351040	126.00
0.351060	128.00
0.351080	129.00
0.351100	131.00
0.351120	132.00
0.351140	133.00
0.351160	133.00
0.351180	133.00
0.351200	131.00
0.351220	128.00
0.351240	126.00
0.351260	123.00
0.351280	120.00
0.351300	117.00
0.351320	114.00
0.351340	112.00
0.351360	111.00
0.351380	112.00
0.351400	114.00
0.351420	117.00
0.351440	121.00
0.351460	126.00
0.351480	131.00
0.351500	135.00
0.351520	139.00
0.351540	142.00
0.351560	143.00
0.351580	142.00
0.351600	140.00
0.351620	136.00
0.351640	131.00
0.351660	126.00
0.351680	121.00
0.351700	116.00
0.351720	111.00
0.351740	108.00
0.351760	106.00
0.351780	106.00
0.351800	108.00
0.351820	111.00
0.351840	115.00
0.351860	120.00
0.351880	125.00
0.351900	130.00
0.351920	135.00
0.351940	139.00
0.351960	141.00
0.351980	142.00
0.352000	141.00
0.352020	139.00
0.352040	136.00
0.352060	132.00
0.352080	128.00
0.352100	123.00
0.352120	119.00
0.352140	116.00
0.352160	114.00
0.352180	113.00
0.352200	112.00
0.352220	113.00
0.352240	114.00
0.352260	117.00
0.352280	121.00
0.352300	124.00
0.352320	128.00
0.352340	130.00
0.352360	132.00
0.352380	133.00
0.352400	133.00
0.352420	133.00
0.352440	132.00
0.352460	131.00
0.352480	129.00
0.352500	127.00
0.352520	125.00
0.352540	123.00
0.352560	122.00
0.352580	121.00
0.352600	120.00
0.352620	119.00
0.352640	119.00
0.352660	120.00
0.352680	122.00
0.352700	123.00
0.352720	125.00
0.352740	126.00
0.352760	127.00
0.352780	127.00
0.352800	127.00
0.352820	127.00
0.352840	127.00
0.352860	127.00
0.352880	127.00
0.352900	127.00
0.352920	126.00
0.352940	126.00
0.352960	125.00
0.352980	124.00
0.353000	123.00
0.353020	123.00
0.353040	123.00
0.353060	123.00
0.353080	123.00
0.353100	123.00
0.353120	124.00
0.353140	124.00
0.353160	125.00
0.353180	126.00
0.353200	126.00
0.353220	126.00
0.353240	126.00
0.353260	126.00
0.353280	126.00
0.353300	126.00
0.353320	125.00
0.353340	125.00
0.353360	125.00
0.353380	125.00
0.353400	125.00
0.353420	124.00
0.353440	124.00
0.353460	124.00
0.353480	124.00
0.353500	124.00
0.353520	124.00
0.353540	124.00
0.353560	124.00
0.353580	125.00
0.353600	125.00
0.353620	125.00
0.353640	125.00
0.353660	125.00
0.353680	125.00
0.353700	125.00
0.353720	125.00
0.353740	125.00
0.353760	125.00
0.353780	125.00
0.353800	125.00
0.353820	125.00
0.353840	124.00
0.353860	124.00
0.353880	124.00
0.353900	124.00
0.353920	124.00
0.353940	124.00
0.353960	124.00
0.353980	124.00
0.354000	124.00
0.354020	124.00
0.354040	125.00
0.354060	125.00
0.354080	125.00
0.354100	125.00
0.354120	125.00
0.354140	124.00
0.354160	125.00
0.354180	125.00
0.354200	125.00
0.354220	125.00
0.354240	125.00
0.354260	125.00
0.354280	125.00
0.354300	125.00
0.354320	125.00
0.354340	125.00
0.354360	125.00
0.354380	125.00
0.354400	125.00
0.354420	125.00
0.354440	125.00
0.354460	125.00
0.354480	125.00
0.354500	125.00
0.354520	125.00
0.354540	125.00
0.354560	124.00
0.354580	124.00
0.354600	124.00
0.354620	125.00
0.354640	125.00
0.354660	126.00
0.354680	126.00
0.354700	125.00
0.354720	125.00
0.354740	125.00
0.354760	125.00
0.354780	125.00
0.354800	125.00
0.354820	124.00
0.354840	124.00
0.354860	124.00
0.354880	124.00
0.354900	124.00
0.354920	124.00
0.354940	124.00
0.354960	124.00
0.354980	124.00
0.355000	125.00
0.355020	125.00
0.355040	125.00
0.355060	125.00
0.355080	125.00
0.355100	125.00
0.355120	125.00
0.355140	125.00
0.355160	125.00
0.355180	125.00
0.355200	125.00
0.355220	125.00
0.355240	125.00
0.355260	125.00
0.355280	125.00
0.355300	125.00
0.355320	124.00
0.355340	124.00
0.355360	124.00
0.355380	124.00
0.355400	124.00
0.355420	124.00
0.355440	124.00
0.355460	125.00
0.355480	125.00
0.355500	125.00
0.355520	125.00
0.355540	125.00
0.355560	125.00
0.355580	126.00
0.355600	126.00
0.355620	126.00
0.355640	126.00
0.355660	126.00
0.355680	126.00
0.355700	126.00
0.355720	125.00
0.355740	125.00
0.355760	124.00
0.355780	124.00
0.355800	124.00
0.355820	124.00
0.355840	124.00
0.355860	124.00
0.355880	124.00
0.355900	124.00
0.355920	124.00
0.355940	125.00
0.355960	125.00
0.355980	125.00
0.356000	125.00
0.356020	125.00
0.356040	125.00
0.356060	125.00
0.356080	125.00
0.356100	126.00
0.356120	126.00
0.356140	125.00
0.356160	125.00
0.356180	125.00
0.356200	125.00
0.356220	125.00
0.356240	125.00
0.356260	124.00
0.356280	124.00
0.356300	124.00
0.356320	125.00
0.356340	125.00
0.356360	125.00
0.356380	125.00
0.356400	125.00
0.356420	125.00
0.356440	126.00
0.356460	126.00
0.356480	126.00
0.356500	126.00
0.356520	126.00
0.356540	125.00
0.356560	125.00
0.356580	125.00
0.356600	125.00
0.356620	124.00
0.356640	124.00
0.356660	124.00
0.356680	124.00
0.356700	124.00
0.356720	124.00
0.356740	124.00
0.356760	124.00
0.356780	124.00
0.356800	125.00
0.356820	125.00
0.356840	126.00
0.356860	127.00
0.356880	127.00
0.356900	127.00
0.356920	127.00
0.356940	126.00
0.356960	126.00
0.356980	125.00
0.357000	125.00
0.357020	125.00
0.357040	124.00
0.357060	123.00
0.357080	122.00
0.357100	122.00
0.357120	121.00
0.357140	122.00
0.357160	122.00
0.357180	122.00
0.357200	123.00
0.357220	124.00
0.357240	126.00
0.357260	127.00
0.357280	128.00
0.357300	128.00
0.357320	129.00
0.357340	130.00
0.357360	130.00
0.357380	129.00
0.357400	128.00
0.357420	126.00
0.357440	125.00
0.357460	123.00
0.357480	121.00
0.357500	120.00
0.357520	118.00
0.357540	117.00
0.357560	117.00
0.357580	118.00
0.357600	120.00
0.357620	122.00
0.357640	124.00
0.357660	127.00
0.357680	130.00
0.357700	133.00
0.357720	134.00
0.357740	135.00
0.357760	135.00
0.357780	134.00
0.357800	132.00
0.357820	130.00
0.357840	127.00
0.357860	124.00
0.357880	121.00
0.357900	118.00
0.357920	116.00
0.357940	115.00
0.357960	115.00
0.357980	115.00
0.358000	117.00
0.358020	119.00
0.358040	121.00
0.358060	124.00
0.358080	127.00
0.358100	129.00
0.358120	131.00
0.358140	133.00
0.358160	134.00
0.358180	134.00
0.358200	132.00
0.358220	131.00
0.358240	129.00
0.358260	127.00
0.358280	125.00
0.358300	122.00
0.358320	120.00
0.358340	119.00
0.358360	119.00
0.358380	119.00
0.358400	119.00
0.358420	119.00
0.358440	120.00
0.358460	122.00
0.358480	123.00
0.358500	125.00
0.358520	126.00
0.358540	127.00
0.358560	128.00
0.358580	129.00
0.358600	129.00
0.358620	129.00
0.358640	128.00
0.358660	128.00
0.358680	127.00
0.358700	126.00
0.358720	125.00
0.358740	124.00
0.358760	124.00
0.358780	124.00
0.358800	123.00
0.358820	122.00
0.358840	122.00
0.358860	123.00
0.358880	124.00
0.358900	124.00
0.358920	124.00
0.358940	124.00
0.358960	124.00
0.358980	125.00
0.359000	125.00
0.359020	125.00
0.359040	126.00
0.359060	126.00
0.359080	126.00
0.359100	125.00
0.359120	125.00
0.359140	125.00
0.359160	125.00
0.359180	125.00
0.359200	125.00
0.359220	125.00
0.359240	124.00
0.359260	124.00
0.359280	124.00
0.359300	124.00
0.359320	124.00
0.359340	124.00
0.359360	124.00
0.359380	124.00
0.359400	124.00
0.359420	124.00
0.359440	124.00
0.359460	125.00
0.359480	125.00
0.359500	125.00
0.359520	125.00
0.359540	125.00
0.359560	125.00
0.359580	125.00
0.359600	125.00
0.359620	125.00
0.359640	124.00
0.359660	124.00
0.359680	124.00
0.359700	124.00
0.359720	124.00
0.359740	124.00
0.359760	124.00
0.359780	124.00
0.359800	124.00
0.359820	124.00
0.359840	125.00
0.359860	125.00
0.359880	126.00
0.359900	126.00
0.359920	125.00
0.359940	125.00
0.359960	125.00
0.359980	126.00
