0.320000	101.00
0.320020	49.00
0.320040	102.00
0.320060	141.00
0.320080	144.00
0.320100	125.00
0.320120	112.00
0.320140	118.00
0.320160	130.00
0.320180	133.00
0.320200	125.00
0.320220	118.00
0.320240	121.00
0.320260	129.00
0.320280	131.00
0.320300	125.00
0.320320	121.00
0.320340	122.00
0.320360	128.00
0.320380	129.00
0.320400	125.00
0.320420	122.00
0.320440	123.00
0.320460	127.00
0.320480	128.00
0.320500	125.00
0.320520	122.00
0.320540	123.00
0.320560	127.00
0.320580	128.00
0.320600	125.00
0.320620	123.00
0.320640	124.00
0.320660	126.00
0.320680	126.00
0.320700	124.00
0.320720	122.00
0.320740	124.00
0.320760	126.00
0.320780	127.00
0.320800	125.00
0.320820	123.00
0.320840	124.00
0.320860	126.00
0.320880	127.00
0.320900	125.00
0.320920	124.00
0.320940	124.00
0.320960	126.00
0.320980	126.00
0.321000	124.00
0.321020	123.00
0.321040	124.00
0.321060	126.00
0.321080	126.00
0.321100	125.00
0.321120	123.00
0.321140	124.00
0.321160	125.00
0.321180	125.00
0.321200	124.00
0.321220	123.00
0.321240	124.00
0.321260	126.00
0.321280	126.00
0.321300	125.00
0.321320	124.00
0.321340	124.00
0.321360	125.00
0.321380	125.00
0.321400	124.00
0.321420	123.00
0.321440	124.00
0.321460	126.00
0.321480	126.00
0.321500	125.00
0.321520	124.00
0.321540	124.00
0.321560	125.00
0.321580	125.00
0.321600	125.00
0.321620	124.00
0.321640	125.00
0.321660	126.00
0.321680	125.00
0.321700	124.00
0.321720	124.00
0.321740	124.00
0.321760	126.00
0.321780	126.00
0.321800	125.00
0.321820	124.00
0.321840	125.00
0.321860	126.00
0.321880	126.00
0.321900	125.00
0.321920	124.00
0.321940	124.00
0.321960	125.00
0.321980	126.00
0.322000	125.00
0.322020	124.00
0.322040	124.00
0.322060	125.00
0.322080	125.00
0.322100	124.00
0.322120	123.00
0.322140	124.00
0.322160	125.00
0.322180	126.00
0.322200	125.00
0.322220	124.00
0.322240	124.00
0.322260	124.00
0.322280	124.00
0.322300	124.00
0.322320	124.00
0.322340	125.00
0.322360	126.00
0.322380	126.00
0.322400	125.00
0.322420	125.00
0.322440	125.00
0.322460	126.00
0.322480	126.00
0.322500	125.00
0.322520	124.00
0.322540	124.00
0.322560	125.00
0.322580	125.00
0.322600	125.00
0.322620	124.00
0.322640	124.00
0.322660	125.00
0.322680	125.00
0.322700	124.00
0.322720	124.00
0.322740	124.00
0.322760	125.00
0.322780	125.00
0.322800	124.00
0.322820	124.00
0.322840	124.00
0.322860	125.00
0.322880	125.00
0.322900	124.00
0.322920	124.00
0.322940	124.00
0.322960	125.00
0.322980	125.00
0.323000	124.00
0.323020	124.00
0.323040	124.00
0.323060	125.00
0.323080	126.00
0.323100	125.00
0.323120	125.00
0.323140	125.00
0.323160	126.00
0.323180	126.00
0.323200	125.00
0.323220	124.00
0.323240	125.00
0.323260	125.00
0.323280	125.00
0.323300	125.00
0.323320	124.00
0.323340	124.00
0.323360	124.00
0.323380	125.00
0.323400	124.00
0.323420	124.00
0.323440	124.00
0.323460	125.00
0.323480	125.00
0.323500	125.00
0.323520	124.00
0.323540	124.00
0.323560	124.00
0.323580	124.00
0.323600	124.00
0.323620	124.00
0.323640	124.00
0.323660	125.00
0.323680	125.00
0.323700	125.00
0.323720	125.00
0.323740	125.00
0.323760	125.00
0.323780	126.00
0.323800	125.00
0.323820	125.00
0.323840	125.00
0.323860	125.00
0.323880	125.00
0.323900	125.00
0.323920	124.00
0.323940	125.00
0.323960	126.00
0.323980	126.00
0.324000	125.00
0.324020	125.00
0.324040	124.00
0.324060	124.00
0.324080	125.00
0.324100	125.00
0.324120	125.00
0.324140	125.00
0.324160	125.00
0.324180	125.00
0.324200	124.00
0.324220	124.00
0.324240	124.00
0.324260	125.00
0.324280	124.00
0.324300	124.00
0.324320	124.00
0.324340	124.00
0.324360	125.00
0.324380	125.00
0.324400	125.00
0.324420	125.00
0.324440	125.00
0.324460	126.00
0.324480	125.00
0.324500	124.00
0.324520	124.00
0.324540	124.00
0.324560	125.00
0.324580	125.00
0.324600	125.00
0.324620	125.00
0.324640	125.00
0.324660	125.00
0.324680	124.00
0.324700	124.00
0.324720	124.00
0.324740	124.00
0.324760	125.00
0.324780	125.00
0.324800	125.00
0.324820	125.00
0.324840	125.00
0.324860	125.00
0.324880	125.00
0.324900	124.00
0.324920	124.00
0.324940	124.00
0.324960	125.00
0.324980	125.00
0.325000	125.00
0.325020	125.00
0.325040	125.00
0.325060	125.00
0.325080	125.00
0.325100	125.00
0.325120	125.00
0.325140	125.00
0.325160	125.00
0.325180	125.00
0.325200	125.00
0.325220	124.00
0.325240	124.00
0.325260	125.00
0.325280	125.00
0.325300	125.00
0.325320	124.00
0.325340	124.00
0.325360	124.00
0.325380	125.00
0.325400	124.00
0.325420	123.00
0.325440	122.00
0.325460	121.00
0.325480	120.00
0.325500	120.00
0.325520	121.00
0.325540	123.00
0.325560	125.00
0.325580	128.00
0.325600	132.00
0.325620	136.00
0.325640	141.00
0.325660	145.00
0.325680	147.00
0.325700	147.00
0.325720	143.00
0.325740	136.00
0.325760	127.00
0.325780	116.00
0.325800	105.00
0.325820	96.00
0.325840	88.00
0.325860	83.00
0.325880	79.00
0.325900	78.00
0.325920	82.00
0.325940	91.00
0.325960	105.00
0.325980	123.00
0.326000	142.00
0.326020	160.00
0.326040	175.00
0.326060	186.00
0.326080	193.00
0.326100	196.00
0.326120	194.00
0.326140	188.00
0.326160	175.00
0.326180	155.00
0.326200	128.00
0.326220	98.00
0.326240	66.00
0.326260	38.00
0.326280	16.00
0.326300	3.00
0.326320	0.00
0.326340	7.00
0.326360	25.00
0.326380	55.00
0.326400	96.00
0.326420	145.00
0.326440	192.00
0.326460	228.00
0.326480	249.00
0.326500	255.00
0.326520	255.00
0.326540	252.00
0.326560	239.00
0.326580	213.00
0.326600	169.00
0.326620	111.00
0.326640	52.00
0.326660	10.00
0.326680	0.00
0.326700	0.00
0.326720	6.00
0.326740	6.00
0.326760	0.00
0.326780	0.00
0.326800	13.00
0.326820	66.00
0.326840	137.00
0.326860	203.00
0.326880	244.00
0.326900	255.00
0.326920	255.00
0.326940	255.00
0.326960	255.00
0.326980	254.00
0.327000	238.00
0.327020	202.00
0.327040	149.00
0.327060	89.00
0.327080	37.00
0.327100	5.00
0.327120	0.00
0.327140	0.00
0.327160	5.00
0.327180	2.00
0.327200	0.00
0.327220	5.00
0.327240	36.00
0.327260	87.00
0.327280	145.00
0.327300	194.00
0.327320	225.00
0.327340	241.00
0.327360	248.00
0.327380	248.00
0.327400	241.00
0.327420	226.00
0.327440	203.00
0.327460	173.00
0.327480	138.00
0.327500	101.00
0.327520	66.00
0.327540	38.00
0.327560	20.00
0.327580	11.00
0.327600	12.00
0.327620	21.00
0.327640	39.00
0.327660	64.00
0.327680	92.00
0.327700	120.00
0.327720	146.00
0.327740	168.00
0.327760	185.00
0.327780	196.00
0.327800	199.00
0.327820	196.00
0.327840	188.00
0.327860	175.00
0.327880	160.00
0.327900	142.00
0.327920	123.00
0.327940	106.00
0.327960	93.00
0.327980	83.00
0.328000	77.00
0.328020	75.00
0.328040	78.00
0.328060	85.00
0.328080	94.00
0.328100	105.00
0.328120	117.00
0.328140	129.00
0.328160	139.00
0.328180	148.00
0.328200	153.00
0.328220	156.00
0.328240	156.00
0.328260	154.00
0.328280	149.00
0.328300	143.00
0.328320	135.00
0.328340	128.00
0.328360	121.00
0.328380	116.00
0.328400	111.00
0.328420	107.00
0.328440	105.00
0.328460	106.00
0.328480	108.00
0.328500	111.00
0.328520	115.00
0.328540	119.00
0.328560	123.00
0.328580	128.00
0.328600	132.00
0.328620	134.00
0.328640	136.00
0.328660	137.00
0.328680	138.00
0.328700	136.00
0.328720	134.00
0.328740	131.00
0.328760	128.00
0.328780	126.00
0.328800	123.00
0.328820	121.00
0.328840	119.00
0.328860	118.00
0.328880	118.00
0.328900	118.00
0.328920	118.00
0.328940	120.00
0.328960	122.00
0.328980	123.00
0.329000	125.00
0.329020	126.00
0.329040	127.00
0.329060	128.00
0.329080	130.00
0.329100	130.00
0.329120	129.00
0.329140	129.00
0.329160	128.00
0.329180	128.00
0.329200	126.00
0.329220	125.00
0.329240	124.00
0.329260	123.00
0.329280	123.00
0.329300	122.00
0.329320	122.00
0.329340	122.00
0.329360	123.00
0.329380	124.00
0.329400	124.00
0.329420	125.00
0.329440	126.00
0.329460	126.00
0.329480	127.00
0.329500	127.00
0.329520	127.00
0.329540	127.00
0.329560	127.00
0.329580	127.00
0.329600	126.00
0.329620	125.00
0.329640	125.00
0.329660	125.00
0.329680	125.00
0.329700	124.00
0.329720	123.00
0.329740	123.00
0.329760	123.00
0.329780	124.00
0.329800	124.00
0.329820	124.00
0.329840	124.00
0.329860	125.00
0.329880	125.00
0.329900	126.00
0.329920	126.00
0.329940	126.00
0.329960	126.00
0.329980	126.00
0.330000	126.00
0.330020	125.00
0.330040	125.00
0.330060	125.00
0.330080	125.00
0.330100	125.00
0.330120	124.00
0.330140	124.00
0.330160	124.00
0.330180	124.00
0.330200	124.00
0.330220	124.00
0.330240	124.00
0.330260	124.00
0.330280	125.00
0.330300	125.00
0.330320	125.00
0.330340	125.00
0.330360	125.00
0.330380	125.00
0.330400	125.00
0.330420	125.00
0.330440	125.00
0.330460	125.00
0.330480	125.00
0.330500	125.00
0.330520	125.00
0.330540	125.00
0.330560	125.00
0.330580	125.00
0.330600	125.00
0.330620	125.00
0.330640	125.00
0.330660	125.00
0.330680	125.00
0.330700	125.00
0.330720	125.00
0.330740	125.00
0.330760	125.00
0.330780	125.00
0.330800	125.00
0.330820	125.00
0.330840	125.00
0.330860	125.00
0.330880	125.00
0.330900	125.00
0.330920	125.00
0.330940	124.00
0.330960	125.00
0.330980	125.00
0.331000	125.00
0.331020	125.00
0.331040	125.00
0.331060	125.00
0.331080	125.00
0.331100	125.00
0.331120	125.00
0.331140	125.00
0.331160	124.00
0.331180	124.00
0.331200	124.00
0.331220	125.00
0.331240	125.00
0.331260	125.00
0.331280	125.00
0.331300	125.00
0.331320	125.00
0.331340	125.00
0.331360	125.00
0.331380	125.00
0.331400	125.00
0.331420	125.00
0.331440	125.00
0.331460	125.00
0.331480	125.00
0.331500	125.00
0.331520	125.00
0.331540	125.00
0.331560	125.00
0.331580	125.00
0.331600	125.00
0.331620	125.00
0.331640	125.00
0.331660	126.00
0.331680	126.00
0.331700	126.00
0.331720	126.00
0.331740	126.00
0.331760	125.00
0.331780	124.00
0.331800	123.00
0.331820	122.00
0.331840	121.00
0.331860	120.00
0.331880	120.00
0.331900	120.00
0.331920	121.00
0.331940	123.00
0.331960	125.00
0.331980	128.00
0.332000	130.00
0.332020	132.00
0.332040	134.00
0.332060	135.00
0.332080	136.00
0.332100	136.00
0.332120	134.00
0.332140	132.00
0.332160	128.00
0.332180	124.00
0.332200	120.00
0.332220	116.00
0.332240	113.00
0.332260	111.00
0.332280	110.00
0.332300	109.00
0.332320	109.00
0.332340	111.00
0.332360	114.00
0.332380	119.00
0.332400	124.00
0.332420	131.00
0.332440	137.00
0.332460	144.00
0.332480	149.00
0.332500	152.00
0.332520	153.00
0.332540	151.00
0.332560	146.00
0.332580	139.00
0.332600	130.00
0.332620	119.00
0.332640	108.00
0.332660	98.00
0.332680	90.00
0.332700	84.00
0.332720	82.00
0.332740	85.00
0.332760	91.00
0.332780	101.00
0.332800	114.00
0.332820	128.00
0.332840	142.00
0.332860	155.00
0.332880	166.00
0.332900	172.00
0.332920	175.00
0.332940	173.00
0.332960	168.00
0.332980	159.00
0.333000	147.00
0.333020	133.00
0.333040	118.00
0.333060	105.00
0.333080	93.00
0.333100	85.00
0.333120	79.00
0.333140	78.00
0.333160	80.00
0.333180	86.00
0.333200	95.00
0.333220	105.00
0.333240	117.00
0.333260	130.00
0.333280	141.00
0.333300	150.00
0.333320	157.00
0.333340	160.00
0.333360	161.00
0.333380	159.00
0.333400	155.00
0.333420	148.00
0.333440	139.00
0.333460	131.00
0.333480	123.00
0.333500	115.00
0.333520	109.00
0.333540	104.00
0.333560	102.00
0.333580	101.00
0.333600	102.00
0.333620	105.00
0.333640	109.00
0.333660	114.00
0.333680	119.00
0.333700	125.00
0.333720	130.00
0.333740	134.00
0.333760	137.00
0.333780	139.00
0.333800	140.00
0.333820	139.00
0.333840	138.00
0.333860	136.00
0.333880	133.00
0.333900	129.00
0.333920	126.00
0.333940	123.00
0.333960	121.00
0.333980	118.00
0.334000	117.00
0.334020	116.00
0.334040	116.00
0.334060	117.00
0.334080	119.00
0.334100	120.00
0.334120	122.00
0.334140	124.00
0.334160	126.00
0.334180	128.00
0.334200	129.00
0.334220	130.00
0.334240	130.00
0.334260	130.00
0.334280	130.00
0.334300	129.00
0.334320	128.00
0.334340	127.00
0.334360	126.00
0.334380	125.00
0.334400	124.00
0.334420	122.00
0.334440	122.00
0.334460	122.00
0.334480	122.00
0.334500	122.00
0.334520	122.00
0.334540	123.00
0.334560	124.00
0.334580	125.00
0.334600	126.00
0.334620	126.00
0.334640	127.00
0.334660	127.00
0.334680	127.00
0.334700	127.00
0.334720	127.00
0.334740	127.00
0.334760	127.00
0.334780	126.00
0.334800	125.00
0.334820	124.00
0.334840	124.00
0.334860	124.00
0.334880	124.00
0.334900	124.00
0.334920	123.00
0.334940	123.00
0.334960	123.00
0.334980	124.00
0.335000	124.00
0.335020	124.00
0.335040	125.00
0.335060	126.00
0.335080	126.00
0.335100	126.00
0.335120	126.00
0.335140	126.00
0.335160	126.00
0.335180	126.00
0.335200	126.00
0.335220	126.00
0.335240	126.00
0.335260	126.00
0.335280	125.00
0.335300	125.00
0.335320	125.00
0.335340	125.00
0.335360	125.00
0.335380	125.00
0.335400	125.00
0.335420	124.00
0.335440	124.00
0.335460	124.00
0.335480	124.00
0.335500	125.00
0.335520	125.00
0.335540	125.00
0.335560	125.00
0.335580	126.00
0.335600	126.00
0.335620	125.00
0.335640	125.00
0.335660	126.00
0.335680	126.00
0.335700	126.00
0.335720	126.00
0.335740	126.00
0.335760	125.00
0.335780	125.00
0.335800	125.00
0.335820	125.00
0.335840	125.00
0.335860	125.00
0.335880	124.00
0.335900	124.00
0.335920	124.00
0.335940	124.00
0.335960	124.00
0.335980	124.00
0.336000	124.00
0.336020	125.00
0.336040	125.00
0.336060	126.00
0.336080	126.00
0.336100	126.00
0.336120	126.00
0.336140	126.00
0.336160	126.00
0.336180	126.00
0.336200	126.00
0.336220	125.00
0.336240	125.00
0.336260	125.00
0.336280	125.00
0.336300	124.00
0.336320	124.00
0.336340	123.00
0.336360	123.00
0.336380	124.00
0.336400	124.00
0.336420	124.00
0.336440	125.00
0.336460	126.00
0.336480	126.00
0.336500	126.00
0.336520	126.00
0.336540	126.00
0.336560	126.00
0.336580	126.00
0.336600	126.00
0.336620	126.00
0.336640	125.00
0.336660	125.00
0.336680	125.00
0.336700	124.00
0.336720	124.00
0.336740	123.00
0.336760	124.00
0.336780	124.00
0.336800	124.00
0.336820	125.00
0.336840	125.00
0.336860	125.00
0.336880	126.00
0.336900	126.00
0.336920	126.00
0.336940	125.00
0.336960	125.00
0.336980	126.00
0.337000	126.00
0.337020	126.00
0.337040	126.00
0.337060	126.00
0.337080	125.00
0.337100	125.00
0.337120	125.00
0.337140	125.00
0.337160	124.00
0.337180	124.00
0.337200	124.00
0.337220	125.00
0.337240	125.00
0.337260	125.00
0.337280	125.00
0.337300	125.00
0.337320	124.00
0.337340	124.00
0.337360	124.00
0.337380	125.00
0.337400	125.00
0.337420	126.00
0.337440	126.00
0.337460	125.00
0.337480	125.00
0.337500	125.00
0.337520	125.00
0.337540	125.00
0.337560	125.00
0.337580	124.00
0.337600	124.00
0.337620	124.00
0.337640	125.00
0.337660	125.00
0.337680	125.00
0.337700	125.00
0.337720	125.00
0.337740	125.00
0.337760	125.00
0.337780	125.00
0.337800	125.00
0.337820	125.00
0.337840	125.00
0.337860	126.00
0.337880	126.00
0.337900	126.00
0.337920	126.00
0.337940	125.00
0.337960	125.00
0.337980	124.00
0.338000	124.00
0.338020	123.00
0.338040	123.00
0.338060	122.00
0.338080	122.00
0.338100	122.00
0.338120	123.00
0.338140	124.00
0.338160	126.00
0.338180	127.00
0.338200	128.00
0.338220	129.00
0.338240	130.00
0.338260	131.00
0.338280	131.00
0.338300	131.00
0.338320	130.00
0.338340	129.00
0.338360	127.00
0.338380	125.00
0.338400	123.00
0.338420	120.00
0.338440	118.00
0.338460	117.00
0.338480	116.00
0.338500	115.00
0.338520	114.00
0.338540	114.00
0.338560	116.00
0.338580	119.00
0.338600	123.00
0.338620	128.00
0.338640	132.00
0.338660	137.00
0.338680	141.00
0.338700	143.00
0.338720	144.00
0.338740	143.00
0.338760	140.00
0.338780	136.00
0.338800	130.00
0.338820	123.00
0.338840	117.00
0.338860	110.00
0.338880	104.00
0.338900	100.00
0.338920	98.00
0.338940	98.00
0.338960	101.00
0.338980	106.00
0.339000	113.00
0.339020	121.00
0.339040	130.00
0.339060	139.00
0.339080	147.00
0.339100	153.00
0.339120	158.00
0.339140	159.00
0.339160	158.00
0.339180	154.00
0.339200	148.00
0.339220	139.00
0.339240	129.00
0.339260	119.00
0.339280	109.00
0.339300	100.00
0.339320	93.00
0.339340	89.00
0.339360	88.00
0.339380	89.00
0.339400	94.00
0.339420	101.00
0.339440	110.00
0.339460	120.00
0.339480	130.00
0.339500	139.00
0.339520	147.00
0.339540	154.00
0.339560	157.00
0.339580	158.00
0.339600	156.00
0.339620	152.00
0.339640	147.00
0.339660	139.00
0.339680	131.00
0.339700	122.00
0.339720	113.00
0.339740	106.00
0.339760	100.00
0.339780	97.00
0.339800	97.00
0.339820	99.00
0.339840	103.00
0.339860	108.00
0.339880	114.00
0.339900	121.00
0.339920	128.00
0.339940	134.00
0.339960	140.00
0.339980	143.00
0.340000	145.00
0.340020	145.00
0.340040	144.00
0.340060	141.00
0.340080	137.00
0.340100	132.00
0.340120	127.00
0.340140	123.00
0.340160	119.00
0.340180	115.00
0.340200	113.00
0.340220	112.00
0.340240	112.00
0.340260	113.00
0.340280	114.00
0.340300	117.00
0.340320	120.00
0.340340	123.00
0.340360	126.00
0.340380	129.00
0.340400	131.00
0.340420	132.00
0.340440	133.00
0.340460	133.00
0.340480	132.00
0.340500	131.00
0.340520	129.00
0.340540	127.00
0.340560	125.00
0.340580	124.00
0.340600	122.00
0.340620	120.00
0.340640	119.00
0.340660	119.00
0.340680	119.00
0.340700	120.00
0.340720	121.00
0.340740	122.00
0.340760	123.00
0.340780	124.00
0.340800	126.00
0.340820	127.00
0.340840	128.00
0.340860	128.00
0.340880	128.00
0.340900	128.00
0.340920	128.00
0.340940	127.00
0.340960	126.00
0.340980	125.00
0.341000	124.00
0.341020	124.00
0.341040	123.00
0.341060	123.00
0.341080	122.00
0.341100	122.00
0.341120	122.00
0.341140	123.00
0.341160	124.00
0.341180	124.00
0.341200	124.00
0.341220	125.00
0.341240	125.00
0.341260	126.00
0.341280	127.00
0.341300	126.00
0.341320	126.00
0.341340	126.00
0.341360	126.00
0.341380	126.00
0.341400	126.00
0.341420	125.00
0.341440	125.00
0.341460	125.00
0.341480	124.00
0.341500	124.00
0.341520	124.00
0.341540	124.00
0.341560	124.00
0.341580	124.00
0.341600	124.00
0.341620	124.00
0.341640	124.00
0.341660	125.00
0.341680	125.00
0.341700	126.00
0.341720	125.00
0.341740	125.00
0.341760	125.00
0.341780	126.00
0.341800	126.00
0.341820	126.00
0.341840	126.00
0.341860	125.00
0.341880	125.00
0.341900	125.00
0.341920	125.00
0.341940	125.00
0.341960	125.00
0.341980	125.00
0.342000	124.00
0.342020	124.00
0.342040	124.00
0.342060	124.00
0.342080	124.00
0.342100	124.00
0.342120	124.00
0.342140	125.00
0.342160	125.00
0.342180	125.00
0.342200	125.00
0.342220	125.00
0.342240	126.00
0.342260	126.00
0.342280	126.00
0.342300	125.00
0.342320	125.00
0.342340	125.00
0.342360	126.00
0.342380	126.00
0.342400	126.00
0.342420	125.00
0.342440	124.00
0.342460	124.00
0.342480	124.00
0.342500	124.00
0.342520	123.00
0.342540	124.00
0.342560	124.00
0.342580	125.00
0.342600	125.00
0.342620	125.00
0.342640	125.00
0.342660	126.00
0.342680	126.00
0.342700	126.00
0.342720	126.00
0.342740	126.00
0.342760	126.00
0.342780	126.00
0.342800	126.00
0.342820	126.00
0.342840	126.00
0.342860	125.00
0.342880	125.00
0.342900	125.00
0.342920	124.00
0.342940	124.00
0.342960	125.00
0.342980	125.00
0.343000	125.00
0.343020	124.00
0.343040	124.00
0.343060	124.00
0.343080	125.00
0.343100	125.00
0.343120	126.00
0.343140	126.00
0.343160	125.00
0.343180	125.00
0.343200	125.00
0.343220	125.00
0.343240	125.00
0.343260	125.00
0.343280	125.00
0.343300	125.00
0.343320	125.00
0.343340	126.00
0.343360	126.00
0.343380	125.00
0.343400	124.00
0.343420	124.00
0.343440	124.00
0.343460	125.00
0.343480	125.00
0.343500	125.00
0.343520	125.00
0.343540	125.00
0.343560	125.00
0.343580	125.00
0.343600	125.00
0.343620	125.00
0.343640	125.00
0.343660	125.00
0.343680	125.00
0.343700	125.00
0.343720	125.00
0.343740	125.00
0.343760	125.00
0.343780	125.00
0.343800	125.00
0.343820	125.00
0.343840	125.00
0.343860	125.00
0.343880	125.00
0.343900	125.00
0.343920	125.00
0.343940	126.00
0.343960	126.00
0.343980	126.00
0.344000	126.00
0.344020	125.00
0.344040	125.00
0.344060	126.00
0.344080	126.00
0.344100	126.00
0.344120	126.00
0.344140	125.00
0.344160	125.00
0.344180	125.00
0.344200	125.00
0.344220	124.00
0.344240	123.00
0.344260	123.00
0.344280	123.00
0.344300	123.00
0.344320	123.00
0.344340	124.00
0.344360	125.00
0.344380	126.00
0.344400	127.00
0.344420	127.00
0.344440	128.00
0.344460	129.00
0.344480	129.00
0.344500	130.00
0.344520	129.00
0.344540	128.00
0.344560	126.00
0.344580	125.00
0.344600	123.00
0.344620	122.00
0.344640	121.00
0.344660	120.00
0.344680	118.00
0.344700	117.00
0.344720	117.00
0.344740	117.00
0.344760	119.00
0.344780	122.00
0.344800	125.00
0.344820	129.00
0.344840	132.00
0.344860	134.00
0.344880	136.00
0.344900	137.00
0.344920	137.00
0.344940	137.00
0.344960	136.00
0.344980	133.00
0.345000	129.00
0.345020	124.00
0.345040	119.00
0.345060	114.00
0.345080	109.00
0.345100	106.00
0.345120	105.00
0.345140	105.00
0.345160	107.00
0.345180	111.00
0.345200	117.00
0.345220	123.00
0.345240	130.00
0.345260	137.00
0.345280	143.00
0.345300	148.00
0.345320	151.00
0.345340	152.00
0.345360	150.00
0.345380	146.00
0.345400	140.00
0.345420	132.00
0.345440	123.00
0.345460	115.00
0.345480	107.00
0.345500	101.00
0.345520	96.00
0.345540	94.00
0.345560	95.00
0.345580	99.00
0.345600	104.00
0.345620	112.00
0.345640	120.00
0.345660	128.00
0.345680	136.00
0.345700	143.00
0.345720	149.00
0.345740	152.00
0.345760	153.00
0.345780	151.00
0.345800	147.00
0.345820	141.00
0.345840	135.00
0.345860	127.00
0.345880	120.00
0.345900	113.00
0.345920	108.00
0.345940	104.00
0.345960	103.00
0.345980	103.00
0.346000	105.00
0.346020	109.00
0.346040	114.00
0.346060	120.00
0.346080	125.00
0.346100	130.00
0.346120	134.00
0.346140	138.00
0.346160	140.00
0.346180	141.00
0.346200	140.00
0.346220	138.00
0.346240	136.00
0.346260	132.00
0.346280	128.00
0.346300	124.00
0.346320	120.00
0.346340	117.00
0.346360	115.00
0.346380	115.00
0.346400	115.00
0.346420	115.00
0.346440	116.00
0.346460	118.00
0.346480	121.00
0.346500	124.00
0.346520	126.00
0.346540	128.00
0.346560	130.00
0.346580	132.00
0.346600	132.00
0.346620	132.00
0.346640	131.00
0.346660	130.00
0.346680	129.00
0.346700	128.00
0.346720	126.00
0.346740	124.00
0.346760	122.00
0.346780	121.00
0.346800	120.00
0.346820	120.00
0.346840	120.00
0.346860	121.00
0.346880	122.00
0.346900	123.00
0.346920	124.00
0.346940	125.00
0.346960	126.00
0.346980	127.00
0.347000	127.00
0.347020	127.00
0.347040	127.00
0.347060	127.00
0.347080	127.00
0.347100	126.00
0.347120	126.00
0.347140	125.00
0.347160	125.00
0.347180	124.00
0.347200	123.00
0.347220	123.00
0.347240	123.00
0.347260	123.00
0.347280	124.00
0.347300	124.00
0.347320	124.00
0.347340	125.00
0.347360	125.00
0.347380	126.00
0.347400	126.00
0.347420	126.00
0.347440	126.00
0.347460	126.00
0.347480	126.00
0.347500	126.00
0.347520	125.00
0.347540	125.00
0.347560	125.00
0.347580	125.00
0.347600	125.00
0.347620	125.00
0.347640	125.00
0.347660	125.00
0.347680	125.00
0.347700	124.00
0.347720	124.00
0.347740	124.00
0.347760	124.00
0.347780	124.00
0.347800	125.00
0.347820	125.00
0.347840	125.00
0.347860	125.00
0.347880	125.00
0.347900	125.00
0.347920	125.00
0.347940	125.00
0.347960	125.00
0.347980	125.00
0.348000	125.00
0.348020	125.00
0.348040	125.00
0.348060	125.00
0.348080	125.00
0.348100	125.00
0.348120	125.00
0.348140	126.00
0.348160	126.00
0.348180	125.00
0.348200	125.00
0.348220	125.00
0.348240	125.00
0.348260	125.00
0.348280	125.00
0.348300	125.00
0.348320	125.00
0.348340	125.00
0.348360	125.00
0.348380	125.00
0.348400	125.00
0.348420	125.00
0.348440	126.00
0.348460	126.00
0.348480	126.00
0.348500	126.00
0.348520	126.00
0.348540	126.00
0.348560	126.00
0.348580	126.00
0.348600	125.00
0.348620	124.00
0.348640	124.00
0.348660	124.00
0.348680	124.00
0.348700	124.00
0.348720	124.00
0.348740	124.00
0.348760	124.00
0.348780	124.00
0.348800	125.00
0.348820	125.00
0.348840	125.00
0.348860	126.00
0.348880	126.00
0.348900	126.00
0.348920	126.00
0.348940	126.00
0.348960	125.00
0.348980	125.00
0.349000	124.00
0.349020	124.00
0.349040	124.00
0.349060	124.00
0.349080	124.00
0.349100	124.00
0.349120	124.00
0.349140	124.00
0.349160	124.00
0.349180	125.00
0.349200	125.00
0.349220	125.00
0.349240	125.00
0.349260	125.00
0.349280	125.00
0.349300	124.00
0.349320	125.00
0.349340	125.00
0.349360	126.00
0.349380	126.00
0.349400	125.00
0.349420	125.00
0.349440	125.00
0.349460	125.00
0.349480	125.00
0.349500	125.00
0.349520	125.00
0.349540	124.00
0.349560	125.00
0.349580	125.00
0.349600	125.00
0.349620	125.00
0.349640	125.00
0.349660	125.00
0.349680	125.00
0.349700	125.00
0.349720	125.00
0.349740	124.00
0.349760	125.00
0.349780	125.00
0.349800	125.00
0.349820	125.00
0.349840	125.00
0.349860	125.00
0.349880	124.00
0.349900	125.00
0.349920	125.00
0.349940	125.00
0.349960	125.00
0.349980	125.00
0.350000	125.00
0.350020	124.00
0.350040	124.00
0.350060	125.00
0.350080	125.00
0.350100	125.00
0.350120	125.00
0.350140	125.00
0.350160	125.00
0.350180	125.00
0.350200	125.00
0.350220	125.00
0.350240	125.00
0.350260	125.00
0.350280	125.00
0.350300	125.00
0.350320	125.00
0.350340	125.00
0.350360	125.00
0.350380	125.00
0.350400	125.00
0.350420	125.00
0.350440	124.00
0.350460	124.00
0.350480	124.00
0.350500	124.00
0.350520	124.00
0.350540	125.00
0.350560	125.00
0.350580	126.00
0.350600	126.00
0.350620	127.00
0.350640	127.00
0.350660	128.00
0.350680	128.00
0.350700	128.00
0.350720	127.00
0.350740	126.00
0.350760	125.00
0.350780	124.00
0.350800	123.00
0.350820	123.00
0.350840	122.00
0.350860	121.00
0.350880	120.00
0.350900	119.00
0.350920	119.00
0.350940	120.00
0.350960	122.00
0.350980	124.00
0.351000	126.00
0.351020	128.00
0.351040	129.00
0.351060	131.00
0.351080	132.00
0.351100	133.00
0.351120	132.00
0.351140	132.00
0.351160	130.00
0.351180	128.00
0.351200	126.00
0.351220	123.00
0.351240	119.00
0.351260	116.00
0.351280	114.00
0.351300	113.00
0.351320	112.00
0.351340	113.00
0.351360	114.00
0.351380	118.00
0.351400	122.00
0.351420	127.00
0.351440	132.00
0.351460	136.00
0.351480	140.00
0.351500	142.00
0.351520	143.00
0.351540	142.00
0.351560	139.00
0.351580	136.00
0.351600	131.00
0.351620	126.00
0.351640	120.00
0.351660	114.00
0.351680	110.00
0.351700	107.00
0.351720	106.00
0.351740	107.00
0.351760	108.00
0.351780	112.00
0.351800	116.00
0.351820	121.00
0.351840	126.00
0.351860	131.00
0.351880	136.00
0.351900	139.00
0.351920	141.00
0.351940	142.00
0.351960	141.00
0.351980	139.00
0.352000	135.00
0.352020	131.00
0.352040	127.00
0.352060	123.00
0.352080	119.00
0.352100	115.00
0.352120	113.00
0.352140	112.00
0.352160	112.00
0.352180	114.00
0.352200	116.00
0.352220	119.00
0.352240	121.00
0.352260	125.00
0.352280	128.00
0.352300	130.00
0.352320	132.00
0.352340	133.00
0.352360	134.00
0.352380	133.00
0.352400	132.00
0.352420	130.00
0.352440	128.00
0.352460	126.00
0.352480	125.00
0.352500	123.00
0.352520	122.00
0.352540	121.00
0.352560	120.00
0.352580	120.00
0.352600	120.00
0.352620	120.00
0.352640	121.00
0.352660	123.00
0.352680	124.00
0.352700	125.00
0.352720	126.00
0.352740	127.00
0.352760	128.00
0.352780	128.00
0.352800	128.00
0.352820	127.00
0.352840	127.00
0.352860	126.00
0.352880	125.00
0.352900	125.00
0.352920	125.00
0.352940	124.00
0.352960	124.00
0.352980	124.00
0.353000	124.00
0.353020	124.00
0.353040	124.00
0.353060	124.00
0.353080	125.00
0.353100	125.00
0.353120	125.00
0.353140	126.00
0.353160	126.00
0.353180	126.00
0.353200	126.00
0.353220	126.00
0.353240	126.00
0.353260	125.00
0.353280	126.00
0.353300	126.00
0.353320	125.00
0.353340	125.00
0.353360	124.00
0.353380	124.00
0.353400	124.00
0.353420	124.00
0.353440	124.00
0.353460	124.00
0.353480	125.00
0.353500	125.00
0.353520	125.00
0.353540	125.00
0.353560	125.00
0.353580	125.00
0.353600	125.00
0.353620	125.00
0.353640	125.00
0.353660	125.00
0.353680	125.00
0.353700	125.00
0.353720	125.00
0.353740	125.00
0.353760	124.00
0.353780	124.00
0.353800	125.00
0.353820	125.00
0.353840	125.00
0.353860	125.00
0.353880	125.00
0.353900	124.00
0.353920	124.00
0.353940	124.00
0.353960	124.00
0.353980	124.00
0.354000	124.00
0.354020	124.00
0.354040	124.00
0.354060	125.00
0.354080	125.00
0.354100	125.00
0.354120	125.00
0.354140	125.00
0.354160	125.00
0.354180	125.00
0.354200	125.00
0.354220	125.00
0.354240	125.00
0.354260	125.00
0.354280	125.00
0.354300	125.00
0.354320	125.00
0.354340	125.00
0.354360	124.00
0.354380	124.00
0.354400	124.00
0.354420	124.00
0.354440	124.00
0.354460	124.00
0.354480	124.00
0.354500	124.00
0.354520	124.00
0.354540	124.00
0.354560	124.00
0.354580	124.00
0.354600	125.00
0.354620	126.00
0.354640	126.00
0.354660	126.00
0.354680	126.00
0.354700	126.00
0.354720	126.00
0.354740	126.00
0.354760	126.00
0.354780	125.00
0.354800	125.00
0.354820	124.00
0.354840	124.00
0.354860	124.00
0.354880	124.00
0.354900	124.00
0.354920	124.00
0.354940	124.00
0.354960	124.00
0.354980	124.00
0.355000	125.00
0.355020	126.00
0.355040	126.00
0.355060	126.00
0.355080	126.00
0.355100	126.00
0.355120	126.00
0.355140	126.00
0.355160	126.00
0.355180	126.00
0.355200	125.00
0.355220	125.00
0.355240	125.00
0.355260	125.00
0.355280	125.00
0.355300	125.00
0.355320	124.00
0.355340	123.00
0.355360	123.00
0.355380	124.00
0.355400	124.00
0.355420	125.00
0.355440	125.00
0.355460	125.00
0.355480	125.00
0.355500	125.00
0.355520	126.00
0.355540	126.00
0.355560	126.00
0.355580	126.00
0.355600	126.00
0.355620	126.00
0.355640	126.00
0.355660	125.00
0.355680	124.00
0.355700	124.00
0.355720	124.00
0.355740	124.00
0.355760	124.00
0.355780	124.00
0.355800	124.00
0.355820	125.00
0.355840	125.00
0.355860	125.00
0.355880	124.00
0.355900	124.00
0.355920	125.00
0.355940	125.00
0.355960	126.00
0.355980	125.00
0.356000	125.00
0.356020	125.00
0.356040	125.00
0.356060	126.00
0.356080	126.00
0.356100	126.00
0.356120	126.00
0.356140	125.00
0.356160	125.00
0.356180	124.00
0.356200	124.00
0.356220	124.00
0.356240	124.00
0.356260	124.00
0.356280	124.00
0.356300	124.00
0.356320	124.00
0.356340	125.00
0.356360	125.00
0.356380	125.00
0.356400	125.00
0.356420	125.00
0.356440	125.00
0.356460	125.00
0.356480	125.00
0.356500	125.00
0.356520	125.00
0.356540	125.00
0.356560	125.00
0.356580	125.00
0.356600	125.00
0.356620	125.00
0.356640	124.00
0.356660	124.00
0.356680	124.00
0.356700	124.00
0.356720	124.00
0.356740	124.00
0.356760	124.00
0.356780	125.00
0.356800	125.00
0.356820	126.00
0.356840	127.00
0.356860	127.00
0.356880	127.00
0.356900	127.00
0.356920	126.00
0.356940	125.00
0.356960	125.00
0.356980	124.00
0.357000	124.00
0.357020	123.00
0.357040	122.00
0.357060	122.00
0.357080	122.00
0.357100	122.00
0.357120	122.00
0.357140	123.00
0.357160	124.00
0.357180	125.00
0.357200	126.00
0.357220	127.00
0.357240	128.00
0.357260	128.00
0.357280	129.00
0.357300	130.00
0.357320	130.00
0.357340	130.00
0.357360	128.00
0.357380	126.00
0.357400	124.00
0.357420	123.00
0.357440	121.00
0.357460	120.00
0.357480	118.00
0.357500	118.00
0.357520	118.00
0.357540	118.00
0.357560	120.00
0.357580	122.00
0.357600	125.00
0.357620	128.00
0.357640	131.00
0.357660	133.00
0.357680	134.00
0.357700	135.00
0.357720	135.00
0.357740	134.00
0.357760	133.00
0.357780	130.00
0.357800	127.00
0.357820	123.00
0.357840	120.00
0.357860	117.00
0.357880	115.00
0.357900	114.00
0.357920	114.00
0.357940	115.00
0.357960	117.00
0.357980	119.00
0.358000	121.00
0.358020	124.00
0.358040	127.00
0.358060	130.00
0.358080	132.00
0.358100	133.00
0.358120	133.00
0.358140	133.00
0.358160	132.00
0.358180	131.00
0.358200	129.00
0.358220	127.00
0.358240	124.00
0.358260	122.00
0.358280	121.00
0.358300	119.00
0.358320	119.00
0.358340	119.00
0.358360	119.00
0.358380	120.00
0.358400	121.00
0.358420	122.00
0.358440	123.00
0.358460	124.00
0.358480	125.00
0.358500	126.00
0.358520	127.00
0.358540	127.00
0.358560	128.00
0.358580	128.00
0.358600	128.00
0.358620	128.00
0.358640	127.00
0.358660	126.00
0.358680	125.00
0.358700	125.00
0.358720	124.00
0.358740	124.00
0.358760	123.00
0.358780	123.00
0.358800	123.00
0.358820	124.00
0.358840	124.00
0.358860	124.00
0.358880	124.00
0.358900	125.00
0.358920	125.00
0.358940	125.00
0.358960	126.00
0.358980	126.00
0.359000	126.00
0.359020	126.00
0.359040	126.00
0.359060	126.00
0.359080	126.00
0.359100	126.00
0.359120	126.00
0.359140	126.00
0.359160	125.00
0.359180	125.00
0.359200	125.00
0.359220	124.00
0.359240	124.00
0.359260	124.00
0.359280	124.00
0.359300	124.00
0.359320	124.00
0.359340	124.00
0.359360	124.00
0.359380	124.00
0.359400	124.00
0.359420	124.00
0.359440	124.00
0.359460	124.00
0.359480	125.00
0.359500	125.00
0.359520	125.00
0.359540	125.00
0.359560	125.00
0.359580	125.00
0.359600	125.00
0.359620	125.00
0.359640	125.00
0.359660	125.00
0.359680	125.00
0.359700	125.00
0.359720	125.00
0.359740	125.00
0.359760	125.00
0.359780	125.00
0.359800	124.00
0.359820	124.00
0.359840	124.00
0.359860	124.00
0.359880	124.00
0.359900	124.00
0.359920	124.00
0.359940	125.00
0.359960	125.00
0.359980	126.00
