0.320000	101.00
0.320020	49.00
0.320040	101.00
0.320060	140.00
0.320080	143.00
0.320100	124.00
0.320120	111.00
0.320140	117.00
0.320160	130.00
0.320180	133.00
0.320200	125.00
0.320220	118.00
0.320240	121.00
0.320260	129.00
0.320280	131.00
0.320300	125.00
0.320320	120.00
0.320340	122.00
0.320360	127.00
0.320380	129.00
0.320400	125.00
0.320420	121.00
0.320440	122.00
0.320460	127.00
0.320480	128.00
0.320500	125.00
0.320520	122.00
0.320540	124.00
0.320560	127.00
0.320580	128.00
0.320600	125.00
0.320620	122.00
0.320640	123.00
0.320660	126.00
0.320680	127.00
0.320700	125.00
0.320720	123.00
0.320740	123.00
0.320760	126.00
0.320780	126.00
0.320800	124.00
0.320820	123.00
0.320840	124.00
0.320860	126.00
0.320880	126.00
0.320900	124.00
0.320920	123.00
0.320940	123.00
0.320960	125.00
0.320980	126.00
0.321000	125.00
0.321020	124.00
0.321040	125.00
0.321060	126.00
0.321080	126.00
0.321100	125.00
0.321120	123.00
0.321140	124.00
0.321160	125.00
0.321180	126.00
0.321200	125.00
0.321220	124.00
0.321240	124.00
0.321260	125.00
0.321280	125.00
0.321300	124.00
0.321320	123.00
0.321340	124.00
0.321360	125.00
0.321380	125.00
0.321400	124.00
0.321420	123.00
0.321440	124.00
0.321460	125.00
0.321480	126.00
0.321500	125.00
0.321520	124.00
0.321540	124.00
0.321560	125.00
0.321580	126.00
0.321600	125.00
0.321620	125.00
0.321640	125.00
0.321660	125.00
0.321680	125.00
0.321700	124.00
0.321720	124.00
0.321740	124.00
0.321760	125.00
0.321780	126.00
0.321800	125.00
0.321820	124.00
0.321840	124.00
0.321860	125.00
0.321880	125.00
0.321900	124.00
0.321920	124.00
0.321940	124.00
0.321960	125.00
0.321980	125.00
0.322000	125.00
0.322020	124.00
0.322040	125.00
0.322060	125.00
0.322080	125.00
0.322100	124.00
0.322120	123.00
0.322140	124.00
0.322160	125.00
0.322180	126.00
0.322200	125.00
0.322220	125.00
0.322240	125.00
0.322260	126.00
0.322280	126.00
0.322300	125.00
0.322320	125.00
0.322340	125.00
0.322360	126.00
0.322380	126.00
0.322400	125.00
0.322420	125.00
0.322440	125.00
0.322460	125.00
0.322480	125.00
0.322500	125.00
0.322520	124.00
0.322540	125.00
0.322560	125.00
0.322580	125.00
0.322600	125.00
0.322620	124.00
0.322640	125.00
0.322660	126.00
0.322680	126.00
0.322700	125.00
0.322720	124.00
0.322740	125.00
0.322760	125.00
0.322780	126.00
0.322800	125.00
0.322820	125.00
0.322840	125.00
0.322860	126.00
0.322880	126.00
0.322900	125.00
0.322920	125.00
0.322940	125.00
0.322960	126.00
0.322980	125.00
0.323000	124.00
0.323020	124.00
0.323040	124.00
0.323060	125.00
0.323080	125.00
0.323100	124.00
0.323120	124.00
0.323140	124.00
0.323160	125.00
0.323180	125.00
0.323200	124.00
0.323220	124.00
0.323240	124.00
0.323260	124.00
0.323280	125.00
0.323300	125.00
0.323320	124.00
0.323340	125.00
0.323360	125.00
0.323380	125.00
0.323400	125.00
0.323420	125.00
0.323440	125.00
0.323460	125.00
0.323480	125.00
0.323500	124.00
0.323520	124.00
0.323540	125.00
0.323560	125.00
0.323580	125.00
0.323600	125.00
0.323620	125.00
0.323640	125.00
0.323660	126.00
0.323680	125.00
0.323700	125.00
0.323720	125.00
0.323740	125.00
0.323760	125.00
0.323780	125.00
0.323800	124.00
0.323820	124.00
0.323840	124.00
0.323860	125.00
0.323880	125.00
0.323900	124.00
0.323920	124.00
0.323940	124.00
0.323960	125.00
0.323980	125.00
0.324000	125.00
0.324020	125.00
0.324040	125.00
0.324060	126.00
0.324080	125.00
0.324100	125.00
0.324120	125.00
0.324140	125.00
0.324160	125.00
0.324180	125.00
0.324200	125.00
0.324220	124.00
0.324240	124.00
0.324260	125.00
0.324280	125.00
0.324300	125.00
0.324320	125.00
0.324340	125.00
0.324360	125.00
0.324380	125.00
0.324400	125.00
0.324420	124.00
0.324440	125.00
0.324460	125.00
0.324480	126.00
0.324500	125.00
0.324520	125.00
0.324540	125.00
0.324560	126.00
0.324580	126.00
0.324600	125.00
0.324620	124.00
0.324640	124.00
0.324660	125.00
0.324680	125.00
0.324700	125.00
0.324720	125.00
0.324740	125.00
0.324760	125.00
0.324780	125.00
0.324800	124.00
0.324820	124.00
0.324840	124.00
0.324860	124.00
0.324880	124.00
0.324900	124.00
0.324920	124.00
0.324940	124.00
0.324960	125.00
0.324980	125.00
0.325000	125.00
0.325020	125.00
0.325040	125.00
0.325060	125.00
0.325080	125.00
0.325100	125.00
0.325120	124.00
0.325140	124.00
0.325160	124.00
0.325180	124.00
0.325200	124.00
0.325220	124.00
0.325240	124.00
0.325260	124.00
0.325280	124.00
0.325300	124.00
0.325320	124.00
0.325340	124.00
0.325360	124.00
0.325380	124.00
0.325400	123.00
0.325420	122.00
0.325440	121.00
0.325460	121.00
0.325480	120.00
0.325500	120.00
0.325520	121.00
0.325540	123.00
0.325560	126.00
0.325580	128.00
0.325600	132.00
0.325620	136.00
0.325640	140.00
0.325660	143.00
0.325680	145.00
0.325700	145.00
0.325720	143.00
0.325740	138.00
0.325760	129.00
0.325780	118.00
0.325800	107.00
0.325820	97.00
0.325840	89.00
0.325860	84.00
0.325880	79.00
0.325900	78.00
0.325920	80.00
0.325940	89.00
0.325960	102.00
0.325980	119.00
0.326000	138.00
0.326020	157.00
0.326040	173.00
0.326060	185.00
0.326080	192.00
0.326100	195.00
0.326120	195.00
0.326140	190.00
0.326160	178.00
0.326180	159.00
0.326200	133.00
0.326220	103.00
0.326240	73.00
0.326260	44.00
0.326280	21.00
0.326300	6.00
0.326320	1.00
0.326340	6.00
0.326360	22.00
0.326380	49.00
0.326400	88.00
0.326420	134.00
0.326440	181.00
0.326460	221.00
0.326480	246.00
0.326500	255.00
0.326520	255.00
0.326540	253.00
0.326560	242.00
0.326580	220.00
0.326600	180.00
0.326620	123.00
0.326640	64.00
0.326660	17.00
0.326680	0.00
0.326700	0.00
0.326720	5.00
0.326740	7.00
0.326760	0.00
0.326780	0.00
0.326800	9.00
0.326820	55.00
0.326840	124.00
0.326860	191.00
0.326880	237.00
0.326900	255.00
0.326920	255.00
0.326940	255.00
0.326960	255.00
0.326980	254.00
0.327000	242.00
0.327020	211.00
0.327040	162.00
0.327060	102.00
0.327080	46.00
0.327100	9.00
0.327120	0.00
0.327140	0.00
0.327160	5.00
0.327180	3.00
0.327200	0.00
0.327220	1.00
0.327240	28.00
0.327260	76.00
0.327280	133.00
0.327300	184.00
0.327320	219.00
0.327340	238.00
0.327360	247.00
0.327380	248.00
0.327400	242.00
0.327420	229.00
0.327440	208.00
0.327460	179.00
0.327480	145.00
0.327500	108.00
0.327520	73.00
0.327540	43.00
0.327560	23.00
0.327580	12.00
0.327600	11.00
0.327620	19.00
0.327640	36.00
0.327660	59.00
0.327680	86.00
0.327700	114.00
0.327720	140.00
0.327740	164.00
0.327760	182.00
0.327780	194.00
0.327800	198.00
0.327820	196.00
0.327840	189.00
0.327860	178.00
0.327880	163.00
0.327900	145.00
0.327920	126.00
0.327940	109.00
0.327960	95.00
0.327980	85.00
0.328000	78.00
0.328020	75.00
0.328040	77.00
0.328060	83.00
0.328080	92.00
0.328100	103.00
0.328120	114.00
0.328140	126.00
0.328160	137.00
0.328180	146.00
0.328200	152.00
0.328220	155.00
0.328240	156.00
0.328260	154.00
0.328280	151.00
0.328300	145.00
0.328320	138.00
0.328340	130.00
0.328360	123.00
0.328380	117.00
0.328400	112.00
0.328420	107.00
0.328440	106.00
0.328460	106.00
0.328480	108.00
0.328500	110.00
0.328520	113.00
0.328540	117.00
0.328560	122.00
0.328580	127.00
0.328600	131.00
0.328620	134.00
0.328640	136.00
0.328660	137.00
0.328680	137.00
0.328700	136.00
0.328720	134.00
0.328740	131.00
0.328760	129.00
0.328780	126.00
0.328800	124.00
0.328820	121.00
0.328840	119.00
0.328860	118.00
0.328880	117.00
0.328900	117.00
0.328920	118.00
0.328940	119.00
0.328960	121.00
0.328980	123.00
0.329000	125.00
0.329020	126.00
0.329040	128.00
0.329060	129.00
0.329080	130.00
0.329100	129.00
0.329120	129.00
0.329140	128.00
0.329160	128.00
0.329180	127.00
0.329200	126.00
0.329220	125.00
0.329240	124.00
0.329260	123.00
0.329280	123.00
0.329300	122.00
0.329320	122.00
0.329340	122.00
0.329360	122.00
0.329380	123.00
0.329400	123.00
0.329420	124.00
0.329440	125.00
0.329460	126.00
0.329480	127.00
0.329500	127.00
0.329520	127.00
0.329540	127.00
0.329560	127.00
0.329580	127.00
0.329600	126.00
0.329620	125.00
0.329640	125.00
0.329660	125.00
0.329680	125.00
0.329700	124.00
0.329720	124.00
0.329740	123.00
0.329760	123.00
0.329780	124.00
0.329800	124.00
0.329820	124.00
0.329840	125.00
0.329860	125.00
0.329880	126.00
0.329900	125.00
0.329920	125.00
0.329940	125.00
0.329960	125.00
0.329980	125.00
0.330000	125.00
0.330020	125.00
0.330040	126.00
0.330060	126.00
0.330080	125.00
0.330100	124.00
0.330120	124.00
0.330140	125.00
0.330160	125.00
0.330180	126.00
0.330200	125.00
0.330220	124.00
0.330240	124.00
0.330260	125.00
0.330280	125.00
0.330300	125.00
0.330320	125.00
0.330340	125.00
0.330360	126.00
0.330380	126.00
0.330400	126.00
0.330420	126.00
0.330440	126.00
0.330460	126.00
0.330480	126.00
0.330500	126.00
0.330520	125.00
0.330540	125.00
0.330560	125.00
0.330580	125.00
0.330600	125.00
0.330620	125.00
0.330640	125.00
0.330660	125.00
0.330680	125.00
0.330700	125.00
0.330720	125.00
0.330740	125.00
0.330760	125.00
0.330780	125.00
0.330800	125.00
0.330820	125.00
0.330840	125.00
0.330860	125.00
0.330880	125.00
0.330900	125.00
0.330920	125.00
0.330940	125.00
0.330960	125.00
0.330980	125.00
0.331000	125.00
0.331020	125.00
0.331040	125.00
0.331060	125.00
0.331080	125.00
0.331100	125.00
0.331120	125.00
0.331140	125.00
0.331160	126.00
0.331180	126.00
0.331200	125.00
0.331220	125.00
0.331240	125.00
0.331260	125.00
0.331280	125.00
0.331300	125.00
0.331320	125.00
0.331340	125.00
0.331360	125.00
0.331380	126.00
0.331400	125.00
0.331420	125.00
0.331440	125.00
0.331460	125.00
0.331480	125.00
0.331500	125.00
0.331520	125.00
0.331540	125.00
0.331560	125.00
0.331580	125.00
0.331600	125.00
0.331620	125.00
0.331640	125.00
0.331660	126.00
0.331680	126.00
0.331700	126.00
0.331720	126.00
0.331740	126.00
0.331760	125.00
0.331780	124.00
0.331800	123.00
0.331820	122.00
0.331840	121.00
0.331860	120.00
0.331880	120.00
0.331900	120.00
0.331920	120.00
0.331940	122.00
0.331960	124.00
0.331980	127.00
0.332000	130.00
0.332020	132.00
0.332040	134.00
0.332060	135.00
0.332080	135.00
0.332100	135.00
0.332120	134.00
0.332140	131.00
0.332160	128.00
0.332180	124.00
0.332200	120.00
0.332220	117.00
0.332240	114.00
0.332260	112.00
0.332280	111.00
0.332300	110.00
0.332320	110.00
0.332340	111.00
0.332360	113.00
0.332380	117.00
0.332400	123.00
0.332420	129.00
0.332440	136.00
0.332460	142.00
0.332480	147.00
0.332500	151.00
0.332520	152.00
0.332540	151.00
0.332560	147.00
0.332580	141.00
0.332600	132.00
0.332620	121.00
0.332640	110.00
0.332660	99.00
0.332680	91.00
0.332700	85.00
0.332720	83.00
0.332740	85.00
0.332760	91.00
0.332780	100.00
0.332800	112.00
0.332820	125.00
0.332840	139.00
0.332860	152.00
0.332880	163.00
0.332900	171.00
0.332920	174.00
0.332940	173.00
0.332960	169.00
0.332980	160.00
0.333000	148.00
0.333020	135.00
0.333040	121.00
0.333060	107.00
0.333080	95.00
0.333100	86.00
0.333120	80.00
0.333140	78.00
0.333160	80.00
0.333180	85.00
0.333200	93.00
0.333220	103.00
0.333240	115.00
0.333260	127.00
0.333280	139.00
0.333300	148.00
0.333320	155.00
0.333340	159.00
0.333360	161.00
0.333380	160.00
0.333400	156.00
0.333420	150.00
0.333440	142.00
0.333460	134.00
0.333480	125.00
0.333500	117.00
0.333520	110.00
0.333540	105.00
0.333560	102.00
0.333580	101.00
0.333600	102.00
0.333620	104.00
0.333640	108.00
0.333660	113.00
0.333680	118.00
0.333700	123.00
0.333720	128.00
0.333740	133.00
0.333760	137.00
0.333780	139.00
0.333800	140.00
0.333820	139.00
0.333840	138.00
0.333860	136.00
0.333880	133.00
0.333900	130.00
0.333920	127.00
0.333940	124.00
0.333960	121.00
0.333980	119.00
0.334000	117.00
0.334020	116.00
0.334040	116.00
0.334060	117.00
0.334080	118.00
0.334100	120.00
0.334120	122.00
0.334140	124.00
0.334160	126.00
0.334180	128.00
0.334200	128.00
0.334220	129.00
0.334240	129.00
0.334260	130.00
0.334280	130.00
0.334300	129.00
0.334320	128.00
0.334340	127.00
0.334360	125.00
0.334380	124.00
0.334400	123.00
0.334420	122.00
0.334440	122.00
0.334460	121.00
0.334480	121.00
0.334500	122.00
0.334520	122.00
0.334540	122.00
0.334560	123.00
0.334580	124.00
0.334600	125.00
0.334620	125.00
0.334640	126.00
0.334660	127.00
0.334680	127.00
0.334700	127.00
0.334720	127.00
0.334740	127.00
0.334760	127.00
0.334780	126.00
0.334800	126.00
0.334820	125.00
0.334840	124.00
0.334860	124.00
0.334880	124.00
0.334900	124.00
0.334920	124.00
0.334940	123.00
0.334960	123.00
0.334980	124.00
0.335000	124.00
0.335020	124.00
0.335040	124.00
0.335060	125.00
0.335080	126.00
0.335100	126.00
0.335120	126.00
0.335140	126.00
0.335160	125.00
0.335180	125.00
0.335200	125.00
0.335220	125.00
0.335240	126.00
0.335260	126.00
0.335280	125.00
0.335300	125.00
0.335320	125.00
0.335340	125.00
0.335360	125.00
0.335380	125.00
0.335400	124.00
0.335420	124.00
0.335440	124.00
0.335460	124.00
0.335480	124.00
0.335500	124.00
0.335520	124.00
0.335540	125.00
0.335560	125.00
0.335580	126.00
0.335600	126.00
0.335620	126.00
0.335640	126.00
0.335660	126.00
0.335680	125.00
0.335700	125.00
0.335720	124.00
0.335740	125.00
0.335760	125.00
0.335780	125.00
0.335800	125.00
0.335820	125.00
0.335840	124.00
0.335860	124.00
0.335880	124.00
0.335900	124.00
0.335920	124.00
0.335940	124.00
0.335960	124.00
0.335980	125.00
0.336000	125.00
0.336020	126.00
0.336040	126.00
0.336060	126.00
0.336080	126.00
0.336100	126.00
0.336120	126.00
0.336140	125.00
0.336160	125.00
0.336180	125.00
0.336200	125.00
0.336220	125.00
0.336240	125.00
0.336260	125.00
0.336280	124.00
0.336300	124.00
0.336320	124.00
0.336340	124.00
0.336360	124.00
0.336380	124.00
0.336400	125.00
0.336420	125.00
0.336440	125.00
0.336460	126.00
0.336480	126.00
0.336500	126.00
0.336520	126.00
0.336540	127.00
0.336560	127.00
0.336580	127.00
0.336600	127.00
0.336620	126.00
0.336640	126.00
0.336660	125.00
0.336680	125.00
0.336700	124.00
0.336720	124.00
0.336740	124.00
0.336760	124.00
0.336780	124.00
0.336800	123.00
0.336820	124.00
0.336840	124.00
0.336860	124.00
0.336880	125.00
0.336900	125.00
0.336920	126.00
0.336940	126.00
0.336960	126.00
0.336980	126.00
0.337000	126.00
0.337020	126.00
0.337040	126.00
0.337060	126.00
0.337080	126.00
0.337100	125.00
0.337120	125.00
0.337140	125.00
0.337160	125.00
0.337180	125.00
0.337200	125.00
0.337220	125.00
0.337240	125.00
0.337260	125.00
0.337280	125.00
0.337300	125.00
0.337320	125.00
0.337340	125.00
0.337360	125.00
0.337380	125.00
0.337400	125.00
0.337420	125.00
0.337440	125.00
0.337460	125.00
0.337480	125.00
0.337500	124.00
0.337520	124.00
0.337540	125.00
0.337560	125.00
0.337580	125.00
0.337600	125.00
0.337620	124.00
0.337640	124.00
0.337660	125.00
0.337680	125.00
0.337700	125.00
0.337720	125.00
0.337740	125.00
0.337760	125.00
0.337780	125.00
0.337800	125.00
0.337820	125.00
0.337840	125.00
0.337860	126.00
0.337880	126.00
0.337900	127.00
0.337920	126.00
0.337940	126.00
0.337960	125.00
0.337980	124.00
0.338000	124.00
0.338020	123.00
0.338040	123.00
0.338060	122.00
0.338080	122.00
0.338100	122.00
0.338120	123.00
0.338140	124.00
0.338160	125.00
0.338180	126.00
0.338200	127.00
0.338220	128.00
0.338240	130.00
0.338260	130.00
0.338280	131.00
0.338300	131.00
0.338320	130.00
0.338340	129.00
0.338360	128.00
0.338380	126.00
0.338400	124.00
0.338420	121.00
0.338440	119.00
0.338460	117.00
0.338480	116.00
0.338500	115.00
0.338520	115.00
0.338540	115.00
0.338560	116.00
0.338580	118.00
0.338600	122.00
0.338620	126.00
0.338640	131.00
0.338660	136.00
0.338680	140.00
0.338700	142.00
0.338720	144.00
0.338740	143.00
0.338760	142.00
0.338780	138.00
0.338800	132.00
0.338820	125.00
0.338840	118.00
0.338860	111.00
0.338880	105.00
0.338900	101.00
0.338920	98.00
0.338940	98.00
0.338960	101.00
0.338980	105.00
0.339000	111.00
0.339020	119.00
0.339040	128.00
0.339060	136.00
0.339080	144.00
0.339100	151.00
0.339120	156.00
0.339140	159.00
0.339160	159.00
0.339180	155.00
0.339200	149.00
0.339220	141.00
0.339240	131.00
0.339260	121.00
0.339280	111.00
0.339300	101.00
0.339320	94.00
0.339340	89.00
0.339360	88.00
0.339380	89.00
0.339400	93.00
0.339420	99.00
0.339440	108.00
0.339460	118.00
0.339480	128.00
0.339500	138.00
0.339520	146.00
0.339540	152.00
0.339560	157.00
0.339580	159.00
0.339600	158.00
0.339620	154.00
0.339640	148.00
0.339660	140.00
0.339680	132.00
0.339700	123.00
0.339720	115.00
0.339740	108.00
0.339760	102.00
0.339780	98.00
0.339800	97.00
0.339820	98.00
0.339840	102.00
0.339860	106.00
0.339880	113.00
0.339900	119.00
0.339920	126.00
0.339940	132.00
0.339960	138.00
0.339980	142.00
0.340000	144.00
0.340020	144.00
0.340040	144.00
0.340060	142.00
0.340080	138.00
0.340100	134.00
0.340120	129.00
0.340140	124.00
0.340160	120.00
0.340180	116.00
0.340200	113.00
0.340220	112.00
0.340240	111.00
0.340260	112.00
0.340280	114.00
0.340300	116.00
0.340320	119.00
0.340340	122.00
0.340360	126.00
0.340380	129.00
0.340400	131.00
0.340420	132.00
0.340440	133.00
0.340460	133.00
0.340480	132.00
0.340500	131.00
0.340520	130.00
0.340540	128.00
0.340560	126.00
0.340580	124.00
0.340600	123.00
0.340620	121.00
0.340640	120.00
0.340660	120.00
0.340680	120.00
0.340700	120.00
0.340720	121.00
0.340740	122.00
0.340760	123.00
0.340780	125.00
0.340800	126.00
0.340820	127.00
0.340840	128.00
0.340860	128.00
0.340880	128.00
0.340900	128.00
0.340920	128.00
0.340940	127.00
0.340960	126.00
0.340980	125.00
0.341000	125.00
0.341020	124.00
0.341040	124.00
0.341060	124.00
0.341080	123.00
0.341100	123.00
0.341120	123.00
0.341140	123.00
0.341160	124.00
0.341180	124.00
0.341200	125.00
0.341220	125.00
0.341240	126.00
0.341260	126.00
0.341280	126.00
0.341300	126.00
0.341320	126.00
0.341340	126.00
0.341360	126.00
0.341380	125.00
0.341400	125.00
0.341420	125.00
0.341440	125.00
0.341460	125.00
0.341480	124.00
0.341500	124.00
0.341520	124.00
0.341540	124.00
0.341560	125.00
0.341580	125.00
0.341600	124.00
0.341620	124.00
0.341640	125.00
0.341660	125.00
0.341680	125.00
0.341700	125.00
0.341720	125.00
0.341740	125.00
0.341760	126.00
0.341780	126.00
0.341800	126.00
0.341820	125.00
0.341840	125.00
0.341860	125.00
0.341880	125.00
0.341900	125.00
0.341920	124.00
0.341940	124.00
0.341960	124.00
0.341980	124.00
0.342000	124.00
0.342020	124.00
0.342040	124.00
0.342060	124.00
0.342080	124.00
0.342100	124.00
0.342120	124.00
0.342140	124.00
0.342160	125.00
0.342180	125.00
0.342200	125.00
0.342220	126.00
0.342240	126.00
0.342260	126.00
0.342280	126.00
0.342300	126.00
0.342320	126.00
0.342340	126.00
0.342360	126.00
0.342380	126.00
0.342400	125.00
0.342420	124.00
0.342440	124.00
0.342460	124.00
0.342480	124.00
0.342500	123.00
0.342520	123.00
0.342540	123.00
0.342560	124.00
0.342580	124.00
0.342600	124.00
0.342620	124.00
0.342640	124.00
0.342660	125.00
0.342680	126.00
0.342700	126.00
0.342720	126.00
0.342740	126.00
0.342760	126.00
0.342780	126.00
0.342800	126.00
0.342820	125.00
0.342840	125.00
0.342860	125.00
0.342880	125.00
0.342900	125.00
0.342920	124.00
0.342940	124.00
0.342960	124.00
0.342980	125.00
0.343000	125.00
0.343020	125.00
0.343040	125.00
0.343060	125.00
0.343080	125.00
0.343100	125.00
0.343120	125.00
0.343140	125.00
0.343160	126.00
0.343180	126.00
0.343200	126.00
0.343220	126.00
0.343240	126.00
0.343260	125.00
0.343280	125.00
0.343300	125.00
0.343320	125.00
0.343340	125.00
0.343360	125.00
0.343380	125.00
0.343400	124.00
0.343420	124.00
0.343440	125.00
0.343460	125.00
0.343480	125.00
0.343500	125.00
0.343520	125.00
0.343540	125.00
0.343560	125.00
0.343580	125.00
0.343600	125.00
0.343620	125.00
0.343640	125.00
0.343660	125.00
0.343680	125.00
0.343700	125.00
0.343720	125.00
0.343740	125.00
0.343760	125.00
0.343780	125.00
0.343800	125.00
0.343820	125.00
0.343840	125.00
0.343860	125.00
0.343880	125.00
0.343900	125.00
0.343920	125.00
0.343940	125.00
0.343960	125.00
0.343980	125.00
0.344000	125.00
0.344020	125.00
0.344040	125.00
0.344060	125.00
0.344080	125.00
0.344100	125.00
0.344120	125.00
0.344140	125.00
0.344160	125.00
0.344180	124.00
0.344200	124.00
0.344220	123.00
0.344240	123.00
0.344260	123.00
0.344280	123.00
0.344300	123.00
0.344320	124.00
0.344340	124.00
0.344360	125.00
0.344380	126.00
0.344400	126.00
0.344420	126.00
0.344440	127.00
0.344460	128.00
0.344480	129.00
0.344500	129.00
0.344520	129.00
0.344540	128.00
0.344560	127.00
0.344580	125.00
0.344600	124.00
0.344620	122.00
0.344640	121.00
0.344660	120.00
0.344680	119.00
0.344700	118.00
0.344720	117.00
0.344740	118.00
0.344760	119.00
0.344780	121.00
0.344800	124.00
0.344820	128.00
0.344840	131.00
0.344860	134.00
0.344880	136.00
0.344900	137.00
0.344920	137.00
0.344940	137.00
0.344960	136.00
0.344980	133.00
0.345000	129.00
0.345020	124.00
0.345040	119.00
0.345060	114.00
0.345080	110.00
0.345100	106.00
0.345120	104.00
0.345140	105.00
0.345160	107.00
0.345180	111.00
0.345200	116.00
0.345220	122.00
0.345240	128.00
0.345260	135.00
0.345280	142.00
0.345300	148.00
0.345320	151.00
0.345340	152.00
0.345360	151.00
0.345380	147.00
0.345400	141.00
0.345420	134.00
0.345440	126.00
0.345460	117.00
0.345480	109.00
0.345500	102.00
0.345520	97.00
0.345540	95.00
0.345560	95.00
0.345580	98.00
0.345600	103.00
0.345620	110.00
0.345640	118.00
0.345660	127.00
0.345680	135.00
0.345700	143.00
0.345720	148.00
0.345740	151.00
0.345760	152.00
0.345780	151.00
0.345800	148.00
0.345820	143.00
0.345840	136.00
0.345860	129.00
0.345880	121.00
0.345900	114.00
0.345920	109.00
0.345940	105.00
0.345960	103.00
0.345980	103.00
0.346000	105.00
0.346020	108.00
0.346040	112.00
0.346060	118.00
0.346080	123.00
0.346100	129.00
0.346120	134.00
0.346140	137.00
0.346160	140.00
0.346180	141.00
0.346200	141.00
0.346220	140.00
0.346240	137.00
0.346260	133.00
0.346280	128.00
0.346300	124.00
0.346320	121.00
0.346340	118.00
0.346360	116.00
0.346380	115.00
0.346400	114.00
0.346420	114.00
0.346440	116.00
0.346460	118.00
0.346480	121.00
0.346500	123.00
0.346520	126.00
0.346540	128.00
0.346560	130.00
0.346580	131.00
0.346600	132.00
0.346620	132.00
0.346640	131.00
0.346660	130.00
0.346680	129.00
0.346700	128.00
0.346720	126.00
0.346740	124.00
0.346760	123.00
0.346780	121.00
0.346800	121.00
0.346820	121.00
0.346840	121.00
0.346860	121.00
0.346880	122.00
0.346900	123.00
0.346920	124.00
0.346940	125.00
0.346960	126.00
0.346980	126.00
0.347000	127.00
0.347020	127.00
0.347040	127.00
0.347060	127.00
0.347080	127.00
0.347100	127.00
0.347120	127.00
0.347140	126.00
0.347160	125.00
0.347180	124.00
0.347200	123.00
0.347220	123.00
0.347240	123.00
0.347260	123.00
0.347280	123.00
0.347300	123.00
0.347320	124.00
0.347340	124.00
0.347360	124.00
0.347380	124.00
0.347400	125.00
0.347420	125.00
0.347440	125.00
0.347460	126.00
0.347480	126.00
0.347500	125.00
0.347520	125.00
0.347540	125.00
0.347560	125.00
0.347580	125.00
0.347600	125.00
0.347620	124.00
0.347640	124.00
0.347660	124.00
0.347680	124.00
0.347700	124.00
0.347720	124.00
0.347740	124.00
0.347760	124.00
0.347780	124.00
0.347800	124.00
0.347820	125.00
0.347840	125.00
0.347860	125.00
0.347880	125.00
0.347900	125.00
0.347920	125.00
0.347940	125.00
0.347960	125.00
0.347980	125.00
0.348000	125.00
0.348020	124.00
0.348040	125.00
0.348060	125.00
0.348080	125.00
0.348100	125.00
0.348120	124.00
0.348140	124.00
0.348160	124.00
0.348180	124.00
0.348200	124.00
0.348220	124.00
0.348240	124.00
0.348260	124.00
0.348280	125.00
0.348300	125.00
0.348320	125.00
0.348340	125.00
0.348360	125.00
0.348380	125.00
0.348400	125.00
0.348420	126.00
0.348440	126.00
0.348460	126.00
0.348480	126.00
0.348500	125.00
0.348520	125.00
0.348540	125.00
0.348560	125.00
0.348580	125.00
0.348600	125.00
0.348620	124.00
0.348640	124.00
0.348660	124.00
0.348680	124.00
0.348700	124.00
0.348720	123.00
0.348740	123.00
0.348760	124.00
0.348780	125.00
0.348800	125.00
0.348820	126.00
0.348840	126.00
0.348860	126.00
0.348880	126.00
0.348900	126.00
0.348920	126.00
0.348940	126.00
0.348960	126.00
0.348980	125.00
0.349000	125.00
0.349020	125.00
0.349040	124.00
0.349060	124.00
0.349080	124.00
0.349100	124.00
0.349120	125.00
0.349140	125.00
0.349160	124.00
0.349180	124.00
0.349200	124.00
0.349220	125.00
0.349240	125.00
0.349260	126.00
0.349280	126.00
0.349300	126.00
0.349320	126.00
0.349340	126.00
0.349360	126.00
0.349380	126.00
0.349400	126.00
0.349420	125.00
0.349440	125.00
0.349460	125.00
0.349480	125.00
0.349500	125.00
0.349520	126.00
0.349540	126.00
0.349560	126.00
0.349580	125.00
0.349600	125.00
0.349620	125.00
0.349640	125.00
0.349660	125.00
0.349680	125.00
0.349700	125.00
0.349720	124.00
0.349740	124.00
0.349760	124.00
0.349780	124.00
0.349800	124.00
0.349820	124.00
0.349840	124.00
0.349860	125.00
0.349880	125.00
0.349900	125.00
0.349920	125.00
0.349940	125.00
0.349960	125.00
0.349980	125.00
0.350000	125.00
0.350020	125.00
0.350040	125.00
0.350060	125.00
0.350080	125.00
0.350100	125.00
0.350120	125.00
0.350140	125.00
0.350160	125.00
0.350180	125.00
0.350200	125.00
0.350220	126.00
0.350240	126.00
0.350260	126.00
0.350280	126.00
0.350300	126.00
0.350320	125.00
0.350340	125.00
0.350360	125.00
0.350380	125.00
0.350400	124.00
0.350420	124.00
0.350440	124.00
0.350460	123.00
0.350480	123.00
0.350500	123.00
0.350520	123.00
0.350540	124.00
0.350560	124.00
0.350580	125.00
0.350600	125.00
0.350620	126.00
0.350640	127.00
0.350660	128.00
0.350680	129.00
0.350700	128.00
0.350720	127.00
0.350740	126.00
0.350760	125.00
0.350780	125.00
0.350800	124.00
0.350820	122.00
0.350840	121.00
0.350860	121.00
0.350880	120.00
0.350900	120.00
0.350920	120.00
0.350940	121.00
0.350960	122.00
0.350980	124.00
0.351000	126.00
0.351020	128.00
0.351040	129.00
0.351060	131.00
0.351080	132.00
0.351100	133.00
0.351120	133.00
0.351140	133.00
0.351160	132.00
0.351180	130.00
0.351200	127.00
0.351220	123.00
0.351240	120.00
0.351260	117.00
0.351280	114.00
0.351300	112.00
0.351320	111.00
0.351340	111.00
0.351360	113.00
0.351380	117.00
0.351400	121.00
0.351420	126.00
0.351440	130.00
0.351460	135.00
0.351480	139.00
0.351500	141.00
0.351520	142.00
0.351540	141.00
0.351560	139.00
0.351580	137.00
0.351600	133.00
0.351620	128.00
0.351640	122.00
0.351660	116.00
0.351680	112.00
0.351700	109.00
0.351720	107.00
0.351740	107.00
0.351760	108.00
0.351780	111.00
0.351800	115.00
0.351820	120.00
0.351840	125.00
0.351860	130.00
0.351880	135.00
0.351900	139.00
0.351920	141.00
0.351940	142.00
0.351960	141.00
0.351980	139.00
0.352000	136.00
0.352020	132.00
0.352040	128.00
0.352060	123.00
0.352080	119.00
0.352100	116.00
0.352120	114.00
0.352140	113.00
0.352160	113.00
0.352180	114.00
0.352200	116.00
0.352220	118.00
0.352240	121.00
0.352260	124.00
0.352280	127.00
0.352300	130.00
0.352320	132.00
0.352340	134.00
0.352360	134.00
0.352380	134.00
0.352400	133.00
0.352420	131.00
0.352440	128.00
0.352460	126.00
0.352480	124.00
0.352500	123.00
0.352520	122.00
0.352540	121.00
0.352560	120.00
0.352580	120.00
0.352600	120.00
0.352620	121.00
0.352640	122.00
0.352660	123.00
0.352680	124.00
0.352700	125.00
0.352720	126.00
0.352740	127.00
0.352760	128.00
0.352780	128.00
0.352800	128.00
0.352820	128.00
0.352840	127.00
0.352860	126.00
0.352880	126.00
0.352900	125.00
0.352920	124.00
0.352940	123.00
0.352960	123.00
0.352980	123.00
0.353000	123.00
0.353020	123.00
0.353040	123.00
0.353060	123.00
0.353080	123.00
0.353100	124.00
0.353120	124.00
0.353140	125.00
0.353160	126.00
0.353180	126.00
0.353200	126.00
0.353220	126.00
0.353240	126.00
0.353260	126.00
0.353280	125.00
0.353300	125.00
0.353320	125.00
0.353340	125.00
0.353360	125.00
0.353380	125.00
0.353400	124.00
0.353420	123.00
0.353440	123.00
0.353460	124.00
0.353480	124.00
0.353500	125.00
0.353520	125.00
0.353540	125.00
0.353560	126.00
0.353580	126.00
0.353600	126.00
0.353620	126.00
0.353640	126.00
0.353660	125.00
0.353680	125.00
0.353700	125.00
0.353720	125.00
0.353740	125.00
0.353760	125.00
0.353780	125.00
0.353800	125.00
0.353820	124.00
0.353840	124.00
0.353860	124.00
0.353880	124.00
0.353900	124.00
0.353920	124.00
0.353940	124.00
0.353960	124.00
0.353980	125.00
0.354000	125.00
0.354020	125.00
0.354040	125.00
0.354060	125.00
0.354080	125.00
0.354100	124.00
0.354120	124.00
0.354140	124.00
0.354160	124.00
0.354180	125.00
0.354200	125.00
0.354220	125.00
0.354240	125.00
0.354260	125.00
0.354280	125.00
0.354300	125.00
0.354320	125.00
0.354340	125.00
0.354360	125.00
0.354380	125.00
0.354400	124.00
0.354420	124.00
0.354440	124.00
0.354460	124.00
0.354480	124.00
0.354500	124.00
0.354520	125.00
0.354540	125.00
0.354560	125.00
0.354580	125.00
0.354600	126.00
0.354620	126.00
0.354640	126.00
0.354660	126.00
0.354680	126.00
0.354700	126.00
0.354720	126.00
0.354740	126.00
0.354760	126.00
0.354780	125.00
0.354800	124.00
0.354820	124.00
0.354840	124.00
0.354860	124.00
0.354880	123.00
0.354900	123.00
0.354920	123.00
0.354940	124.00
0.354960	125.00
0.354980	125.00
0.355000	125.00
0.355020	125.00
0.355040	125.00
0.355060	125.00
0.355080	125.00
0.355100	125.00
0.355120	125.00
0.355140	125.00
0.355160	125.00
0.355180	125.00
0.355200	125.00
0.355220	125.00
0.355240	125.00
0.355260	125.00
0.355280	125.00
0.355300	125.00
0.355320	124.00
0.355340	124.00
0.355360	124.00
0.355380	125.00
0.355400	125.00
0.355420	125.00
0.355440	125.00
0.355460	125.00
0.355480	125.00
0.355500	125.00
0.355520	125.00
0.355540	125.00
0.355560	125.00
0.355580	126.00
0.355600	126.00
0.355620	126.00
0.355640	126.00
0.355660	125.00
0.355680	125.00
0.355700	125.00
0.355720	125.00
0.355740	125.00
0.355760	125.00
0.355780	125.00
0.355800	124.00
0.355820	124.00
0.355840	124.00
0.355860	124.00
0.355880	124.00
0.355900	124.00
0.355920	125.00
0.355940	125.00
0.355960	125.00
0.355980	125.00
0.356000	125.00
0.356020	125.00
0.356040	125.00
0.356060	125.00
0.356080	125.00
0.356100	125.00
0.356120	125.00
0.356140	125.00
0.356160	125.00
0.356180	125.00
0.356200	125.00
0.356220	124.00
0.356240	124.00
0.356260	124.00
0.356280	124.00
0.356300	124.00
0.356320	124.00
0.356340	124.00
0.356360	124.00
0.356380	125.00
0.356400	125.00
0.356420	125.00
0.356440	125.00
0.356460	125.00
0.356480	125.00
0.356500	125.00
0.356520	125.00
0.356540	125.00
0.356560	125.00
0.356580	125.00
0.356600	124.00
0.356620	124.00
0.356640	124.00
0.356660	124.00
0.356680	124.00
0.356700	124.00
0.356720	124.00
0.356740	125.00
0.356760	125.00
0.356780	125.00
0.356800	125.00
0.356820	126.00
0.356840	127.00
0.356860	127.00
0.356880	127.00
0.356900	126.00
0.356920	126.00
0.356940	125.00
0.356960	125.00
0.356980	125.00
0.357000	125.00
0.357020	124.00
0.357040	123.00
0.357060	122.00
0.357080	122.00
0.357100	122.00
0.357120	122.00
0.357140	123.00
0.357160	124.00
0.357180	125.00
0.357200	126.00
0.357220	127.00
0.357240	128.00
0.357260	129.00
0.357280	130.00
0.357300	130.00
0.357320	130.00
0.357340	130.00
0.357360	129.00
0.357380	127.00
0.357400	125.00
0.357420	123.00
0.357440	121.00
0.357460	119.00
0.357480	118.00
0.357500	117.00
0.357520	117.00
0.357540	117.00
0.357560	118.00
0.357580	121.00
0.357600	124.00
0.357620	126.00
0.357640	129.00
0.357660	132.00
0.357680	134.00
0.357700	135.00
0.357720	135.00
0.357740	134.00
0.357760	132.00
0.357780	130.00
0.357800	127.00
0.357820	123.00
0.357840	120.00
0.357860	118.00
0.357880	116.00
0.357900	115.00
0.357920	114.00
0.357940	115.00
0.357960	116.00
0.357980	118.00
0.358000	121.00
0.358020	124.00
0.358040	127.00
0.358060	130.00
0.358080	132.00
0.358100	134.00
0.358120	134.00
0.358140	134.00
0.358160	133.00
0.358180	131.00
0.358200	129.00
0.358220	127.00
0.358240	125.00
0.358260	123.00
0.358280	121.00
0.358300	120.00
0.358320	119.00
0.358340	118.00
0.358360	119.00
0.358380	120.00
0.358400	121.00
0.358420	123.00
0.358440	124.00
0.358460	125.00
0.358480	126.00
0.358500	127.00
0.358520	128.00
0.358540	129.00
0.358560	129.00
0.358580	128.00
0.358600	128.00
0.358620	127.00
0.358640	127.00
0.358660	126.00
0.358680	125.00
0.358700	124.00
0.358720	124.00
0.358740	124.00
0.358760	123.00
0.358780	123.00
0.358800	123.00
0.358820	123.00
0.358840	124.00
0.358860	124.00
0.358880	124.00
0.358900	124.00
0.358920	125.00
0.358940	126.00
0.358960	126.00
0.358980	126.00
0.359000	126.00
0.359020	125.00
0.359040	125.00
0.359060	125.00
0.359080	125.00
0.359100	125.00
0.359120	125.00
0.359140	125.00
0.359160	125.00
0.359180	125.00
0.359200	124.00
0.359220	124.00
0.359240	124.00
0.359260	125.00
0.359280	125.00
0.359300	125.00
0.359320	125.00
0.359340	125.00
0.359360	125.00
0.359380	125.00
0.359400	125.00
0.359420	125.00
0.359440	125.00
0.359460	125.00
0.359480	125.00
0.359500	125.00
0.359520	125.00
0.359540	125.00
0.359560	125.00
0.359580	125.00
0.359600	125.00
0.359620	125.00
0.359640	125.00
0.359660	125.00
0.359680	125.00
0.359700	125.00
0.359720	125.00
0.359740	124.00
0.359760	124.00
0.359780	124.00
0.359800	124.00
0.359820	124.00
0.359840	125.00
0.359860	125.00
0.359880	126.00
0.359900	125.00
0.359920	125.00
0.359940	125.00
0.359960	125.00
0.359980	126.00
