0.320000	101.00
0.320020	49.00
0.320040	101.00
0.320060	140.00
0.320080	144.00
0.320100	125.00
0.320120	112.00
0.320140	117.00
0.320160	130.00
0.320180	133.00
0.320200	125.00
0.320220	118.00
0.320240	121.00
0.320260	128.00
0.320280	129.00
0.320300	124.00
0.320320	120.00
0.320340	122.00
0.320360	127.00
0.320380	128.00
0.320400	124.00
0.320420	121.00
0.320440	122.00
0.320460	126.00
0.320480	127.00
0.320500	125.00
0.320520	122.00
0.320540	124.00
0.320560	127.00
0.320580	128.00
0.320600	125.00
0.320620	123.00
0.320640	124.00
0.320660	126.00
0.320680	127.00
0.320700	124.00
0.320720	123.00
0.320740	124.00
0.320760	127.00
0.320780	127.00
0.320800	125.00
0.320820	123.00
0.320840	123.00
0.320860	126.00
0.320880	126.00
0.320900	124.00
0.320920	122.00
0.320940	123.00
0.320960	125.00
0.320980	126.00
0.321000	124.00
0.321020	123.00
0.321040	123.00
0.321060	125.00
0.321080	126.00
0.321100	125.00
0.321120	124.00
0.321140	124.00
0.321160	126.00
0.321180	126.00
0.321200	125.00
0.321220	124.00
0.321240	125.00
0.321260	126.00
0.321280	126.00
0.321300	125.00
0.321320	123.00
0.321340	124.00
0.321360	125.00
0.321380	125.00
0.321400	124.00
0.321420	123.00
0.321440	124.00
0.321460	125.00
0.321480	125.00
0.321500	124.00
0.321520	124.00
0.321540	124.00
0.321560	126.00
0.321580	126.00
0.321600	125.00
0.321620	124.00
0.321640	125.00
0.321660	126.00
0.321680	126.00
0.321700	125.00
0.321720	124.00
0.321740	124.00
0.321760	125.00
0.321780	126.00
0.321800	125.00
0.321820	125.00
0.321840	125.00
0.321860	126.00
0.321880	126.00
0.321900	125.00
0.321920	124.00
0.321940	124.00
0.321960	125.00
0.321980	125.00
0.322000	124.00
0.322020	124.00
0.322040	124.00
0.322060	125.00
0.322080	125.00
0.322100	125.00
0.322120	124.00
0.322140	124.00
0.322160	125.00
0.322180	125.00
0.322200	124.00
0.322220	124.00
0.322240	124.00
0.322260	125.00
0.322280	125.00
0.322300	125.00
0.322320	124.00
0.322340	125.00
0.322360	126.00
0.322380	126.00
0.322400	125.00
0.322420	124.00
0.322440	124.00
0.322460	125.00
0.322480	125.00
0.322500	124.00
0.322520	124.00
0.322540	124.00
0.322560	125.00
0.322580	125.00
0.322600	124.00
0.322620	124.00
0.322640	125.00
0.322660	126.00
0.322680	126.00
0.322700	125.00
0.322720	124.00
0.322740	124.00
0.322760	125.00
0.322780	125.00
0.322800	124.00
0.322820	124.00
0.322840	124.00
0.322860	125.00
0.322880	125.00
0.322900	124.00
0.322920	124.00
0.322940	124.00
0.322960	125.00
0.322980	125.00
0.323000	125.00
0.323020	125.00
0.323040	125.00
0.323060	125.00
0.323080	125.00
0.323100	125.00
0.323120	124.00
0.323140	124.00
0.323160	125.00
0.323180	125.00
0.323200	124.00
0.323220	124.00
0.323240	124.00
0.323260	125.00
0.323280	125.00
0.323300	124.00
0.323320	124.00
0.323340	124.00
0.323360	125.00
0.323380	125.00
0.323400	125.00
0.323420	125.00
0.323440	124.00
0.323460	125.00
0.323480	124.00
0.323500	124.00
0.323520	124.00
0.323540	124.00
0.323560	125.00
0.323580	125.00
0.323600	124.00
0.323620	124.00
0.323640	124.00
0.323660	125.00
0.323680	125.00
0.323700	125.00
0.323720	125.00
0.323740	125.00
0.323760	125.00
0.323780	125.00
0.323800	124.00
0.323820	124.00
0.323840	124.00
0.323860	125.00
0.323880	126.00
0.323900	125.00
0.323920	125.00
0.323940	125.00
0.323960	126.00
0.323980	126.00
0.324000	125.00
0.324020	124.00
0.324040	124.00
0.324060	125.00
0.324080	126.00
0.324100	125.00
0.324120	124.00
0.324140	124.00
0.324160	125.00
0.324180	125.00
0.324200	125.00
0.324220	125.00
0.324240	125.00
0.324260	125.00
0.324280	126.00
0.324300	125.00
0.324320	125.00
0.324340	124.00
0.324360	124.00
0.324380	125.00
0.324400	125.00
0.324420	125.00
0.324440	125.00
0.324460	125.00
0.324480	125.00
0.324500	124.00
0.324520	124.00
0.324540	125.00
0.324560	126.00
0.324580	126.00
0.324600	125.00
0.324620	124.00
0.324640	124.00
0.324660	124.00
0.324680	124.00
0.324700	124.00
0.324720	124.00
0.324740	124.00
0.324760	125.00
0.324780	125.00
0.324800	125.00
0.324820	125.00
0.324840	125.00
0.324860	125.00
0.324880	125.00
0.324900	124.00
0.324920	125.00
0.324940	125.00
0.324960	126.00
0.324980	126.00
0.325000	125.00
0.325020	124.00
0.325040	124.00
0.325060	125.00
0.325080	125.00
0.325100	125.00
0.325120	124.00
0.325140	124.00
0.325160	124.00
0.325180	124.00
0.325200	124.00
0.325220	124.00
0.325240	124.00
0.325260	124.00
0.325280	125.00
0.325300	125.00
0.325320	125.00
0.325340	125.00
0.325360	125.00
0.325380	125.00
0.325400	125.00
0.325420	125.00
0.325440	125.00
0.325460	124.00
0.325480	124.00
0.325500	124.00
0.325520	123.00
0.325540	122.00
0.325560	121.00
0.325580	120.00
0.325600	120.00
0.325620	121.00
0.325640	123.00
0.325660	126.00
0.325680	128.00
0.325700	131.00
0.325720	135.00
0.325740	139.00
0.325760	143.00
0.325780	146.00
0.325800	146.00
0.325820	144.00
0.325840	139.00
0.325860	130.00
0.325880	119.00
0.325900	108.00
0.325920	99.00
0.325940	91.00
0.325960	85.00
0.325980	80.00
0.326000	79.00
0.326020	81.00
0.326040	89.00
0.326060	101.00
0.326080	117.00
0.326100	136.00
0.326120	154.00
0.326140	170.00
0.326160	182.00
0.326180	189.00
0.326200	193.00
0.326220	193.00
0.326240	188.00
0.326260	178.00
0.326280	160.00
0.326300	136.00
0.326320	108.00
0.326340	78.00
0.326360	49.00
0.326380	25.00
0.326400	9.00
0.326420	4.00
0.326440	9.00
0.326460	24.00
0.326480	50.00
0.326500	86.00
0.326520	131.00
0.326540	178.00
0.326560	217.00
0.326580	243.00
0.326600	254.00
0.326620	255.00
0.326640	253.00
0.326660	242.00
0.326680	220.00
0.326700	181.00
0.326720	126.00
0.326740	67.00
0.326760	21.00
0.326780	0.00
0.326800	0.00
0.326820	4.00
0.326840	6.00
0.326860	0.00
0.326880	0.00
0.326900	9.00
0.326920	53.00
0.326940	119.00
0.326960	185.00
0.326980	232.00
0.327000	254.00
0.327020	255.00
0.327040	255.00
0.327060	255.00
0.327080	254.00
0.327100	241.00
0.327120	212.00
0.327140	166.00
0.327160	108.00
0.327180	53.00
0.327200	14.00
0.327220	0.00
0.327240	0.00
0.327260	3.00
0.327280	2.00
0.327300	0.00
0.327320	4.00
0.327340	31.00
0.327360	77.00
0.327380	130.00
0.327400	177.00
0.327420	210.00
0.327440	230.00
0.327460	240.00
0.327480	242.00
0.327500	236.00
0.327520	223.00
0.327540	202.00
0.327560	176.00
0.327580	146.00
0.327600	112.00
0.327620	80.00
0.327640	54.00
0.327660	36.00
0.327680	28.00
0.327700	27.00
0.327720	33.00
0.327740	47.00
0.327760	67.00
0.327780	92.00
0.327800	116.00
0.327820	139.00
0.327840	159.00
0.327860	175.00
0.327880	185.00
0.327900	189.00
0.327920	187.00
0.327940	180.00
0.327960	169.00
0.327980	157.00
0.328000	142.00
0.328020	126.00
0.328040	111.00
0.328060	100.00
0.328080	91.00
0.328100	85.00
0.328120	83.00
0.328140	85.00
0.328160	90.00
0.328180	98.00
0.328200	107.00
0.328220	117.00
0.328240	126.00
0.328260	135.00
0.328280	143.00
0.328300	148.00
0.328320	150.00
0.328340	150.00
0.328360	148.00
0.328380	145.00
0.328400	140.00
0.328420	134.00
0.328440	128.00
0.328460	123.00
0.328480	118.00
0.328500	114.00
0.328520	111.00
0.328540	109.00
0.328560	109.00
0.328580	111.00
0.328600	113.00
0.328620	116.00
0.328640	120.00
0.328660	123.00
0.328680	127.00
0.328700	130.00
0.328720	132.00
0.328740	134.00
0.328760	135.00
0.328780	135.00
0.328800	134.00
0.328820	132.00
0.328840	130.00
0.328860	129.00
0.328880	127.00
0.328900	125.00
0.328920	122.00
0.328940	120.00
0.328960	119.00
0.328980	119.00
0.329000	119.00
0.329020	119.00
0.329040	120.00
0.329060	122.00
0.329080	123.00
0.329100	124.00
0.329120	126.00
0.329140	127.00
0.329160	129.00
0.329180	130.00
0.329200	130.00
0.329220	129.00
0.329240	128.00
0.329260	128.00
0.329280	127.00
0.329300	126.00
0.329320	125.00
0.329340	124.00
0.329360	124.00
0.329380	123.00
0.329400	122.00
0.329420	122.00
0.329440	122.00
0.329460	123.00
0.329480	124.00
0.329500	124.00
0.329520	124.00
0.329540	125.00
0.329560	126.00
0.329580	127.00
0.329600	126.00
0.329620	126.00
0.329640	126.00
0.329660	126.00
0.329680	127.00
0.329700	126.00
0.329720	125.00
0.329740	124.00
0.329760	124.00
0.329780	124.00
0.329800	124.00
0.329820	123.00
0.329840	123.00
0.329860	124.00
0.329880	124.00
0.329900	124.00
0.329920	124.00
0.329940	124.00
0.329960	125.00
0.329980	125.00
0.330000	126.00
0.330020	126.00
0.330040	126.00
0.330060	126.00
0.330080	126.00
0.330100	126.00
0.330120	125.00
0.330140	125.00
0.330160	125.00
0.330180	125.00
0.330200	124.00
0.330220	124.00
0.330240	124.00
0.330260	125.00
0.330280	125.00
0.330300	126.00
0.330320	126.00
0.330340	126.00
0.330360	126.00
0.330380	125.00
0.330400	125.00
0.330420	125.00
0.330440	125.00
0.330460	125.00
0.330480	125.00
0.330500	125.00
0.330520	124.00
0.330540	125.00
0.330560	125.00
0.330580	126.00
0.330600	125.00
0.330620	125.00
0.330640	125.00
0.330660	125.00
0.330680	125.00
0.330700	125.00
0.330720	124.00
0.330740	124.00
0.330760	125.00
0.330780	125.00
0.330800	125.00
0.330820	125.00
0.330840	125.00
0.330860	125.00
0.330880	125.00
0.330900	125.00
0.330920	125.00
0.330940	125.00
0.330960	125.00
0.330980	126.00
0.331000	125.00
0.331020	125.00
0.331040	124.00
0.331060	124.00
0.331080	124.00
0.331100	124.00
0.331120	124.00
0.331140	124.00
0.331160	125.00
0.331180	125.00
0.331200	125.00
0.331220	125.00
0.331240	125.00
0.331260	125.00
0.331280	125.00
0.331300	125.00
0.331320	125.00
0.331340	125.00
0.331360	125.00
0.331380	125.00
0.331400	125.00
0.331420	124.00
0.331440	124.00
0.331460	125.00
0.331480	125.00
0.331500	125.00
0.331520	124.00
0.331540	124.00
0.331560	124.00
0.331580	125.00
0.331600	125.00
0.331620	125.00
0.331640	125.00
0.331660	125.00
0.331680	125.00
0.331700	125.00
0.331720	125.00
0.331740	125.00
0.331760	125.00
0.331780	125.00
0.331800	125.00
0.331820	125.00
0.331840	125.00
0.331860	125.00
0.331880	124.00
0.331900	124.00
0.331920	122.00
0.331940	121.00
0.331960	121.00
0.331980	120.00
0.332000	120.00
0.332020	121.00
0.332040	123.00
0.332060	125.00
0.332080	128.00
0.332100	129.00
0.332120	131.00
0.332140	133.00
0.332160	134.00
0.332180	136.00
0.332200	136.00
0.332220	135.00
0.332240	133.00
0.332260	130.00
0.332280	127.00
0.332300	122.00
0.332320	118.00
0.332340	114.00
0.332360	111.00
0.332380	109.00
0.332400	107.00
0.332420	106.00
0.332440	107.00
0.332460	110.00
0.332480	115.00
0.332500	122.00
0.332520	129.00
0.332540	137.00
0.332560	144.00
0.332580	151.00
0.332600	155.00
0.332620	157.00
0.332640	155.00
0.332660	151.00
0.332680	144.00
0.332700	135.00
0.332720	123.00
0.332740	111.00
0.332760	99.00
0.332780	89.00
0.332800	82.00
0.332820	78.00
0.332840	78.00
0.332860	83.00
0.332880	91.00
0.332900	103.00
0.332920	118.00
0.332940	134.00
0.332960	150.00
0.332980	164.00
0.333000	175.00
0.333020	182.00
0.333040	185.00
0.333060	183.00
0.333080	176.00
0.333100	164.00
0.333120	148.00
0.333140	130.00
0.333160	112.00
0.333180	94.00
0.333200	79.00
0.333220	67.00
0.333240	60.00
0.333260	58.00
0.333280	62.00
0.333300	71.00
0.333320	85.00
0.333340	102.00
0.333360	120.00
0.333380	138.00
0.333400	154.00
0.333420	167.00
0.333440	177.00
0.333460	183.00
0.333480	184.00
0.333500	179.00
0.333520	170.00
0.333540	158.00
0.333560	144.00
0.333580	130.00
0.333600	115.00
0.333620	101.00
0.333640	89.00
0.333660	81.00
0.333680	77.00
0.333700	78.00
0.333720	81.00
0.333740	89.00
0.333760	98.00
0.333780	110.00
0.333800	122.00
0.333820	133.00
0.333840	143.00
0.333860	151.00
0.333880	157.00
0.333900	159.00
0.333920	159.00
0.333940	155.00
0.333960	150.00
0.333980	143.00
0.334000	135.00
0.334020	127.00
0.334040	119.00
0.334060	112.00
0.334080	107.00
0.334100	104.00
0.334120	103.00
0.334140	103.00
0.334160	105.00
0.334180	109.00
0.334200	113.00
0.334220	119.00
0.334240	124.00
0.334260	129.00
0.334280	133.00
0.334300	137.00
0.334320	139.00
0.334340	140.00
0.334360	139.00
0.334380	138.00
0.334400	135.00
0.334420	132.00
0.334440	128.00
0.334460	125.00
0.334480	121.00
0.334500	119.00
0.334520	117.00
0.334540	116.00
0.334560	116.00
0.334580	116.00
0.334600	117.00
0.334620	119.00
0.334640	121.00
0.334660	123.00
0.334680	125.00
0.334700	127.00
0.334720	128.00
0.334740	130.00
0.334760	131.00
0.334780	132.00
0.334800	131.00
0.334820	130.00
0.334840	129.00
0.334860	128.00
0.334880	126.00
0.334900	125.00
0.334920	123.00
0.334940	122.00
0.334960	121.00
0.334980	121.00
0.335000	121.00
0.335020	121.00
0.335040	122.00
0.335060	122.00
0.335080	123.00
0.335100	124.00
0.335120	125.00
0.335140	126.00
0.335160	127.00
0.335180	127.00
0.335200	128.00
0.335220	128.00
0.335240	128.00
0.335260	127.00
0.335280	127.00
0.335300	126.00
0.335320	126.00
0.335340	125.00
0.335360	124.00
0.335380	123.00
0.335400	123.00
0.335420	123.00
0.335440	123.00
0.335460	123.00
0.335480	123.00
0.335500	123.00
0.335520	124.00
0.335540	124.00
0.335560	125.00
0.335580	126.00
0.335600	126.00
0.335620	126.00
0.335640	126.00
0.335660	126.00
0.335680	126.00
0.335700	126.00
0.335720	126.00
0.335740	126.00
0.335760	126.00
0.335780	125.00
0.335800	125.00
0.335820	125.00
0.335840	125.00
0.335860	125.00
0.335880	125.00
0.335900	125.00
0.335920	124.00
0.335940	124.00
0.335960	124.00
0.335980	124.00
0.336000	124.00
0.336020	124.00
0.336040	125.00
0.336060	125.00
0.336080	126.00
0.336100	126.00
0.336120	126.00
0.336140	126.00
0.336160	126.00
0.336180	126.00
0.336200	126.00
0.336220	126.00
0.336240	126.00
0.336260	126.00
0.336280	125.00
0.336300	124.00
0.336320	124.00
0.336340	124.00
0.336360	124.00
0.336380	124.00
0.336400	123.00
0.336420	123.00
0.336440	123.00
0.336460	124.00
0.336480	125.00
0.336500	125.00
0.336520	125.00
0.336540	126.00
0.336560	126.00
0.336580	126.00
0.336600	126.00
0.336620	126.00
0.336640	125.00
0.336660	125.00
0.336680	125.00
0.336700	125.00
0.336720	125.00
0.336740	124.00
0.336760	124.00
0.336780	124.00
0.336800	124.00
0.336820	124.00
0.336840	124.00
0.336860	125.00
0.336880	125.00
0.336900	125.00
0.336920	125.00
0.336940	125.00
0.336960	125.00
0.336980	126.00
0.337000	126.00
0.337020	126.00
0.337040	126.00
0.337060	126.00
0.337080	126.00
0.337100	126.00
0.337120	125.00
0.337140	124.00
0.337160	124.00
0.337180	124.00
0.337200	124.00
0.337220	125.00
0.337240	125.00
0.337260	125.00
0.337280	125.00
0.337300	125.00
0.337320	124.00
0.337340	125.00
0.337360	125.00
0.337380	125.00
0.337400	125.00
0.337420	125.00
0.337440	125.00
0.337460	125.00
0.337480	125.00
0.337500	125.00
0.337520	125.00
0.337540	125.00
0.337560	125.00
0.337580	125.00
0.337600	125.00
0.337620	124.00
0.337640	124.00
0.337660	124.00
0.337680	125.00
0.337700	125.00
0.337720	125.00
0.337740	125.00
0.337760	125.00
0.337780	125.00
0.337800	126.00
0.337820	126.00
0.337840	126.00
0.337860	126.00
0.337880	126.00
0.337900	125.00
0.337920	125.00
0.337940	125.00
0.337960	126.00
0.337980	126.00
0.338000	126.00
0.338020	125.00
0.338040	125.00
0.338060	125.00
0.338080	125.00
0.338100	124.00
0.338120	123.00
0.338140	122.00
0.338160	122.00
0.338180	122.00
0.338200	122.00
0.338220	122.00
0.338240	123.00
0.338260	125.00
0.338280	127.00
0.338300	128.00
0.338320	130.00
0.338340	131.00
0.338360	132.00
0.338380	132.00
0.338400	133.00
0.338420	132.00
0.338440	130.00
0.338460	128.00
0.338480	125.00
0.338500	122.00
0.338520	120.00
0.338540	117.00
0.338560	115.00
0.338580	113.00
0.338600	112.00
0.338620	112.00
0.338640	113.00
0.338660	117.00
0.338680	121.00
0.338700	126.00
0.338720	131.00
0.338740	135.00
0.338760	139.00
0.338780	142.00
0.338800	144.00
0.338820	145.00
0.338840	144.00
0.338860	141.00
0.338880	136.00
0.338900	129.00
0.338920	121.00
0.338940	112.00
0.338960	104.00
0.338980	98.00
0.339000	93.00
0.339020	92.00
0.339040	93.00
0.339060	98.00
0.339080	104.00
0.339100	114.00
0.339120	125.00
0.339140	137.00
0.339160	149.00
0.339180	159.00
0.339200	166.00
0.339220	169.00
0.339240	169.00
0.339260	165.00
0.339280	157.00
0.339300	146.00
0.339320	132.00
0.339340	118.00
0.339360	104.00
0.339380	92.00
0.339400	82.00
0.339420	76.00
0.339440	75.00
0.339460	78.00
0.339480	85.00
0.339500	95.00
0.339520	108.00
0.339540	122.00
0.339560	136.00
0.339580	149.00
0.339600	159.00
0.339620	166.00
0.339640	170.00
0.339660	170.00
0.339680	166.00
0.339700	159.00
0.339720	148.00
0.339740	137.00
0.339760	124.00
0.339780	113.00
0.339800	102.00
0.339820	94.00
0.339840	89.00
0.339860	87.00
0.339880	88.00
0.339900	93.00
0.339920	100.00
0.339940	108.00
0.339960	118.00
0.339980	128.00
0.340000	136.00
0.340020	143.00
0.340040	149.00
0.340060	151.00
0.340080	152.00
0.340100	149.00
0.340120	146.00
0.340140	141.00
0.340160	135.00
0.340180	129.00
0.340200	122.00
0.340220	116.00
0.340240	111.00
0.340260	108.00
0.340280	107.00
0.340300	107.00
0.340320	108.00
0.340340	111.00
0.340360	115.00
0.340380	119.00
0.340400	124.00
0.340420	128.00
0.340440	131.00
0.340460	134.00
0.340480	136.00
0.340500	137.00
0.340520	136.00
0.340540	134.00
0.340560	132.00
0.340580	130.00
0.340600	128.00
0.340620	125.00
0.340640	123.00
0.340660	121.00
0.340680	119.00
0.340700	118.00
0.340720	118.00
0.340740	118.00
0.340760	119.00
0.340780	121.00
0.340800	122.00
0.340820	124.00
0.340840	126.00
0.340860	127.00
0.340880	128.00
0.340900	129.00
0.340920	129.00
0.340940	129.00
0.340960	129.00
0.340980	128.00
0.341000	127.00
0.341020	126.00
0.341040	125.00
0.341060	124.00
0.341080	123.00
0.341100	123.00
0.341120	122.00
0.341140	121.00
0.341160	121.00
0.341180	122.00
0.341200	123.00
0.341220	123.00
0.341240	124.00
0.341260	125.00
0.341280	125.00
0.341300	126.00
0.341320	126.00
0.341340	126.00
0.341360	127.00
0.341380	127.00
0.341400	127.00
0.341420	127.00
0.341440	126.00
0.341460	125.00
0.341480	125.00
0.341500	125.00
0.341520	125.00
0.341540	124.00
0.341560	123.00
0.341580	123.00
0.341600	124.00
0.341620	124.00
0.341640	124.00
0.341660	124.00
0.341680	124.00
0.341700	125.00
0.341720	125.00
0.341740	125.00
0.341760	125.00
0.341780	125.00
0.341800	125.00
0.341820	125.00
0.341840	125.00
0.341860	126.00
0.341880	126.00
0.341900	126.00
0.341920	126.00
0.341940	126.00
0.341960	126.00
0.341980	125.00
0.342000	125.00
0.342020	125.00
0.342040	124.00
0.342060	124.00
0.342080	124.00
0.342100	124.00
0.342120	124.00
0.342140	124.00
0.342160	124.00
0.342180	124.00
0.342200	124.00
0.342220	124.00
0.342240	124.00
0.342260	125.00
0.342280	125.00
0.342300	125.00
0.342320	126.00
0.342340	126.00
0.342360	126.00
0.342380	126.00
0.342400	126.00
0.342420	126.00
0.342440	126.00
0.342460	126.00
0.342480	126.00
0.342500	125.00
0.342520	125.00
0.342540	124.00
0.342560	124.00
0.342580	123.00
0.342600	123.00
0.342620	123.00
0.342640	124.00
0.342660	124.00
0.342680	124.00
0.342700	124.00
0.342720	125.00
0.342740	125.00
0.342760	126.00
0.342780	126.00
0.342800	126.00
0.342820	126.00
0.342840	126.00
0.342860	126.00
0.342880	126.00
0.342900	126.00
0.342920	125.00
0.342940	125.00
0.342960	125.00
0.342980	124.00
0.343000	124.00
0.343020	124.00
0.343040	124.00
0.343060	124.00
0.343080	124.00
0.343100	124.00
0.343120	124.00
0.343140	125.00
0.343160	125.00
0.343180	125.00
0.343200	125.00
0.343220	126.00
0.343240	126.00
0.343260	126.00
0.343280	126.00
0.343300	126.00
0.343320	125.00
0.343340	125.00
0.343360	125.00
0.343380	125.00
0.343400	125.00
0.343420	124.00
0.343440	124.00
0.343460	124.00
0.343480	124.00
0.343500	124.00
0.343520	124.00
0.343540	124.00
0.343560	124.00
0.343580	124.00
0.343600	124.00
0.343620	124.00
0.343640	125.00
0.343660	126.00
0.343680	126.00
0.343700	126.00
0.343720	126.00
0.343740	125.00
0.343760	125.00
0.343780	125.00
0.343800	125.00
0.343820	125.00
0.343840	125.00
0.343860	125.00
0.343880	125.00
0.343900	125.00
0.343920	125.00
0.343940	125.00
0.343960	125.00
0.343980	125.00
0.344000	125.00
0.344020	125.00
0.344040	125.00
0.344060	125.00
0.344080	125.00
0.344100	125.00
0.344120	125.00
0.344140	125.00
0.344160	125.00
0.344180	125.00
0.344200	125.00
0.344220	125.00
0.344240	125.00
0.344260	125.00
0.344280	125.00
0.344300	124.00
0.344320	123.00
0.344340	123.00
0.344360	123.00
0.344380	123.00
0.344400	123.00
0.344420	123.00
0.344440	124.00
0.344460	125.00
0.344480	126.00
0.344500	127.00
0.344520	128.00
0.344540	129.00
0.344560	129.00
0.344580	129.00
0.344600	129.00
0.344620	128.00
0.344640	126.00
0.344660	125.00
0.344680	123.00
0.344700	122.00
0.344720	120.00
0.344740	118.00
0.344760	117.00
0.344780	117.00
0.344800	117.00
0.344820	118.00
0.344840	120.00
0.344860	122.00
0.344880	125.00
0.344900	128.00
0.344920	131.00
0.344940	133.00
0.344960	135.00
0.344980	137.00
0.345000	138.00
0.345020	137.00
0.345040	136.00
0.345060	133.00
0.345080	129.00
0.345100	123.00
0.345120	118.00
0.345140	113.00
0.345160	109.00
0.345180	107.00
0.345200	105.00
0.345220	105.00
0.345240	107.00
0.345260	110.00
0.345280	116.00
0.345300	123.00
0.345320	131.00
0.345340	139.00
0.345360	146.00
0.345380	151.00
0.345400	153.00
0.345420	153.00
0.345440	150.00
0.345460	145.00
0.345480	137.00
0.345500	128.00
0.345520	119.00
0.345540	110.00
0.345560	103.00
0.345580	98.00
0.345600	95.00
0.345620	94.00
0.345640	96.00
0.345660	101.00
0.345680	108.00
0.345700	116.00
0.345720	125.00
0.345740	133.00
0.345760	141.00
0.345780	147.00
0.345800	151.00
0.345820	153.00
0.345840	152.00
0.345860	148.00
0.345880	143.00
0.345900	137.00
0.345920	130.00
0.345940	122.00
0.345960	116.00
0.345980	110.00
0.346000	106.00
0.346020	104.00
0.346040	104.00
0.346060	105.00
0.346080	108.00
0.346100	113.00
0.346120	118.00
0.346140	124.00
0.346160	129.00
0.346180	134.00
0.346200	137.00
0.346220	139.00
0.346240	140.00
0.346260	140.00
0.346280	138.00
0.346300	135.00
0.346320	132.00
0.346340	128.00
0.346360	124.00
0.346380	121.00
0.346400	118.00
0.346420	116.00
0.346440	115.00
0.346460	115.00
0.346480	116.00
0.346500	117.00
0.346520	119.00
0.346540	121.00
0.346560	124.00
0.346580	126.00
0.346600	128.00
0.346620	130.00
0.346640	131.00
0.346660	132.00
0.346680	131.00
0.346700	130.00
0.346720	129.00
0.346740	128.00
0.346760	127.00
0.346780	126.00
0.346800	125.00
0.346820	123.00
0.346840	122.00
0.346860	121.00
0.346880	121.00
0.346900	121.00
0.346920	121.00
0.346940	122.00
0.346960	123.00
0.346980	124.00
0.347000	125.00
0.347020	125.00
0.347040	126.00
0.347060	127.00
0.347080	127.00
0.347100	128.00
0.347120	128.00
0.347140	127.00
0.347160	127.00
0.347180	126.00
0.347200	125.00
0.347220	125.00
0.347240	124.00
0.347260	124.00
0.347280	124.00
0.347300	124.00
0.347320	124.00
0.347340	124.00
0.347360	123.00
0.347380	123.00
0.347400	124.00
0.347420	124.00
0.347440	125.00
0.347460	126.00
0.347480	126.00
0.347500	126.00
0.347520	126.00
0.347540	126.00
0.347560	126.00
0.347580	126.00
0.347600	125.00
0.347620	125.00
0.347640	125.00
0.347660	125.00
0.347680	124.00
0.347700	124.00
0.347720	124.00
0.347740	124.00
0.347760	124.00
0.347780	124.00
0.347800	124.00
0.347820	124.00
0.347840	125.00
0.347860	125.00
0.347880	125.00
0.347900	125.00
0.347920	125.00
0.347940	125.00
0.347960	125.00
0.347980	125.00
0.348000	125.00
0.348020	125.00
0.348040	125.00
0.348060	125.00
0.348080	126.00
0.348100	126.00
0.348120	125.00
0.348140	125.00
0.348160	125.00
0.348180	125.00
0.348200	125.00
0.348220	125.00
0.348240	124.00
0.348260	124.00
0.348280	125.00
0.348300	124.00
0.348320	124.00
0.348340	124.00
0.348360	124.00
0.348380	124.00
0.348400	125.00
0.348420	125.00
0.348440	125.00
0.348460	125.00
0.348480	125.00
0.348500	126.00
0.348520	126.00
0.348540	126.00
0.348560	126.00
0.348580	126.00
0.348600	126.00
0.348620	126.00
0.348640	126.00
0.348660	126.00
0.348680	125.00
0.348700	124.00
0.348720	124.00
0.348740	123.00
0.348760	123.00
0.348780	123.00
0.348800	123.00
0.348820	124.00
0.348840	124.00
0.348860	125.00
0.348880	125.00
0.348900	125.00
0.348920	126.00
0.348940	126.00
0.348960	126.00
0.348980	126.00
0.349000	126.00
0.349020	126.00
0.349040	126.00
0.349060	126.00
0.349080	125.00
0.349100	125.00
0.349120	125.00
0.349140	124.00
0.349160	124.00
0.349180	124.00
0.349200	124.00
0.349220	124.00
0.349240	124.00
0.349260	124.00
0.349280	124.00
0.349300	124.00
0.349320	125.00
0.349340	125.00
0.349360	126.00
0.349380	126.00
0.349400	126.00
0.349420	126.00
0.349440	126.00
0.349460	126.00
0.349480	126.00
0.349500	126.00
0.349520	126.00
0.349540	126.00
0.349560	126.00
0.349580	126.00
0.349600	125.00
0.349620	125.00
0.349640	125.00
0.349660	125.00
0.349680	124.00
0.349700	124.00
0.349720	124.00
0.349740	124.00
0.349760	125.00
0.349780	125.00
0.349800	125.00
0.349820	125.00
0.349840	125.00
0.349860	125.00
0.349880	125.00
0.349900	125.00
0.349920	125.00
0.349940	126.00
0.349960	126.00
0.349980	126.00
0.350000	126.00
0.350020	125.00
0.350040	124.00
0.350060	124.00
0.350080	124.00
0.350100	124.00
0.350120	124.00
0.350140	124.00
0.350160	124.00
0.350180	124.00
0.350200	124.00
0.350220	125.00
0.350240	125.00
0.350260	125.00
0.350280	125.00
0.350300	125.00
0.350320	125.00
0.350340	125.00
0.350360	126.00
0.350380	126.00
0.350400	125.00
0.350420	125.00
0.350440	125.00
0.350460	125.00
0.350480	125.00
0.350500	125.00
0.350520	124.00
0.350540	123.00
0.350560	123.00
0.350580	123.00
0.350600	123.00
0.350620	124.00
0.350640	124.00
0.350660	125.00
0.350680	126.00
0.350700	127.00
0.350720	127.00
0.350740	127.00
0.350760	127.00
0.350780	127.00
0.350800	127.00
0.350820	126.00
0.350840	125.00
0.350860	124.00
0.350880	123.00
0.350900	122.00
0.350920	121.00
0.350940	121.00
0.350960	121.00
0.350980	121.00
0.351000	121.00
0.351020	122.00
0.351040	123.00
0.351060	125.00
0.351080	126.00
0.351100	127.00
0.351120	128.00
0.351140	129.00
0.351160	131.00
0.351180	132.00
0.351200	132.00
0.351220	131.00
0.351240	129.00
0.351260	127.00
0.351280	125.00
0.351300	122.00
0.351320	120.00
0.351340	117.00
0.351360	115.00
0.351380	113.00
0.351400	113.00
0.351420	114.00
0.351440	116.00
0.351460	119.00
0.351480	124.00
0.351500	128.00
0.351520	133.00
0.351540	137.00
0.351560	139.00
0.351580	140.00
0.351600	140.00
0.351620	139.00
0.351640	137.00
0.351660	133.00
0.351680	128.00
0.351700	123.00
0.351720	118.00
0.351740	114.00
0.351760	111.00
0.351780	109.00
0.351800	109.00
0.351820	110.00
0.351840	112.00
0.351860	116.00
0.351880	120.00
0.351900	124.00
0.351920	129.00
0.351940	133.00
0.351960	136.00
0.351980	138.00
0.352000	139.00
0.352020	139.00
0.352040	137.00
0.352060	135.00
0.352080	132.00
0.352100	129.00
0.352120	125.00
0.352140	121.00
0.352160	118.00
0.352180	116.00
0.352200	115.00
0.352220	115.00
0.352240	115.00
0.352260	116.00
0.352280	118.00
0.352300	121.00
0.352320	123.00
0.352340	125.00
0.352360	127.00
0.352380	129.00
0.352400	131.00
0.352420	131.00
0.352440	132.00
0.352460	131.00
0.352480	130.00
0.352500	129.00
0.352520	127.00
0.352540	126.00
0.352560	124.00
0.352580	122.00
0.352600	121.00
0.352620	121.00
0.352640	121.00
0.352660	121.00
0.352680	121.00
0.352700	122.00
0.352720	122.00
0.352740	123.00
0.352760	125.00
0.352780	126.00
0.352800	126.00
0.352820	127.00
0.352840	127.00
0.352860	127.00
0.352880	127.00
0.352900	127.00
0.352920	127.00
0.352940	126.00
0.352960	125.00
0.352980	125.00
0.353000	124.00
0.353020	124.00
0.353040	123.00
0.353060	123.00
0.353080	123.00
0.353100	124.00
0.353120	124.00
0.353140	124.00
0.353160	124.00
0.353180	124.00
0.353200	124.00
0.353220	125.00
0.353240	126.00
0.353260	126.00
0.353280	126.00
0.353300	126.00
0.353320	126.00
0.353340	126.00
0.353360	125.00
0.353380	125.00
0.353400	125.00
0.353420	125.00
0.353440	125.00
0.353460	124.00
0.353480	124.00
0.353500	124.00
0.353520	124.00
0.353540	124.00
0.353560	124.00
0.353580	124.00
0.353600	124.00
0.353620	124.00
0.353640	125.00
0.353660	125.00
0.353680	125.00
0.353700	125.00
0.353720	125.00
0.353740	125.00
0.353760	125.00
0.353780	125.00
0.353800	125.00
0.353820	125.00
0.353840	125.00
0.353860	125.00
0.353880	125.00
0.353900	124.00
0.353920	124.00
0.353940	125.00
0.353960	125.00
0.353980	126.00
0.354000	125.00
0.354020	124.00
0.354040	124.00
0.354060	124.00
0.354080	124.00
0.354100	125.00
0.354120	124.00
0.354140	124.00
0.354160	125.00
0.354180	125.00
0.354200	125.00
0.354220	125.00
0.354240	125.00
0.354260	125.00
0.354280	125.00
0.354300	125.00
0.354320	125.00
0.354340	124.00
0.354360	124.00
0.354380	124.00
0.354400	125.00
0.354420	125.00
0.354440	125.00
0.354460	125.00
0.354480	124.00
0.354500	124.00
0.354520	124.00
0.354540	125.00
0.354560	125.00
0.354580	125.00
0.354600	125.00
0.354620	125.00
0.354640	125.00
0.354660	125.00
0.354680	125.00
0.354700	125.00
0.354720	126.00
0.354740	126.00
0.354760	126.00
0.354780	126.00
0.354800	126.00
0.354820	126.00
0.354840	125.00
0.354860	125.00
0.354880	125.00
0.354900	124.00
0.354920	124.00
0.354940	123.00
0.354960	123.00
0.354980	123.00
0.355000	124.00
0.355020	124.00
0.355040	125.00
0.355060	125.00
0.355080	125.00
0.355100	126.00
0.355120	126.00
0.355140	126.00
0.355160	126.00
0.355180	126.00
0.355200	126.00
0.355220	126.00
0.355240	126.00
0.355260	126.00
0.355280	125.00
0.355300	125.00
0.355320	125.00
0.355340	124.00
0.355360	124.00
0.355380	124.00
0.355400	123.00
0.355420	123.00
0.355440	123.00
0.355460	123.00
0.355480	124.00
0.355500	125.00
0.355520	125.00
0.355540	126.00
0.355560	126.00
0.355580	126.00
0.355600	127.00
0.355620	127.00
0.355640	127.00
0.355660	127.00
0.355680	127.00
0.355700	127.00
0.355720	126.00
0.355740	125.00
0.355760	124.00
0.355780	124.00
0.355800	124.00
0.355820	124.00
0.355840	124.00
0.355860	123.00
0.355880	123.00
0.355900	123.00
0.355920	124.00
0.355940	124.00
0.355960	125.00
0.355980	125.00
0.356000	126.00
0.356020	126.00
0.356040	126.00
0.356060	126.00
0.356080	126.00
0.356100	126.00
0.356120	126.00
0.356140	126.00
0.356160	126.00
0.356180	125.00
0.356200	125.00
0.356220	125.00
0.356240	124.00
0.356260	124.00
0.356280	124.00
0.356300	124.00
0.356320	125.00
0.356340	125.00
0.356360	125.00
0.356380	125.00
0.356400	125.00
0.356420	125.00
0.356440	125.00
0.356460	125.00
0.356480	125.00
0.356500	125.00
0.356520	126.00
0.356540	126.00
0.356560	126.00
0.356580	125.00
0.356600	125.00
0.356620	125.00
0.356640	125.00
0.356660	125.00
0.356680	125.00
0.356700	124.00
0.356720	124.00
0.356740	124.00
0.356760	124.00
0.356780	124.00
0.356800	124.00
0.356820	124.00
0.356840	125.00
0.356860	126.00
0.356880	126.00
0.356900	127.00
0.356920	127.00
0.356940	126.00
0.356960	126.00
0.356980	126.00
0.357000	126.00
0.357020	126.00
0.357040	125.00
0.357060	124.00
0.357080	123.00
0.357100	122.00
0.357120	122.00
0.357140	122.00
0.357160	122.00
0.357180	123.00
0.357200	124.00
0.357220	124.00
0.357240	124.00
0.357260	124.00
0.357280	125.00
0.357300	126.00
0.357320	127.00
0.357340	128.00
0.357360	129.00
0.357380	129.00
0.357400	129.00
0.357420	128.00
0.357440	127.00
0.357460	126.00
0.357480	124.00
0.357500	122.00
0.357520	121.00
0.357540	119.00
0.357560	119.00
0.357580	118.00
0.357600	119.00
0.357620	119.00
0.357640	121.00
0.357660	123.00
0.357680	125.00
0.357700	128.00
0.357720	130.00
0.357740	132.00
0.357760	133.00
0.357780	133.00
0.357800	133.00
0.357820	132.00
0.357840	130.00
0.357860	128.00
0.357880	125.00
0.357900	123.00
0.357920	120.00
0.357940	118.00
0.357960	117.00
0.357980	117.00
0.358000	117.00
0.358020	118.00
0.358040	119.00
0.358060	121.00
0.358080	123.00
0.358100	125.00
0.358120	127.00
0.358140	129.00
0.358160	131.00
0.358180	131.00
0.358200	132.00
0.358220	131.00
0.358240	131.00
0.358260	130.00
0.358280	128.00
0.358300	127.00
0.358320	125.00
0.358340	123.00
0.358360	121.00
0.358380	120.00
0.358400	120.00
0.358420	120.00
0.358440	120.00
0.358460	121.00
0.358480	121.00
0.358500	122.00
0.358520	123.00
0.358540	124.00
0.358560	125.00
0.358580	126.00
0.358600	127.00
0.358620	128.00
0.358640	128.00
0.358660	129.00
0.358680	128.00
0.358700	128.00
0.358720	127.00
0.358740	127.00
0.358760	126.00
0.358780	125.00
0.358800	124.00
0.358820	123.00
0.358840	123.00
0.358860	123.00
0.358880	123.00
0.358900	123.00
0.358920	122.00
0.358940	122.00
0.358960	123.00
0.358980	124.00
0.359000	125.00
0.359020	125.00
0.359040	126.00
0.359060	126.00
0.359080	126.00
0.359100	126.00
0.359120	126.00
0.359140	126.00
0.359160	126.00
0.359180	126.00
0.359200	126.00
0.359220	126.00
0.359240	125.00
0.359260	124.00
0.359280	124.00
0.359300	124.00
0.359320	124.00
0.359340	124.00
0.359360	124.00
0.359380	124.00
0.359400	124.00
0.359420	124.00
0.359440	124.00
0.359460	125.00
0.359480	125.00
0.359500	125.00
0.359520	126.00
0.359540	126.00
0.359560	125.00
0.359580	125.00
0.359600	125.00
0.359620	125.00
0.359640	125.00
0.359660	125.00
0.359680	125.00
0.359700	125.00
0.359720	125.00
0.359740	125.00
0.359760	125.00
0.359780	124.00
0.359800	124.00
0.359820	124.00
0.359840	124.00
0.359860	125.00
0.359880	125.00
0.359900	125.00
0.359920	125.00
0.359940	125.00
0.359960	125.00
0.359980	126.00
