0.310000	101.00
0.310020	49.00
0.310040	102.00
0.310060	141.00
0.310080	144.00
0.310100	125.00
0.310120	113.00
0.310140	119.00
0.310160	132.00
0.310180	134.00
0.310200	125.00
0.310220	118.00
0.310240	121.00
0.310260	129.00
0.310280	130.00
0.310300	125.00
0.310320	120.00
0.310340	122.00
0.310360	127.00
0.310380	128.00
0.310400	124.00
0.310420	120.00
0.310440	121.00
0.310460	125.00
0.310480	127.00
0.310500	124.00
0.310520	121.00
0.310540	122.00
0.310560	125.00
0.310580	126.00
0.310600	124.00
0.310620	123.00
0.310640	124.00
0.310660	127.00
0.310680	127.00
0.310700	124.00
0.310720	122.00
0.310740	123.00
0.310760	126.00
0.310780	126.00
0.310800	124.00
0.310820	122.00
0.310840	123.00
0.310860	126.00
0.310880	127.00
0.310900	125.00
0.310920	122.00
0.310940	123.00
0.310960	125.00
0.310980	126.00
0.311000	125.00
0.311020	123.00
0.311040	124.00
0.311060	125.00
0.311080	126.00
0.311100	125.00
0.311120	124.00
0.311140	125.00
0.311160	126.00
0.311180	126.00
0.311200	124.00
0.311220	123.00
0.311240	123.00
0.311260	125.00
0.311280	125.00
0.311300	124.00
0.311320	123.00
0.311340	124.00
0.311360	126.00
0.311380	125.00
0.311400	124.00
0.311420	123.00
0.311440	123.00
0.311460	125.00
0.311480	125.00
0.311500	125.00
0.311520	124.00
0.311540	125.00
0.311560	126.00
0.311580	126.00
0.311600	125.00
0.311620	124.00
0.311640	124.00
0.311660	125.00
0.311680	125.00
0.311700	124.00
0.311720	122.00
0.311740	123.00
0.311760	124.00
0.311780	125.00
0.311800	124.00
0.311820	124.00
0.311840	124.00
0.311860	125.00
0.311880	125.00
0.311900	124.00
0.311920	124.00
0.311940	124.00
0.311960	125.00
0.311980	125.00
0.312000	124.00
0.312020	123.00
0.312040	124.00
0.312060	125.00
0.312080	126.00
0.312100	125.00
0.312120	124.00
0.312140	125.00
0.312160	126.00
0.312180	126.00
0.312200	125.00
0.312220	124.00
0.312240	125.00
0.312260	126.00
0.312280	126.00
0.312300	125.00
0.312320	124.00
0.312340	125.00
0.312360	125.00
0.312380	125.00
0.312400	125.00
0.312420	125.00
0.312440	126.00
0.312460	126.00
0.312480	126.00
0.312500	124.00
0.312520	124.00
0.312540	124.00
0.312560	125.00
0.312580	125.00
0.312600	124.00
0.312620	123.00
0.312640	124.00
0.312660	125.00
0.312680	125.00
0.312700	124.00
0.312720	123.00
0.312740	124.00
0.312760	126.00
0.312780	127.00
0.312800	126.00
0.312820	125.00
0.312840	125.00
0.312860	126.00
0.312880	125.00
0.312900	124.00
0.312920	123.00
0.312940	124.00
0.312960	125.00
0.312980	125.00
0.313000	124.00
0.313020	123.00
0.313040	123.00
0.313060	123.00
0.313080	124.00
0.313100	124.00
0.313120	123.00
0.313140	124.00
0.313160	125.00
0.313180	126.00
0.313200	126.00
0.313220	125.00
0.313240	125.00
0.313260	126.00
0.313280	126.00
0.313300	125.00
0.313320	125.00
0.313340	125.00
0.313360	125.00
0.313380	126.00
0.313400	125.00
0.313420	125.00
0.313440	125.00
0.313460	125.00
0.313480	125.00
0.313500	124.00
0.313520	124.00
0.313540	124.00
0.313560	125.00
0.313580	125.00
0.313600	124.00
0.313620	123.00
0.313640	123.00
0.313660	124.00
0.313680	124.00
0.313700	124.00
0.313720	123.00
0.313740	124.00
0.313760	125.00
0.313780	125.00
0.313800	125.00
0.313820	124.00
0.313840	125.00
0.313860	125.00
0.313880	125.00
0.313900	124.00
0.313920	124.00
0.313940	124.00
0.313960	124.00
0.313980	125.00
0.314000	124.00
0.314020	124.00
0.314040	124.00
0.314060	125.00
0.314080	125.00
0.314100	124.00
0.314120	124.00
0.314140	125.00
0.314160	125.00
0.314180	125.00
0.314200	124.00
0.314220	124.00
0.314240	124.00
0.314260	125.00
0.314280	125.00
0.314300	125.00
0.314320	124.00
0.314340	124.00
0.314360	125.00
0.314380	125.00
0.314400	125.00
0.314420	125.00
0.314440	125.00
0.314460	125.00
0.314480	125.00
0.314500	124.00
0.314520	124.00
0.314540	124.00
0.314560	124.00
0.314580	124.00
0.314600	124.00
0.314620	124.00
0.314640	124.00
0.314660	125.00
0.314680	125.00
0.314700	125.00
0.314720	124.00
0.314740	124.00
0.314760	124.00
0.314780	125.00
0.314800	124.00
0.314820	124.00
0.314840	125.00
0.314860	125.00
0.314880	125.00
0.314900	125.00
0.314920	125.00
0.314940	126.00
0.314960	126.00
0.314980	125.00
0.315000	124.00
0.315020	124.00
0.315040	124.00
0.315060	125.00
0.315080	125.00
0.315100	125.00
0.315120	125.00
0.315140	125.00
0.315160	126.00
0.315180	125.00
0.315200	124.00
0.315220	124.00
0.315240	124.00
0.315260	124.00
0.315280	125.00
0.315300	124.00
0.315320	124.00
0.315340	124.00
0.315360	125.00
0.315380	125.00
0.315400	125.00
0.315420	125.00
0.315440	126.00
0.315460	127.00
0.315480	127.00
0.315500	126.00
0.315520	125.00
0.315540	125.00
0.315560	125.00
0.315580	125.00
0.315600	124.00
0.315620	123.00
0.315640	124.00
0.315660	125.00
0.315680	125.00
0.315700	125.00
0.315720	125.00
0.315740	125.00
0.315760	126.00
0.315780	126.00
0.315800	125.00
0.315820	124.00
0.315840	124.00
0.315860	125.00
0.315880	125.00
0.315900	125.00
0.315920	125.00
0.315940	126.00
0.315960	126.00
0.315980	126.00
0.316000	125.00
0.316020	124.00
0.316040	124.00
0.316060	125.00
0.316080	125.00
0.316100	125.00
0.316120	125.00
0.316140	125.00
0.316160	125.00
0.316180	124.00
0.316200	124.00
0.316220	124.00
0.316240	125.00
0.316260	125.00
0.316280	125.00
0.316300	124.00
0.316320	124.00
0.316340	124.00
0.316360	125.00
0.316380	125.00
0.316400	124.00
0.316420	123.00
0.316440	124.00
0.316460	125.00
0.316480	125.00
0.316500	125.00
0.316520	125.00
0.316540	126.00
0.316560	127.00
0.316580	126.00
0.316600	125.00
0.316620	124.00
0.316640	124.00
0.316660	125.00
0.316680	126.00
0.316700	125.00
0.316720	124.00
0.316740	125.00
0.316760	125.00
0.316780	125.00
0.316800	125.00
0.316820	125.00
0.316840	125.00
0.316860	126.00
0.316880	126.00
0.316900	125.00
0.316920	125.00
0.316940	125.00
0.316960	125.00
0.316980	125.00
0.317000	124.00
0.317020	123.00
0.317040	124.00
0.317060	125.00
0.317080	125.00
0.317100	125.00
0.317120	124.00
0.317140	125.00
0.317160	125.00
0.317180	125.00
0.317200	125.00
0.317220	124.00
0.317240	124.00
0.317260	125.00
0.317280	126.00
0.317300	126.00
0.317320	126.00
0.317340	126.00
0.317360	127.00
0.317380	127.00
0.317400	126.00
0.317420	125.00
0.317440	126.00
0.317460	127.00
0.317480	126.00
0.317500	124.00
0.317520	122.00
0.317540	123.00
0.317560	124.00
0.317580	125.00
0.317600	125.00
0.317620	124.00
0.317640	125.00
0.317660	126.00
0.317680	126.00
0.317700	124.00
0.317720	123.00
0.317740	123.00
0.317760	124.00
0.317780	125.00
0.317800	124.00
0.317820	124.00
0.317840	124.00
0.317860	125.00
0.317880	125.00
0.317900	124.00
0.317920	122.00
0.317940	120.00
0.317960	117.00
0.317980	115.00
0.318000	113.00
0.318020	114.00
0.318040	118.00
0.318060	125.00
0.318080	134.00
0.318100	142.00
0.318120	151.00
0.318140	159.00
0.318160	165.00
0.318180	167.00
0.318200	165.00
0.318220	159.00
0.318240	148.00
0.318260	133.00
0.318280	113.00
0.318300	91.00
0.318320	70.00
0.318340	55.00
0.318360	46.00
0.318380	43.00
0.318400	45.00
0.318420	53.00
0.318440	67.00
0.318460	87.00
0.318480	110.00
0.318500	137.00
0.318520	167.00
0.318540	197.00
0.318560	221.00
0.318580	236.00
0.318600	240.00
0.318620	238.00
0.318640	231.00
0.318660	216.00
0.318680	186.00
0.318700	140.00
0.318720	85.00
0.318740	35.00
0.318760	5.00
0.318780	0.00
0.318800	1.00
0.318820	5.00
0.318840	0.00
0.318860	0.00
0.318880	10.00
0.318900	62.00
0.318920	142.00
0.318940	219.00
0.318960	255.00
0.318980	255.00
0.319000	249.00
0.319020	246.00
0.319040	255.00
0.319060	255.00
0.319080	246.00
0.319100	181.00
0.319120	99.00
0.319140	31.00
0.319160	0.00
0.319180	0.00
0.319200	0.00
0.319220	6.00
0.319240	8.00
0.319260	2.00
0.319280	0.00
0.319300	0.00
0.319320	23.00
0.319340	94.00
0.319360	184.00
0.319380	252.00
0.319400	255.00
0.319420	255.00
0.319440	244.00
0.319460	249.00
0.319480	255.00
0.319500	255.00
0.319520	221.00
0.319540	147.00
0.319560	70.00
0.319580	17.00
0.319600	0.00
0.319620	0.00
0.319640	1.00
0.319660	8.00
0.319680	6.00
0.319700	0.00
0.319720	0.00
0.319740	8.00
0.319760	61.00
0.319780	139.00
0.319800	211.00
0.319820	254.00
0.319840	255.00
0.319860	255.00
0.319880	252.00
0.319900	255.00
0.319920	253.00
0.319940	234.00
0.319960	194.00
0.319980	139.00
0.320000	82.00
0.320020	36.00
0.320040	8.00
0.320060	0.00
0.320080	0.00
0.320100	0.00
0.320120	1.00
0.320140	7.00
0.320160	28.00
0.320180	65.00
0.320200	112.00
0.320220	154.00
0.320240	185.00
0.320260	206.00
0.320280	220.00
0.320300	228.00
0.320320	226.00
0.320340	215.00
0.320360	197.00
0.320380	175.00
0.320400	153.00
0.320420	128.00
0.320440	103.00
0.320460	82.00
0.320480	67.00
0.320500	60.00
0.320520	58.00
0.320540	59.00
0.320560	65.00
0.320580	77.00
0.320600	94.00
0.320620	111.00
0.320640	126.00
0.320660	140.00
0.320680	152.00
0.320700	162.00
0.320720	168.00
0.320740	168.00
0.320760	164.00
0.320780	159.00
0.320800	151.00
0.320820	143.00
0.320840	132.00
0.320860	121.00
0.320880	112.00
0.320900	106.00
0.320920	102.00
0.320940	99.00
0.320960	99.00
0.320980	101.00
0.321000	106.00
0.321020	112.00
0.321040	119.00
0.321060	124.00
0.321080	130.00
0.321100	136.00
0.321120	140.00
0.321140	142.00
0.321160	142.00
0.321180	142.00
0.321200	141.00
0.321220	138.00
0.321240	133.00
0.321260	128.00
0.321280	123.00
0.321300	120.00
0.321320	118.00
0.321340	115.00
0.321360	113.00
0.321380	113.00
0.321400	115.00
0.321420	117.00
0.321440	120.00
0.321460	122.00
0.321480	125.00
0.321500	128.00
0.321520	131.00
0.321540	133.00
0.321560	133.00
0.321580	132.00
0.321600	132.00
0.321620	132.00
0.321640	129.00
0.321660	126.00
0.321680	123.00
0.321700	120.00
0.321720	119.00
0.321740	117.00
0.321760	116.00
0.321780	116.00
0.321800	117.00
0.321820	119.00
0.321840	121.00
0.321860	123.00
0.321880	126.00
0.321900	130.00
0.321920	134.00
0.321940	137.00
0.321960	138.00
0.321980	138.00
0.322000	137.00
0.322020	136.00
0.322040	133.00
0.322060	130.00
0.322080	127.00
0.322100	124.00
0.322120	121.00
0.322140	118.00
0.322160	116.00
0.322180	114.00
0.322200	113.00
0.322220	114.00
0.322240	115.00
0.322260	117.00
0.322280	119.00
0.322300	122.00
0.322320	125.00
0.322340	128.00
0.322360	130.00
0.322380	132.00
0.322400	134.00
0.322420	134.00
0.322440	134.00
0.322460	133.00
0.322480	131.00
0.322500	129.00
0.322520	127.00
0.322540	126.00
0.322560	124.00
0.322580	123.00
0.322600	122.00
0.322620	121.00
0.322640	119.00
0.322660	118.00
0.322680	118.00
0.322700	120.00
0.322720	122.00
0.322740	123.00
0.322760	125.00
0.322780	127.00
0.322800	129.00
0.322820	130.00
0.322840	131.00
0.322860	131.00
0.322880	132.00
0.322900	132.00
0.322920	131.00
0.322940	130.00
0.322960	127.00
0.322980	125.00
0.323000	124.00
0.323020	124.00
0.323040	123.00
0.323060	122.00
0.323080	121.00
0.323100	120.00
0.323120	119.00
0.323140	120.00
0.323160	121.00
0.323180	122.00
0.323200	125.00
0.323220	127.00
0.323240	128.00
0.323260	129.00
0.323280	129.00
0.323300	130.00
0.323320	131.00
0.323340	130.00
0.323360	129.00
0.323380	128.00
0.323400	127.00
0.323420	126.00
0.323440	125.00
0.323460	124.00
0.323480	123.00
0.323500	122.00
0.323520	122.00
0.323540	121.00
0.323560	121.00
0.323580	122.00
0.323600	123.00
0.323620	124.00
0.323640	125.00
0.323660	126.00
0.323680	127.00
0.323700	128.00
0.323720	129.00
0.323740	129.00
0.323760	129.00
0.323780	129.00
0.323800	129.00
0.323820	129.00
0.323840	128.00
0.323860	126.00
0.323880	125.00
0.323900	124.00
0.323920	124.00
0.323940	123.00
0.323960	123.00
0.323980	123.00
0.324000	123.00
0.324020	123.00
0.324040	124.00
0.324060	124.00
0.324080	125.00
0.324100	126.00
0.324120	127.00
0.324140	127.00
0.324160	127.00
0.324180	127.00
0.324200	127.00
0.324220	127.00
0.324240	127.00
0.324260	126.00
0.324280	126.00
0.324300	125.00
0.324320	125.00
0.324340	124.00
0.324360	123.00
0.324380	122.00
0.324400	122.00
0.324420	123.00
0.324440	123.00
0.324460	123.00
0.324480	123.00
0.324500	124.00
0.324520	124.00
0.324540	125.00
0.324560	127.00
0.324580	128.00
0.324600	129.00
0.324620	129.00
0.324640	129.00
0.324660	129.00
0.324680	129.00
0.324700	128.00
0.324720	128.00
0.324740	128.00
0.324760	126.00
0.324780	125.00
0.324800	124.00
0.324820	122.00
0.324840	121.00
0.324860	119.00
0.324880	118.00
0.324900	117.00
0.324920	118.00
0.324940	119.00
0.324960	121.00
0.324980	123.00
0.325000	125.00
0.325020	127.00
0.325040	130.00
0.325060	132.00
0.325080	134.00
0.325100	134.00
0.325120	135.00
0.325140	134.00
0.325160	133.00
0.325180	131.00
0.325200	128.00
0.325220	124.00
0.325240	120.00
0.325260	116.00
0.325280	114.00
0.325300	112.00
0.325320	112.00
0.325340	111.00
0.325360	112.00
0.325380	115.00
0.325400	119.00
0.325420	124.00
0.325440	129.00
0.325460	133.00
0.325480	136.00
0.325500	140.00
0.325520	142.00
0.325540	143.00
0.325560	142.00
0.325580	139.00
0.325600	136.00
0.325620	132.00
0.325640	127.00
0.325660	124.00
0.325680	120.00
0.325700	118.00
0.325720	117.00
0.325740	116.00
0.325760	115.00
0.325780	115.00
0.325800	116.00
0.325820	117.00
0.325840	120.00
0.325860	122.00
0.325880	124.00
0.325900	125.00
0.325920	126.00
0.325940	126.00
0.325960	127.00
0.325980	128.00
0.326000	128.00
0.326020	128.00
0.326040	128.00
0.326060	128.00
0.326080	128.00
0.326100	129.00
0.326120	129.00
0.326140	130.00
0.326160	130.00
0.326180	130.00
0.326200	130.00
0.326220	130.00
0.326240	128.00
0.326260	127.00
0.326280	125.00
0.326300	124.00
0.326320	123.00
0.326340	122.00
0.326360	122.00
0.326380	121.00
0.326400	120.00
0.326420	120.00
0.326440	120.00
0.326460	121.00
0.326480	122.00
0.326500	123.00
0.326520	125.00
0.326540	126.00
0.326560	127.00
0.326580	128.00
0.326600	128.00
0.326620	129.00
0.326640	129.00
0.326660	128.00
0.326680	128.00
0.326700	128.00
0.326720	127.00
0.326740	125.00
0.326760	124.00
0.326780	123.00
0.326800	123.00
0.326820	123.00
0.326840	123.00
0.326860	124.00
0.326880	124.00
0.326900	125.00
0.326920	127.00
0.326940	128.00
0.326960	129.00
0.326980	128.00
0.327000	128.00
0.327020	127.00
0.327040	126.00
0.327060	126.00
0.327080	126.00
0.327100	125.00
0.327120	124.00
0.327140	122.00
0.327160	122.00
0.327180	123.00
0.327200	124.00
0.327220	124.00
0.327240	124.00
0.327260	124.00
0.327280	124.00
0.327300	125.00
0.327320	126.00
0.327340	127.00
0.327360	127.00
0.327380	127.00
0.327400	128.00
0.327420	128.00
0.327440	128.00
0.327460	128.00
0.327480	128.00
0.327500	128.00
0.327520	127.00
0.327540	126.00
0.327560	124.00
0.327580	122.00
0.327600	121.00
0.327620	121.00
0.327640	121.00
0.327660	121.00
0.327680	122.00
0.327700	122.00
0.327720	122.00
0.327740	124.00
0.327760	125.00
0.327780	126.00
0.327800	127.00
0.327820	128.00
0.327840	129.00
0.327860	130.00
0.327880	131.00
0.327900	131.00
0.327920	130.00
0.327940	130.00
0.327960	129.00
0.327980	128.00
0.328000	126.00
0.328020	125.00
0.328040	123.00
0.328060	122.00
0.328080	121.00
0.328100	120.00
0.328120	120.00
0.328140	120.00
0.328160	120.00
0.328180	121.00
0.328200	123.00
0.328220	124.00
0.328240	126.00
0.328260	127.00
0.328280	128.00
0.328300	129.00
0.328320	130.00
0.328340	131.00
0.328360	131.00
0.328380	130.00
0.328400	129.00
0.328420	127.00
0.328440	126.00
0.328460	124.00
0.328480	123.00
0.328500	122.00
0.328520	121.00
0.328540	121.00
0.328560	121.00
0.328580	121.00
0.328600	122.00
0.328620	122.00
0.328640	123.00
0.328660	124.00
0.328680	125.00
0.328700	127.00
0.328720	128.00
0.328740	129.00
0.328760	130.00
0.328780	130.00
0.328800	130.00
0.328820	129.00
0.328840	128.00
0.328860	127.00
0.328880	127.00
0.328900	126.00
0.328920	125.00
0.328940	124.00
0.328960	123.00
0.328980	123.00
0.329000	124.00
0.329020	124.00
0.329040	123.00
0.329060	123.00
0.329080	123.00
0.329100	124.00
0.329120	125.00
0.329140	126.00
0.329160	127.00
0.329180	127.00
0.329200	127.00
0.329220	127.00
0.329240	126.00
0.329260	127.00
0.329280	127.00
0.329300	127.00
0.329320	126.00
0.329340	125.00
0.329360	124.00
0.329380	123.00
0.329400	123.00
0.329420	123.00
0.329440	123.00
0.329460	123.00
0.329480	123.00
0.329500	123.00
0.329520	123.00
0.329540	124.00
0.329560	124.00
0.329580	125.00
0.329600	126.00
0.329620	127.00
0.329640	128.00
0.329660	128.00
0.329680	128.00
0.329700	128.00
0.329720	127.00
0.329740	126.00
0.329760	125.00
0.329780	125.00
0.329800	125.00
0.329820	125.00
0.329840	125.00
0.329860	124.00
0.329880	123.00
0.329900	123.00
0.329920	123.00
0.329940	123.00
0.329960	123.00
0.329980	124.00
0.330000	124.00
0.330020	125.00
0.330040	126.00
0.330060	126.00
0.330080	127.00
0.330100	128.00
0.330120	129.00
0.330140	129.00
0.330160	129.00
0.330180	128.00
0.330200	128.00
0.330220	127.00
0.330240	127.00
0.330260	126.00
0.330280	125.00
0.330300	123.00
0.330320	121.00
0.330340	121.00
0.330360	121.00
0.330380	121.00
0.330400	121.00
0.330420	122.00
0.330440	122.00
0.330460	123.00
0.330480	124.00
0.330500	125.00
0.330520	125.00
0.330540	126.00
0.330560	127.00
0.330580	129.00
0.330600	130.00
0.330620	131.00
0.330640	130.00
0.330660	129.00
0.330680	128.00
0.330700	127.00
0.330720	126.00
0.330740	125.00
0.330760	123.00
0.330780	122.00
0.330800	121.00
0.330820	121.00
0.330840	120.00
0.330860	120.00
0.330880	121.00
0.330900	122.00
0.330920	124.00
0.330940	126.00
0.330960	127.00
0.330980	128.00
0.331000	128.00
0.331020	128.00
0.331040	128.00
0.331060	128.00
0.331080	128.00
0.331100	127.00
0.331120	127.00
0.331140	125.00
0.331160	124.00
0.331180	123.00
0.331200	122.00
0.331220	122.00
0.331240	122.00
0.331260	123.00
0.331280	123.00
0.331300	124.00
0.331320	124.00
0.331340	124.00
0.331360	124.00
0.331380	126.00
0.331400	127.00
0.331420	128.00
0.331440	127.00
0.331460	126.00
0.331480	126.00
0.331500	126.00
0.331520	125.00
0.331540	125.00
0.331560	123.00
0.331580	122.00
0.331600	122.00
0.331620	122.00
0.331640	122.00
0.331660	123.00
0.331680	124.00
0.331700	125.00
0.331720	127.00
0.331740	129.00
0.331760	130.00
0.331780	131.00
0.331800	132.00
0.331820	132.00
0.331840	132.00
0.331860	132.00
0.331880	131.00
0.331900	129.00
0.331920	127.00
0.331940	124.00
0.331960	123.00
0.331980	122.00
0.332000	120.00
0.332020	119.00
0.332040	118.00
0.332060	117.00
0.332080	118.00
0.332100	120.00
0.332120	121.00
0.332140	123.00
0.332160	125.00
0.332180	127.00
0.332200	128.00
0.332220	129.00
0.332240	130.00
0.332260	131.00
0.332280	131.00
0.332300	131.00
0.332320	130.00
0.332340	129.00
0.332360	128.00
0.332380	127.00
0.332400	126.00
0.332420	123.00
0.332440	121.00
0.332460	119.00
0.332480	119.00
0.332500	119.00
0.332520	120.00
0.332540	120.00
0.332560	121.00
0.332580	123.00
0.332600	124.00
0.332620	126.00
0.332640	126.00
0.332660	127.00
0.332680	128.00
0.332700	129.00
0.332720	130.00
0.332740	130.00
0.332760	129.00
0.332780	129.00
0.332800	129.00
0.332820	128.00
0.332840	127.00
0.332860	126.00
0.332880	125.00
0.332900	125.00
0.332920	125.00
0.332940	124.00
0.332960	123.00
0.332980	123.00
0.333000	123.00
0.333020	123.00
0.333040	124.00
0.333060	125.00
0.333080	125.00
0.333100	125.00
0.333120	125.00
0.333140	126.00
0.333160	127.00
0.333180	127.00
0.333200	127.00
0.333220	127.00
0.333240	127.00
0.333260	126.00
0.333280	126.00
0.333300	126.00
0.333320	125.00
0.333340	125.00
0.333360	124.00
0.333380	123.00
0.333400	122.00
0.333420	122.00
0.333440	123.00
0.333460	124.00
0.333480	125.00
0.333500	125.00
0.333520	125.00
0.333540	125.00
0.333560	126.00
0.333580	126.00
0.333600	127.00
0.333620	126.00
0.333640	126.00
0.333660	125.00
0.333680	125.00
0.333700	125.00
0.333720	125.00
0.333740	124.00
0.333760	124.00
0.333780	124.00
0.333800	124.00
0.333820	124.00
0.333840	125.00
0.333860	126.00
0.333880	127.00
0.333900	127.00
0.333920	127.00
0.333940	127.00
0.333960	128.00
0.333980	128.00
0.334000	128.00
0.334020	127.00
0.334040	126.00
0.334060	125.00
0.334080	125.00
0.334100	126.00
0.334120	126.00
0.334140	125.00
0.334160	124.00
0.334180	123.00
0.334200	123.00
0.334220	123.00
0.334240	123.00
0.334260	123.00
0.334280	123.00
0.334300	123.00
0.334320	124.00
0.334340	125.00
0.334360	125.00
0.334380	126.00
0.334400	126.00
0.334420	126.00
0.334440	126.00
0.334460	127.00
0.334480	127.00
0.334500	127.00
0.334520	127.00
0.334540	126.00
0.334560	125.00
0.334580	125.00
0.334600	125.00
0.334620	126.00
0.334640	125.00
0.334660	124.00
0.334680	124.00
0.334700	123.00
0.334720	123.00
0.334740	123.00
0.334760	123.00
0.334780	123.00
0.334800	123.00
0.334820	124.00
0.334840	125.00
0.334860	125.00
0.334880	125.00
0.334900	126.00
0.334920	126.00
0.334940	127.00
0.334960	127.00
0.334980	128.00
0.335000	127.00
0.335020	127.00
0.335040	127.00
0.335060	127.00
0.335080	127.00
0.335100	126.00
0.335120	125.00
0.335140	124.00
0.335160	123.00
0.335180	123.00
0.335200	123.00
0.335220	123.00
0.335240	124.00
0.335260	124.00
0.335280	124.00
0.335300	124.00
0.335320	124.00
0.335340	124.00
0.335360	124.00
0.335380	125.00
0.335400	126.00
0.335420	126.00
0.335440	126.00
0.335460	126.00
0.335480	126.00
0.335500	126.00
0.335520	126.00
0.335540	126.00
0.335560	126.00
0.335580	127.00
0.335600	127.00
0.335620	126.00
0.335640	126.00
0.335660	125.00
0.335680	124.00
0.335700	124.00
0.335720	124.00
0.335740	124.00
0.335760	124.00
0.335780	125.00
0.335800	125.00
0.335820	126.00
0.335840	126.00
0.335860	126.00
0.335880	126.00
0.335900	127.00
0.335920	127.00
0.335940	127.00
0.335960	127.00
0.335980	127.00
0.336000	127.00
0.336020	127.00
0.336040	127.00
0.336060	126.00
0.336080	125.00
0.336100	124.00
0.336120	124.00
0.336140	124.00
0.336160	124.00
0.336180	123.00
0.336200	123.00
0.336220	123.00
0.336240	124.00
0.336260	125.00
0.336280	126.00
0.336300	126.00
0.336320	126.00
0.336340	127.00
0.336360	126.00
0.336380	126.00
0.336400	126.00
0.336420	125.00
0.336440	125.00
0.336460	124.00
0.336480	123.00
0.336500	123.00
0.336520	123.00
0.336540	123.00
0.336560	124.00
0.336580	125.00
0.336600	126.00
0.336620	126.00
0.336640	126.00
0.336660	126.00
0.336680	127.00
0.336700	127.00
0.336720	128.00
0.336740	127.00
0.336760	126.00
0.336780	124.00
0.336800	124.00
0.336820	124.00
0.336840	124.00
0.336860	124.00
0.336880	124.00
0.336900	124.00
0.336920	124.00
0.336940	124.00
0.336960	124.00
0.336980	124.00
0.337000	124.00
0.337020	125.00
0.337040	126.00
0.337060	126.00
0.337080	126.00
0.337100	126.00
0.337120	126.00
0.337140	126.00
0.337160	126.00
0.337180	125.00
0.337200	124.00
0.337220	123.00
0.337240	123.00
0.337260	124.00
0.337280	124.00
0.337300	124.00
0.337320	123.00
0.337340	123.00
0.337360	123.00
0.337380	123.00
0.337400	124.00
0.337420	125.00
0.337440	126.00
0.337460	127.00
0.337480	128.00
0.337500	128.00
0.337520	127.00
0.337540	127.00
0.337560	126.00
0.337580	126.00
0.337600	127.00
0.337620	127.00
0.337640	127.00
0.337660	126.00
0.337680	126.00
0.337700	125.00
0.337720	124.00
0.337740	122.00
0.337760	121.00
0.337780	120.00
0.337800	120.00
0.337820	121.00
0.337840	121.00
0.337860	122.00
0.337880	122.00
0.337900	124.00
0.337920	126.00
0.337940	128.00
0.337960	129.00
0.337980	130.00
0.338000	131.00
0.338020	132.00
0.338040	132.00
0.338060	132.00
0.338080	130.00
0.338100	129.00
0.338120	128.00
0.338140	126.00
0.338160	124.00
0.338180	122.00
0.338200	120.00
0.338220	120.00
0.338240	119.00
0.338260	120.00
0.338280	120.00
0.338300	121.00
0.338320	122.00
0.338340	124.00
0.338360	125.00
0.338380	127.00
0.338400	129.00
0.338420	131.00
0.338440	132.00
0.338460	132.00
0.338480	131.00
0.338500	130.00
0.338520	129.00
0.338540	128.00
0.338560	127.00
0.338580	125.00
0.338600	123.00
0.338620	122.00
0.338640	121.00
0.338660	120.00
0.338680	120.00
0.338700	120.00
0.338720	121.00
0.338740	122.00
0.338760	124.00
0.338780	124.00
0.338800	125.00
0.338820	126.00
0.338840	127.00
0.338860	128.00
0.338880	128.00
0.338900	128.00
0.338920	128.00
0.338940	128.00
0.338960	128.00
0.338980	129.00
0.339000	128.00
0.339020	127.00
0.339040	127.00
0.339060	126.00
0.339080	125.00
0.339100	123.00
0.339120	122.00
0.339140	122.00
0.339160	122.00
0.339180	123.00
0.339200	123.00
0.339220	122.00
0.339240	122.00
0.339260	123.00
0.339280	124.00
0.339300	125.00
0.339320	126.00
0.339340	127.00
0.339360	128.00
0.339380	128.00
0.339400	128.00
0.339420	127.00
0.339440	127.00
0.339460	127.00
0.339480	127.00
0.339500	127.00
0.339520	126.00
0.339540	125.00
0.339560	124.00
0.339580	123.00
0.339600	123.00
0.339620	123.00
0.339640	122.00
0.339660	122.00
0.339680	123.00
0.339700	123.00
0.339720	123.00
0.339740	124.00
0.339760	125.00
0.339780	126.00
0.339800	128.00
0.339820	129.00
0.339840	128.00
0.339860	128.00
0.339880	127.00
0.339900	127.00
0.339920	127.00
0.339940	127.00
0.339960	126.00
0.339980	125.00
0.340000	124.00
0.340020	124.00
0.340040	124.00
0.340060	123.00
0.340080	123.00
0.340100	123.00
0.340120	123.00
0.340140	124.00
0.340160	124.00
0.340180	125.00
0.340200	125.00
0.340220	126.00
0.340240	126.00
0.340260	127.00
0.340280	127.00
0.340300	128.00
0.340320	127.00
0.340340	126.00
0.340360	125.00
0.340380	125.00
0.340400	125.00
0.340420	125.00
0.340440	125.00
0.340460	124.00
0.340480	123.00
0.340500	124.00
0.340520	125.00
0.340540	125.00
0.340560	126.00
0.340580	126.00
0.340600	126.00
0.340620	126.00
0.340640	126.00
0.340660	126.00
0.340680	126.00
0.340700	126.00
0.340720	126.00
0.340740	126.00
0.340760	126.00
0.340780	126.00
0.340800	125.00
0.340820	125.00
0.340840	125.00
0.340860	125.00
0.340880	125.00
0.340900	125.00
0.340920	125.00
0.340940	126.00
0.340960	126.00
0.340980	126.00
0.341000	126.00
0.341020	125.00
0.341040	125.00
0.341060	125.00
0.341080	125.00
0.341100	125.00
0.341120	125.00
0.341140	124.00
0.341160	124.00
0.341180	123.00
0.341200	124.00
0.341220	124.00
0.341240	125.00
0.341260	125.00
0.341280	125.00
0.341300	125.00
0.341320	124.00
0.341340	124.00
0.341360	124.00
0.341380	125.00
0.341400	126.00
0.341420	127.00
0.341440	127.00
0.341460	128.00
0.341480	127.00
0.341500	127.00
0.341520	127.00
0.341540	127.00
0.341560	127.00
0.341580	126.00
0.341600	125.00
0.341620	124.00
0.341640	124.00
0.341660	124.00
0.341680	124.00
0.341700	124.00
0.341720	123.00
0.341740	123.00
0.341760	124.00
0.341780	125.00
0.341800	125.00
0.341820	125.00
0.341840	125.00
0.341860	126.00
0.341880	127.00
0.341900	127.00
0.341920	127.00
0.341940	127.00
0.341960	126.00
0.341980	126.00
0.342000	125.00
0.342020	124.00
0.342040	124.00
0.342060	123.00
0.342080	124.00
0.342100	124.00
0.342120	125.00
0.342140	125.00
0.342160	125.00
0.342180	125.00
0.342200	125.00
0.342220	125.00
0.342240	125.00
0.342260	125.00
0.342280	125.00
0.342300	125.00
0.342320	125.00
0.342340	125.00
0.342360	124.00
0.342380	124.00
0.342400	125.00
0.342420	125.00
0.342440	125.00
0.342460	125.00
0.342480	124.00
0.342500	124.00
0.342520	125.00
0.342540	125.00
0.342560	126.00
0.342580	126.00
0.342600	127.00
0.342620	127.00
0.342640	127.00
0.342660	127.00
0.342680	126.00
0.342700	126.00
0.342720	125.00
0.342740	125.00
0.342760	125.00
0.342780	124.00
0.342800	124.00
0.342820	124.00
0.342840	124.00
0.342860	124.00
0.342880	123.00
0.342900	123.00
0.342920	123.00
0.342940	124.00
0.342960	125.00
0.342980	126.00
0.343000	126.00
0.343020	126.00
0.343040	126.00
0.343060	126.00
0.343080	126.00
0.343100	126.00
0.343120	125.00
0.343140	125.00
0.343160	124.00
0.343180	124.00
0.343200	124.00
0.343220	123.00
0.343240	123.00
0.343260	123.00
0.343280	123.00
0.343300	124.00
0.343320	124.00
0.343340	125.00
0.343360	125.00
0.343380	126.00
0.343400	127.00
0.343420	127.00
0.343440	126.00
0.343460	126.00
0.343480	126.00
0.343500	126.00
0.343520	126.00
0.343540	126.00
0.343560	125.00
0.343580	124.00
0.343600	124.00
0.343620	124.00
0.343640	125.00
0.343660	125.00
0.343680	125.00
0.343700	125.00
0.343720	125.00
0.343740	125.00
0.343760	126.00
0.343780	126.00
0.343800	127.00
0.343820	127.00
0.343840	127.00
0.343860	126.00
0.343880	126.00
0.343900	125.00
0.343920	125.00
0.343940	124.00
0.343960	124.00
0.343980	124.00
0.344000	124.00
0.344020	123.00
0.344040	123.00
0.344060	123.00
0.344080	123.00
0.344100	124.00
0.344120	124.00
0.344140	125.00
0.344160	125.00
0.344180	127.00
0.344200	128.00
0.344220	129.00
0.344240	129.00
0.344260	129.00
0.344280	128.00
0.344300	127.00
0.344320	125.00
0.344340	125.00
0.344360	124.00
0.344380	123.00
0.344400	123.00
0.344420	122.00
0.344440	122.00
0.344460	122.00
0.344480	123.00
0.344500	123.00
0.344520	124.00
0.344540	125.00
0.344560	126.00
0.344580	127.00
0.344600	128.00
0.344620	128.00
0.344640	128.00
0.344660	129.00
0.344680	129.00
0.344700	129.00
0.344720	128.00
0.344740	126.00
0.344760	125.00
0.344780	124.00
0.344800	123.00
0.344820	123.00
0.344840	123.00
0.344860	123.00
0.344880	123.00
0.344900	124.00
0.344920	124.00
0.344940	124.00
0.344960	125.00
0.344980	126.00
0.345000	127.00
0.345020	127.00
0.345040	127.00
0.345060	126.00
0.345080	126.00
0.345100	125.00
0.345120	124.00
0.345140	123.00
0.345160	123.00
0.345180	123.00
0.345200	123.00
0.345220	123.00
0.345240	124.00
0.345260	125.00
0.345280	126.00
0.345300	127.00
0.345320	127.00
0.345340	127.00
0.345360	127.00
0.345380	127.00
0.345400	127.00
0.345420	127.00
0.345440	125.00
0.345460	124.00
0.345480	122.00
0.345500	121.00
0.345520	120.00
0.345540	119.00
0.345560	119.00
0.345580	120.00
0.345600	122.00
0.345620	123.00
0.345640	125.00
0.345660	126.00
0.345680	128.00
0.345700	130.00
0.345720	132.00
0.345740	133.00
0.345760	134.00
0.345780	133.00
0.345800	132.00
0.345820	130.00
0.345840	127.00
0.345860	124.00
0.345880	121.00
0.345900	119.00
0.345920	117.00
0.345940	115.00
0.345960	115.00
0.345980	115.00
0.346000	117.00
0.346020	120.00
0.346040	123.00
0.346060	125.00
0.346080	128.00
0.346100	132.00
0.346120	134.00
0.346140	137.00
0.346160	137.00
0.346180	137.00
0.346200	136.00
0.346220	133.00
0.346240	130.00
0.346260	126.00
0.346280	123.00
0.346300	119.00
0.346320	117.00
0.346340	115.00
0.346360	114.00
0.346380	114.00
0.346400	115.00
0.346420	117.00
0.346440	120.00
0.346460	122.00
0.346480	125.00
0.346500	128.00
0.346520	131.00
0.346540	133.00
0.346560	134.00
0.346580	134.00
0.346600	134.00
0.346620	134.00
0.346640	133.00
0.346660	130.00
0.346680	127.00
0.346700	124.00
0.346720	122.00
0.346740	120.00
0.346760	118.00
0.346780	117.00
0.346800	117.00
0.346820	117.00
0.346840	118.00
0.346860	120.00
0.346880	122.00
0.346900	124.00
0.346920	126.00
0.346940	128.00
0.346960	129.00
0.346980	130.00
0.347000	130.00
0.347020	130.00
0.347040	129.00
0.347060	128.00
0.347080	127.00
0.347100	126.00
0.347120	124.00
0.347140	123.00
0.347160	123.00
0.347180	123.00
0.347200	123.00
0.347220	122.00
0.347240	122.00
0.347260	122.00
0.347280	123.00
0.347300	124.00
0.347320	125.00
0.347340	126.00
0.347360	126.00
0.347380	126.00
0.347400	126.00
0.347420	127.00
0.347440	127.00
0.347460	127.00
0.347480	126.00
0.347500	126.00
0.347520	125.00
0.347540	125.00
0.347560	124.00
0.347580	124.00
0.347600	123.00
0.347620	123.00
0.347640	123.00
0.347660	123.00
0.347680	124.00
0.347700	124.00
0.347720	124.00
0.347740	124.00
0.347760	124.00
0.347780	124.00
0.347800	125.00
0.347820	126.00
0.347840	127.00
0.347860	127.00
0.347880	127.00
0.347900	127.00
0.347920	127.00
0.347940	127.00
0.347960	127.00
0.347980	127.00
0.348000	127.00
0.348020	126.00
0.348040	126.00
0.348060	125.00
0.348080	125.00
0.348100	124.00
0.348120	124.00
0.348140	125.00
0.348160	125.00
0.348180	125.00
0.348200	125.00
0.348220	125.00
0.348240	125.00
0.348260	126.00
0.348280	126.00
0.348300	126.00
0.348320	125.00
0.348340	124.00
0.348360	125.00
0.348380	125.00
0.348400	125.00
0.348420	125.00
0.348440	125.00
0.348460	126.00
0.348480	126.00
0.348500	126.00
0.348520	126.00
0.348540	125.00
0.348560	124.00
0.348580	124.00
0.348600	124.00
0.348620	124.00
0.348640	125.00
0.348660	125.00
0.348680	125.00
0.348700	125.00
0.348720	125.00
0.348740	126.00
0.348760	126.00
0.348780	126.00
0.348800	126.00
0.348820	126.00
0.348840	127.00
0.348860	127.00
0.348880	127.00
0.348900	127.00
0.348920	126.00
0.348940	125.00
0.348960	126.00
0.348980	126.00
0.349000	126.00
0.349020	126.00
0.349040	125.00
0.349060	125.00
0.349080	125.00
0.349100	124.00
0.349120	124.00
0.349140	124.00
0.349160	124.00
0.349180	125.00
0.349200	126.00
0.349220	126.00
0.349240	125.00
0.349260	125.00
0.349280	124.00
0.349300	124.00
0.349320	123.00
0.349340	123.00
0.349360	123.00
0.349380	124.00
0.349400	125.00
0.349420	124.00
0.349440	123.00
0.349460	123.00
0.349480	123.00
0.349500	125.00
0.349520	126.00
0.349540	126.00
0.349560	126.00
0.349580	126.00
0.349600	126.00
0.349620	126.00
0.349640	126.00
0.349660	126.00
0.349680	126.00
0.349700	126.00
0.349720	126.00
0.349740	125.00
0.349760	124.00
0.349780	124.00
0.349800	124.00
0.349820	125.00
0.349840	125.00
0.349860	125.00
0.349880	126.00
0.349900	126.00
0.349920	125.00
0.349940	125.00
0.349960	125.00
0.349980	126.00
