0.320000	101.00
0.320020	49.00
0.320040	102.00
0.320060	141.00
0.320080	144.00
0.320100	124.00
0.320120	112.00
0.320140	118.00
0.320160	130.00
0.320180	133.00
0.320200	124.00
0.320220	117.00
0.320240	120.00
0.320260	128.00
0.320280	130.00
0.320300	124.00
0.320320	120.00
0.320340	122.00
0.320360	128.00
0.320380	129.00
0.320400	125.00
0.320420	121.00
0.320440	122.00
0.320460	126.00
0.320480	127.00
0.320500	124.00
0.320520	121.00
0.320540	122.00
0.320560	126.00
0.320580	127.00
0.320600	124.00
0.320620	122.00
0.320640	124.00
0.320660	127.00
0.320680	128.00
0.320700	126.00
0.320720	123.00
0.320740	124.00
0.320760	126.00
0.320780	127.00
0.320800	125.00
0.320820	123.00
0.320840	124.00
0.320860	127.00
0.320880	127.00
0.320900	125.00
0.320920	123.00
0.320940	123.00
0.320960	125.00
0.320980	126.00
0.321000	124.00
0.321020	123.00
0.321040	123.00
0.321060	125.00
0.321080	126.00
0.321100	124.00
0.321120	123.00
0.321140	124.00
0.321160	126.00
0.321180	127.00
0.321200	125.00
0.321220	124.00
0.321240	124.00
0.321260	125.00
0.321280	126.00
0.321300	125.00
0.321320	123.00
0.321340	124.00
0.321360	125.00
0.321380	126.00
0.321400	125.00
0.321420	124.00
0.321440	124.00
0.321460	126.00
0.321480	126.00
0.321500	125.00
0.321520	124.00
0.321540	124.00
0.321560	125.00
0.321580	126.00
0.321600	124.00
0.321620	123.00
0.321640	124.00
0.321660	125.00
0.321680	126.00
0.321700	125.00
0.321720	124.00
0.321740	124.00
0.321760	126.00
0.321780	126.00
0.321800	125.00
0.321820	124.00
0.321840	124.00
0.321860	125.00
0.321880	125.00
0.321900	124.00
0.321920	124.00
0.321940	124.00
0.321960	125.00
0.321980	126.00
0.322000	125.00
0.322020	125.00
0.322040	125.00
0.322060	125.00
0.322080	125.00
0.322100	124.00
0.322120	124.00
0.322140	124.00
0.322160	126.00
0.322180	126.00
0.322200	125.00
0.322220	125.00
0.322240	124.00
0.322260	125.00
0.322280	125.00
0.322300	124.00
0.322320	124.00
0.322340	125.00
0.322360	126.00
0.322380	125.00
0.322400	124.00
0.322420	123.00
0.322440	124.00
0.322460	125.00
0.322480	125.00
0.322500	124.00
0.322520	124.00
0.322540	124.00
0.322560	125.00
0.322580	125.00
0.322600	124.00
0.322620	123.00
0.322640	124.00
0.322660	125.00
0.322680	125.00
0.322700	124.00
0.322720	124.00
0.322740	124.00
0.322760	125.00
0.322780	125.00
0.322800	124.00
0.322820	124.00
0.322840	124.00
0.322860	125.00
0.322880	125.00
0.322900	124.00
0.322920	124.00
0.322940	124.00
0.322960	125.00
0.322980	126.00
0.323000	125.00
0.323020	124.00
0.323040	125.00
0.323060	125.00
0.323080	126.00
0.323100	125.00
0.323120	125.00
0.323140	125.00
0.323160	126.00
0.323180	126.00
0.323200	125.00
0.323220	124.00
0.323240	124.00
0.323260	125.00
0.323280	125.00
0.323300	125.00
0.323320	125.00
0.323340	124.00
0.323360	125.00
0.323380	125.00
0.323400	125.00
0.323420	125.00
0.323440	125.00
0.323460	126.00
0.323480	126.00
0.323500	125.00
0.323520	124.00
0.323540	124.00
0.323560	125.00
0.323580	125.00
0.323600	125.00
0.323620	124.00
0.323640	125.00
0.323660	125.00
0.323680	126.00
0.323700	125.00
0.323720	125.00
0.323740	125.00
0.323760	125.00
0.323780	125.00
0.323800	125.00
0.323820	125.00
0.323840	125.00
0.323860	126.00
0.323880	126.00
0.323900	125.00
0.323920	125.00
0.323940	125.00
0.323960	125.00
0.323980	125.00
0.324000	124.00
0.324020	124.00
0.324040	125.00
0.324060	125.00
0.324080	125.00
0.324100	125.00
0.324120	124.00
0.324140	124.00
0.324160	125.00
0.324180	125.00
0.324200	124.00
0.324220	124.00
0.324240	124.00
0.324260	125.00
0.324280	125.00
0.324300	124.00
0.324320	124.00
0.324340	124.00
0.324360	125.00
0.324380	125.00
0.324400	125.00
0.324420	124.00
0.324440	125.00
0.324460	126.00
0.324480	126.00
0.324500	125.00
0.324520	124.00
0.324540	124.00
0.324560	125.00
0.324580	125.00
0.324600	125.00
0.324620	125.00
0.324640	125.00
0.324660	125.00
0.324680	126.00
0.324700	125.00
0.324720	125.00
0.324740	125.00
0.324760	126.00
0.324780	125.00
0.324800	124.00
0.324820	124.00
0.324840	124.00
0.324860	125.00
0.324880	125.00
0.324900	124.00
0.324920	124.00
0.324940	124.00
0.324960	125.00
0.324980	125.00
0.325000	125.00
0.325020	124.00
0.325040	125.00
0.325060	125.00
0.325080	126.00
0.325100	125.00
0.325120	124.00
0.325140	124.00
0.325160	124.00
0.325180	125.00
0.325200	125.00
0.325220	125.00
0.325240	124.00
0.325260	124.00
0.325280	124.00
0.325300	124.00
0.325320	124.00
0.325340	124.00
0.325360	125.00
0.325380	125.00
0.325400	124.00
0.325420	123.00
0.325440	123.00
0.325460	122.00
0.325480	122.00
0.325500	120.00
0.325520	120.00
0.325540	121.00
0.325560	123.00
0.325580	125.00
0.325600	128.00
0.325620	131.00
0.325640	135.00
0.325660	140.00
0.325680	144.00
0.325700	146.00
0.325720	147.00
0.325740	145.00
0.325760	141.00
0.325780	132.00
0.325800	122.00
0.325820	110.00
0.325840	100.00
0.325860	92.00
0.325880	86.00
0.325900	80.00
0.325920	78.00
0.325940	79.00
0.325960	86.00
0.325980	97.00
0.326000	112.00
0.326020	131.00
0.326040	150.00
0.326060	167.00
0.326080	180.00
0.326100	188.00
0.326120	193.00
0.326140	195.00
0.326160	193.00
0.326180	184.00
0.326200	168.00
0.326220	144.00
0.326240	117.00
0.326260	86.00
0.326280	57.00
0.326300	31.00
0.326320	12.00
0.326340	3.00
0.326360	5.00
0.326380	16.00
0.326400	38.00
0.326420	72.00
0.326440	115.00
0.326460	163.00
0.326480	206.00
0.326500	236.00
0.326520	252.00
0.326540	255.00
0.326560	254.00
0.326580	247.00
0.326600	229.00
0.326620	196.00
0.326640	147.00
0.326660	89.00
0.326680	37.00
0.326700	4.00
0.326720	0.00
0.326740	1.00
0.326760	7.00
0.326780	3.00
0.326800	0.00
0.326820	0.00
0.326840	33.00
0.326860	92.00
0.326880	160.00
0.326900	216.00
0.326920	247.00
0.326940	255.00
0.326960	255.00
0.326980	255.00
0.327000	255.00
0.327020	248.00
0.327040	227.00
0.327060	190.00
0.327080	137.00
0.327100	80.00
0.327120	32.00
0.327140	4.00
0.327160	0.00
0.327180	2.00
0.327200	4.00
0.327220	0.00
0.327240	0.00
0.327260	11.00
0.327280	47.00
0.327300	98.00
0.327320	150.00
0.327340	192.00
0.327360	220.00
0.327380	235.00
0.327400	241.00
0.327420	240.00
0.327440	232.00
0.327460	216.00
0.327480	193.00
0.327500	165.00
0.327520	133.00
0.327540	100.00
0.327560	71.00
0.327580	48.00
0.327600	33.00
0.327620	26.00
0.327640	27.00
0.327660	37.00
0.327680	54.00
0.327700	76.00
0.327720	100.00
0.327740	123.00
0.327760	145.00
0.327780	163.00
0.327800	177.00
0.327820	185.00
0.327840	187.00
0.327860	184.00
0.327880	177.00
0.327900	166.00
0.327920	152.00
0.327940	137.00
0.327960	122.00
0.327980	109.00
0.328000	98.00
0.328020	90.00
0.328040	86.00
0.328060	85.00
0.328080	87.00
0.328100	93.00
0.328120	101.00
0.328140	110.00
0.328160	119.00
0.328180	128.00
0.328200	137.00
0.328220	144.00
0.328240	148.00
0.328260	150.00
0.328280	150.00
0.328300	148.00
0.328320	145.00
0.328340	139.00
0.328360	133.00
0.328380	127.00
0.328400	121.00
0.328420	116.00
0.328440	113.00
0.328460	110.00
0.328480	108.00
0.328500	108.00
0.328520	110.00
0.328540	113.00
0.328560	116.00
0.328580	120.00
0.328600	124.00
0.328620	128.00
0.328640	131.00
0.328660	133.00
0.328680	135.00
0.328700	135.00
0.328720	134.00
0.328740	133.00
0.328760	132.00
0.328780	130.00
0.328800	128.00
0.328820	125.00
0.328840	123.00
0.328860	121.00
0.328880	120.00
0.328900	119.00
0.328920	119.00
0.328940	119.00
0.328960	120.00
0.328980	121.00
0.329000	122.00
0.329020	124.00
0.329040	125.00
0.329060	127.00
0.329080	127.00
0.329100	128.00
0.329120	128.00
0.329140	128.00
0.329160	129.00
0.329180	129.00
0.329200	128.00
0.329220	127.00
0.329240	125.00
0.329260	124.00
0.329280	124.00
0.329300	123.00
0.329320	123.00
0.329340	122.00
0.329360	122.00
0.329380	123.00
0.329400	123.00
0.329420	124.00
0.329440	124.00
0.329460	125.00
0.329480	125.00
0.329500	126.00
0.329520	126.00
0.329540	127.00
0.329560	127.00
0.329580	127.00
0.329600	127.00
0.329620	126.00
0.329640	125.00
0.329660	125.00
0.329680	125.00
0.329700	125.00
0.329720	125.00
0.329740	125.00
0.329760	125.00
0.329780	124.00
0.329800	124.00
0.329820	124.00
0.329840	124.00
0.329860	124.00
0.329880	125.00
0.329900	125.00
0.329920	125.00
0.329940	125.00
0.329960	125.00
0.329980	125.00
0.330000	125.00
0.330020	126.00
0.330040	126.00
0.330060	126.00
0.330080	126.00
0.330100	125.00
0.330120	125.00
0.330140	125.00
0.330160	125.00
0.330180	125.00
0.330200	125.00
0.330220	125.00
0.330240	125.00
0.330260	125.00
0.330280	125.00
0.330300	125.00
0.330320	125.00
0.330340	125.00
0.330360	125.00
0.330380	126.00
0.330400	126.00
0.330420	126.00
0.330440	126.00
0.330460	126.00
0.330480	126.00
0.330500	125.00
0.330520	125.00
0.330540	125.00
0.330560	125.00
0.330580	124.00
0.330600	124.00
0.330620	124.00
0.330640	124.00
0.330660	125.00
0.330680	125.00
0.330700	125.00
0.330720	125.00
0.330740	125.00
0.330760	125.00
0.330780	125.00
0.330800	125.00
0.330820	125.00
0.330840	125.00
0.330860	125.00
0.330880	125.00
0.330900	125.00
0.330920	125.00
0.330940	125.00
0.330960	125.00
0.330980	125.00
0.331000	125.00
0.331020	125.00
0.331040	125.00
0.331060	125.00
0.331080	125.00
0.331100	125.00
0.331120	125.00
0.331140	125.00
0.331160	125.00
0.331180	125.00
0.331200	125.00
0.331220	125.00
0.331240	125.00
0.331260	125.00
0.331280	125.00
0.331300	125.00
0.331320	125.00
0.331340	125.00
0.331360	125.00
0.331380	125.00
0.331400	125.00
0.331420	124.00
0.331440	124.00
0.331460	124.00
0.331480	125.00
0.331500	125.00
0.331520	125.00
0.331540	125.00
0.331560	125.00
0.331580	125.00
0.331600	125.00
0.331620	125.00
0.331640	126.00
0.331660	126.00
0.331680	126.00
0.331700	125.00
0.331720	126.00
0.331740	126.00
0.331760	126.00
0.331780	126.00
0.331800	124.00
0.331820	123.00
0.331840	122.00
0.331860	121.00
0.331880	121.00
0.331900	120.00
0.331920	119.00
0.331940	120.00
0.331960	122.00
0.331980	125.00
0.332000	127.00
0.332020	129.00
0.332040	131.00
0.332060	133.00
0.332080	135.00
0.332100	136.00
0.332120	137.00
0.332140	136.00
0.332160	134.00
0.332180	131.00
0.332200	127.00
0.332220	122.00
0.332240	117.00
0.332260	113.00
0.332280	110.00
0.332300	107.00
0.332320	105.00
0.332340	104.00
0.332360	105.00
0.332380	109.00
0.332400	115.00
0.332420	123.00
0.332440	131.00
0.332460	139.00
0.332480	147.00
0.332500	153.00
0.332520	157.00
0.332540	159.00
0.332560	158.00
0.332580	154.00
0.332600	147.00
0.332620	137.00
0.332640	124.00
0.332660	110.00
0.332680	97.00
0.332700	85.00
0.332720	76.00
0.332740	71.00
0.332760	71.00
0.332780	76.00
0.332800	85.00
0.332820	99.00
0.332840	116.00
0.332860	134.00
0.332880	153.00
0.332900	170.00
0.332920	183.00
0.332940	192.00
0.332960	195.00
0.332980	192.00
0.333000	183.00
0.333020	168.00
0.333040	149.00
0.333060	127.00
0.333080	105.00
0.333100	84.00
0.333120	67.00
0.333140	54.00
0.333160	48.00
0.333180	48.00
0.333200	54.00
0.333220	66.00
0.333240	83.00
0.333260	104.00
0.333280	126.00
0.333300	147.00
0.333320	166.00
0.333340	181.00
0.333360	190.00
0.333380	194.00
0.333400	192.00
0.333420	185.00
0.333440	173.00
0.333460	157.00
0.333480	139.00
0.333500	121.00
0.333520	103.00
0.333540	88.00
0.333560	77.00
0.333580	70.00
0.333600	68.00
0.333620	71.00
0.333640	78.00
0.333660	88.00
0.333680	101.00
0.333700	115.00
0.333720	130.00
0.333740	143.00
0.333760	153.00
0.333780	161.00
0.333800	165.00
0.333820	165.00
0.333840	162.00
0.333860	156.00
0.333880	148.00
0.333900	139.00
0.333920	129.00
0.333940	120.00
0.333960	112.00
0.333980	106.00
0.334000	101.00
0.334020	98.00
0.334040	98.00
0.334060	100.00
0.334080	104.00
0.334100	110.00
0.334120	116.00
0.334140	123.00
0.334160	129.00
0.334180	134.00
0.334200	138.00
0.334220	141.00
0.334240	142.00
0.334260	142.00
0.334280	140.00
0.334300	138.00
0.334320	134.00
0.334340	130.00
0.334360	126.00
0.334380	122.00
0.334400	119.00
0.334420	116.00
0.334440	114.00
0.334460	114.00
0.334480	114.00
0.334500	115.00
0.334520	117.00
0.334540	119.00
0.334560	122.00
0.334580	124.00
0.334600	126.00
0.334620	128.00
0.334640	130.00
0.334660	132.00
0.334680	133.00
0.334700	132.00
0.334720	131.00
0.334740	130.00
0.334760	129.00
0.334780	127.00
0.334800	126.00
0.334820	124.00
0.334840	123.00
0.334860	122.00
0.334880	121.00
0.334900	121.00
0.334920	121.00
0.334940	121.00
0.334960	122.00
0.334980	123.00
0.335000	124.00
0.335020	125.00
0.335040	126.00
0.335060	127.00
0.335080	127.00
0.335100	127.00
0.335120	127.00
0.335140	127.00
0.335160	127.00
0.335180	127.00
0.335200	127.00
0.335220	126.00
0.335240	125.00
0.335260	124.00
0.335280	123.00
0.335300	123.00
0.335320	123.00
0.335340	123.00
0.335360	123.00
0.335380	123.00
0.335400	124.00
0.335420	124.00
0.335440	124.00
0.335460	125.00
0.335480	126.00
0.335500	126.00
0.335520	126.00
0.335540	126.00
0.335560	126.00
0.335580	126.00
0.335600	126.00
0.335620	126.00
0.335640	126.00
0.335660	126.00
0.335680	125.00
0.335700	125.00
0.335720	125.00
0.335740	125.00
0.335760	125.00
0.335780	125.00
0.335800	125.00
0.335820	125.00
0.335840	125.00
0.335860	125.00
0.335880	125.00
0.335900	125.00
0.335920	124.00
0.335940	125.00
0.335960	125.00
0.335980	126.00
0.336000	126.00
0.336020	125.00
0.336040	125.00
0.336060	126.00
0.336080	126.00
0.336100	126.00
0.336120	126.00
0.336140	125.00
0.336160	125.00
0.336180	125.00
0.336200	125.00
0.336220	124.00
0.336240	124.00
0.336260	124.00
0.336280	124.00
0.336300	124.00
0.336320	124.00
0.336340	124.00
0.336360	124.00
0.336380	124.00
0.336400	125.00
0.336420	125.00
0.336440	125.00
0.336460	125.00
0.336480	125.00
0.336500	125.00
0.336520	125.00
0.336540	126.00
0.336560	126.00
0.336580	125.00
0.336600	125.00
0.336620	125.00
0.336640	125.00
0.336660	125.00
0.336680	124.00
0.336700	124.00
0.336720	124.00
0.336740	124.00
0.336760	124.00
0.336780	124.00
0.336800	124.00
0.336820	124.00
0.336840	125.00
0.336860	125.00
0.336880	125.00
0.336900	125.00
0.336920	125.00
0.336940	125.00
0.336960	126.00
0.336980	126.00
0.337000	126.00
0.337020	125.00
0.337040	125.00
0.337060	125.00
0.337080	125.00
0.337100	125.00
0.337120	125.00
0.337140	125.00
0.337160	125.00
0.337180	125.00
0.337200	125.00
0.337220	125.00
0.337240	124.00
0.337260	125.00
0.337280	125.00
0.337300	125.00
0.337320	125.00
0.337340	124.00
0.337360	124.00
0.337380	124.00
0.337400	124.00
0.337420	124.00
0.337440	124.00
0.337460	124.00
0.337480	125.00
0.337500	125.00
0.337520	124.00
0.337540	124.00
0.337560	124.00
0.337580	125.00
0.337600	125.00
0.337620	125.00
0.337640	125.00
0.337660	125.00
0.337680	125.00
0.337700	125.00
0.337720	125.00
0.337740	125.00
0.337760	125.00
0.337780	125.00
0.337800	125.00
0.337820	125.00
0.337840	125.00
0.337860	125.00
0.337880	125.00
0.337900	125.00
0.337920	125.00
0.337940	125.00
0.337960	125.00
0.337980	125.00
0.338000	124.00
0.338020	123.00
0.338040	123.00
0.338060	122.00
0.338080	122.00
0.338100	122.00
0.338120	122.00
0.338140	123.00
0.338160	123.00
0.338180	124.00
0.338200	126.00
0.338220	128.00
0.338240	130.00
0.338260	132.00
0.338280	133.00
0.338300	133.00
0.338320	133.00
0.338340	131.00
0.338360	129.00
0.338380	126.00
0.338400	124.00
0.338420	121.00
0.338440	118.00
0.338460	115.00
0.338480	113.00
0.338500	112.00
0.338520	112.00
0.338540	113.00
0.338560	115.00
0.338580	119.00
0.338600	123.00
0.338620	128.00
0.338640	133.00
0.338660	137.00
0.338680	141.00
0.338700	144.00
0.338720	146.00
0.338740	146.00
0.338760	144.00
0.338780	140.00
0.338800	134.00
0.338820	126.00
0.338840	118.00
0.338860	109.00
0.338880	101.00
0.338900	95.00
0.338920	91.00
0.338940	90.00
0.338960	93.00
0.338980	98.00
0.339000	106.00
0.339020	117.00
0.339040	130.00
0.339060	143.00
0.339080	155.00
0.339100	164.00
0.339120	170.00
0.339140	171.00
0.339160	168.00
0.339180	161.00
0.339200	151.00
0.339220	138.00
0.339240	124.00
0.339260	110.00
0.339280	96.00
0.339300	84.00
0.339320	76.00
0.339340	73.00
0.339360	74.00
0.339380	80.00
0.339400	90.00
0.339420	103.00
0.339440	117.00
0.339460	131.00
0.339480	145.00
0.339500	156.00
0.339520	165.00
0.339540	170.00
0.339560	171.00
0.339580	169.00
0.339600	162.00
0.339620	152.00
0.339640	141.00
0.339660	129.00
0.339680	116.00
0.339700	105.00
0.339720	96.00
0.339740	90.00
0.339760	87.00
0.339780	88.00
0.339800	92.00
0.339820	98.00
0.339840	106.00
0.339860	116.00
0.339880	126.00
0.339900	134.00
0.339920	142.00
0.339940	147.00
0.339960	150.00
0.339980	151.00
0.340000	150.00
0.340020	147.00
0.340040	142.00
0.340060	136.00
0.340080	129.00
0.340100	123.00
0.340120	117.00
0.340140	112.00
0.340160	109.00
0.340180	107.00
0.340200	107.00
0.340220	108.00
0.340240	111.00
0.340260	114.00
0.340280	119.00
0.340300	123.00
0.340320	127.00
0.340340	131.00
0.340360	134.00
0.340380	136.00
0.340400	136.00
0.340420	136.00
0.340440	135.00
0.340460	133.00
0.340480	131.00
0.340500	128.00
0.340520	125.00
0.340540	122.00
0.340560	120.00
0.340580	119.00
0.340600	118.00
0.340620	118.00
0.340640	118.00
0.340660	119.00
0.340680	120.00
0.340700	121.00
0.340720	123.00
0.340740	125.00
0.340760	127.00
0.340780	128.00
0.340800	129.00
0.340820	129.00
0.340840	129.00
0.340860	129.00
0.340880	129.00
0.340900	128.00
0.340920	127.00
0.340940	126.00
0.340960	125.00
0.340980	124.00
0.341000	123.00
0.341020	122.00
0.341040	121.00
0.341060	121.00
0.341080	122.00
0.341100	122.00
0.341120	123.00
0.341140	124.00
0.341160	124.00
0.341180	125.00
0.341200	126.00
0.341220	126.00
0.341240	126.00
0.341260	126.00
0.341280	126.00
0.341300	126.00
0.341320	126.00
0.341340	126.00
0.341360	125.00
0.341380	125.00
0.341400	124.00
0.341420	124.00
0.341440	124.00
0.341460	124.00
0.341480	124.00
0.341500	124.00
0.341520	124.00
0.341540	124.00
0.341560	124.00
0.341580	124.00
0.341600	124.00
0.341620	125.00
0.341640	125.00
0.341660	125.00
0.341680	126.00
0.341700	126.00
0.341720	126.00
0.341740	126.00
0.341760	126.00
0.341780	126.00
0.341800	125.00
0.341820	125.00
0.341840	125.00
0.341860	125.00
0.341880	125.00
0.341900	125.00
0.341920	125.00
0.341940	125.00
0.341960	125.00
0.341980	125.00
0.342000	125.00
0.342020	124.00
0.342040	124.00
0.342060	124.00
0.342080	124.00
0.342100	125.00
0.342120	125.00
0.342140	125.00
0.342160	125.00
0.342180	125.00
0.342200	125.00
0.342220	126.00
0.342240	126.00
0.342260	125.00
0.342280	125.00
0.342300	126.00
0.342320	126.00
0.342340	126.00
0.342360	126.00
0.342380	126.00
0.342400	125.00
0.342420	125.00
0.342440	124.00
0.342460	124.00
0.342480	124.00
0.342500	123.00
0.342520	123.00
0.342540	123.00
0.342560	123.00
0.342580	124.00
0.342600	124.00
0.342620	124.00
0.342640	125.00
0.342660	125.00
0.342680	126.00
0.342700	126.00
0.342720	126.00
0.342740	126.00
0.342760	127.00
0.342780	127.00
0.342800	127.00
0.342820	127.00
0.342840	126.00
0.342860	125.00
0.342880	125.00
0.342900	125.00
0.342920	124.00
0.342940	124.00
0.342960	124.00
0.342980	123.00
0.343000	123.00
0.343020	123.00
0.343040	123.00
0.343060	124.00
0.343080	125.00
0.343100	125.00
0.343120	125.00
0.343140	125.00
0.343160	126.00
0.343180	126.00
0.343200	126.00
0.343220	126.00
0.343240	126.00
0.343260	126.00
0.343280	126.00
0.343300	126.00
0.343320	125.00
0.343340	124.00
0.343360	124.00
0.343380	124.00
0.343400	124.00
0.343420	124.00
0.343440	124.00
0.343460	125.00
0.343480	125.00
0.343500	125.00
0.343520	125.00
0.343540	125.00
0.343560	125.00
0.343580	125.00
0.343600	125.00
0.343620	125.00
0.343640	125.00
0.343660	125.00
0.343680	125.00
0.343700	126.00
0.343720	126.00
0.343740	125.00
0.343760	125.00
0.343780	125.00
0.343800	125.00
0.343820	125.00
0.343840	125.00
0.343860	125.00
0.343880	125.00
0.343900	125.00
0.343920	125.00
0.343940	125.00
0.343960	125.00
0.343980	125.00
0.344000	125.00
0.344020	125.00
0.344040	125.00
0.344060	125.00
0.344080	125.00
0.344100	125.00
0.344120	125.00
0.344140	125.00
0.344160	125.00
0.344180	124.00
0.344200	124.00
0.344220	124.00
0.344240	123.00
0.344260	123.00
0.344280	123.00
0.344300	122.00
0.344320	123.00
0.344340	123.00
0.344360	124.00
0.344380	125.00
0.344400	126.00
0.344420	127.00
0.344440	128.00
0.344460	129.00
0.344480	129.00
0.344500	129.00
0.344520	128.00
0.344540	127.00
0.344560	126.00
0.344580	125.00
0.344600	123.00
0.344620	121.00
0.344640	120.00
0.344660	118.00
0.344680	118.00
0.344700	118.00
0.344720	119.00
0.344740	120.00
0.344760	122.00
0.344780	124.00
0.344800	126.00
0.344820	128.00
0.344840	131.00
0.344860	134.00
0.344880	136.00
0.344900	138.00
0.344920	138.00
0.344940	137.00
0.344960	135.00
0.344980	132.00
0.345000	127.00
0.345020	122.00
0.345040	117.00
0.345060	112.00
0.345080	108.00
0.345100	106.00
0.345120	105.00
0.345140	106.00
0.345160	109.00
0.345180	114.00
0.345200	121.00
0.345220	128.00
0.345240	136.00
0.345260	142.00
0.345280	147.00
0.345300	150.00
0.345320	151.00
0.345340	149.00
0.345360	145.00
0.345380	139.00
0.345400	132.00
0.345420	124.00
0.345440	116.00
0.345460	108.00
0.345480	102.00
0.345500	98.00
0.345520	96.00
0.345540	97.00
0.345560	101.00
0.345580	106.00
0.345600	114.00
0.345620	121.00
0.345640	130.00
0.345660	137.00
0.345680	144.00
0.345700	148.00
0.345720	150.00
0.345740	150.00
0.345760	148.00
0.345780	143.00
0.345800	138.00
0.345820	131.00
0.345840	124.00
0.345860	118.00
0.345880	112.00
0.345900	109.00
0.345920	106.00
0.345940	106.00
0.345960	106.00
0.345980	109.00
0.346000	112.00
0.346020	117.00
0.346040	122.00
0.346060	127.00
0.346080	131.00
0.346100	135.00
0.346120	138.00
0.346140	139.00
0.346160	139.00
0.346180	138.00
0.346200	135.00
0.346220	132.00
0.346240	129.00
0.346260	126.00
0.346280	123.00
0.346300	120.00
0.346320	117.00
0.346340	116.00
0.346360	116.00
0.346380	116.00
0.346400	117.00
0.346420	119.00
0.346440	121.00
0.346460	123.00
0.346480	125.00
0.346500	127.00
0.346520	129.00
0.346540	130.00
0.346560	130.00
0.346580	130.00
0.346600	130.00
0.346620	130.00
0.346640	129.00
0.346660	127.00
0.346680	126.00
0.346700	125.00
0.346720	124.00
0.346740	123.00
0.346760	122.00
0.346780	122.00
0.346800	122.00
0.346820	122.00
0.346840	123.00
0.346860	124.00
0.346880	124.00
0.346900	124.00
0.346920	125.00
0.346940	125.00
0.346960	126.00
0.346980	127.00
0.347000	127.00
0.347020	127.00
0.347040	127.00
0.347060	127.00
0.347080	126.00
0.347100	125.00
0.347120	125.00
0.347140	124.00
0.347160	124.00
0.347180	124.00
0.347200	124.00
0.347220	124.00
0.347240	124.00
0.347260	123.00
0.347280	123.00
0.347300	123.00
0.347320	124.00
0.347340	124.00
0.347360	125.00
0.347380	126.00
0.347400	126.00
0.347420	126.00
0.347440	126.00
0.347460	126.00
0.347480	126.00
0.347500	126.00
0.347520	126.00
0.347540	126.00
0.347560	126.00
0.347580	126.00
0.347600	125.00
0.347620	124.00
0.347640	124.00
0.347660	124.00
0.347680	124.00
0.347700	124.00
0.347720	125.00
0.347740	125.00
0.347760	125.00
0.347780	124.00
0.347800	124.00
0.347820	124.00
0.347840	124.00
0.347860	125.00
0.347880	125.00
0.347900	125.00
0.347920	125.00
0.347940	125.00
0.347960	125.00
0.347980	125.00
0.348000	125.00
0.348020	125.00
0.348040	125.00
0.348060	125.00
0.348080	125.00
0.348100	125.00
0.348120	125.00
0.348140	125.00
0.348160	125.00
0.348180	125.00
0.348200	124.00
0.348220	124.00
0.348240	124.00
0.348260	124.00
0.348280	124.00
0.348300	124.00
0.348320	124.00
0.348340	124.00
0.348360	125.00
0.348380	125.00
0.348400	126.00
0.348420	126.00
0.348440	126.00
0.348460	126.00
0.348480	126.00
0.348500	126.00
0.348520	126.00
0.348540	126.00
0.348560	125.00
0.348580	125.00
0.348600	125.00
0.348620	125.00
0.348640	124.00
0.348660	124.00
0.348680	123.00
0.348700	123.00
0.348720	123.00
0.348740	124.00
0.348760	124.00
0.348780	124.00
0.348800	124.00
0.348820	125.00
0.348840	125.00
0.348860	126.00
0.348880	127.00
0.348900	127.00
0.348920	128.00
0.348940	128.00
0.348960	128.00
0.348980	127.00
0.349000	126.00
0.349020	126.00
0.349040	125.00
0.349060	124.00
0.349080	124.00
0.349100	123.00
0.349120	123.00
0.349140	123.00
0.349160	123.00
0.349180	123.00
0.349200	123.00
0.349220	124.00
0.349240	124.00
0.349260	125.00
0.349280	125.00
0.349300	126.00
0.349320	126.00
0.349340	126.00
0.349360	127.00
0.349380	127.00
0.349400	126.00
0.349420	126.00
0.349440	125.00
0.349460	125.00
0.349480	125.00
0.349500	125.00
0.349520	125.00
0.349540	125.00
0.349560	124.00
0.349580	124.00
0.349600	124.00
0.349620	124.00
0.349640	125.00
0.349660	125.00
0.349680	125.00
0.349700	124.00
0.349720	125.00
0.349740	125.00
0.349760	126.00
0.349780	126.00
0.349800	125.00
0.349820	125.00
0.349840	125.00
0.349860	126.00
0.349880	126.00
0.349900	126.00
0.349920	125.00
0.349940	125.00
0.349960	124.00
0.349980	124.00
0.350000	124.00
0.350020	124.00
0.350040	124.00
0.350060	124.00
0.350080	124.00
0.350100	124.00
0.350120	123.00
0.350140	124.00
0.350160	124.00
0.350180	125.00
0.350200	125.00
0.350220	125.00
0.350240	126.00
0.350260	126.00
0.350280	126.00
0.350300	126.00
0.350320	125.00
0.350340	125.00
0.350360	125.00
0.350380	125.00
0.350400	125.00
0.350420	124.00
0.350440	124.00
0.350460	124.00
0.350480	124.00
0.350500	124.00
0.350520	124.00
0.350540	124.00
0.350560	125.00
0.350580	126.00
0.350600	127.00
0.350620	128.00
0.350640	128.00
0.350660	128.00
0.350680	128.00
0.350700	127.00
0.350720	126.00
0.350740	126.00
0.350760	125.00
0.350780	124.00
0.350800	123.00
0.350820	121.00
0.350840	120.00
0.350860	120.00
0.350880	121.00
0.350900	122.00
0.350920	122.00
0.350940	123.00
0.350960	124.00
0.350980	125.00
0.351000	126.00
0.351020	128.00
0.351040	129.00
0.351060	130.00
0.351080	131.00
0.351100	131.00
0.351120	131.00
0.351140	130.00
0.351160	128.00
0.351180	126.00
0.351200	123.00
0.351220	121.00
0.351240	118.00
0.351260	116.00
0.351280	114.00
0.351300	113.00
0.351320	113.00
0.351340	115.00
0.351360	118.00
0.351380	122.00
0.351400	126.00
0.351420	130.00
0.351440	134.00
0.351460	137.00
0.351480	139.00
0.351500	139.00
0.351520	138.00
0.351540	136.00
0.351560	134.00
0.351580	130.00
0.351600	126.00
0.351620	121.00
0.351640	117.00
0.351660	113.00
0.351680	111.00
0.351700	110.00
0.351720	111.00
0.351740	112.00
0.351760	115.00
0.351780	119.00
0.351800	122.00
0.351820	126.00
0.351840	130.00
0.351860	133.00
0.351880	135.00
0.351900	137.00
0.351920	137.00
0.351940	136.00
0.351960	134.00
0.351980	132.00
0.352000	129.00
0.352020	126.00
0.352040	123.00
0.352060	120.00
0.352080	118.00
0.352100	116.00
0.352120	116.00
0.352140	116.00
0.352160	117.00
0.352180	119.00
0.352200	121.00
0.352220	123.00
0.352240	125.00
0.352260	128.00
0.352280	129.00
0.352300	130.00
0.352320	130.00
0.352340	130.00
0.352360	130.00
0.352380	129.00
0.352400	128.00
0.352420	127.00
0.352440	125.00
0.352460	124.00
0.352480	123.00
0.352500	122.00
0.352520	122.00
0.352540	121.00
0.352560	122.00
0.352580	122.00
0.352600	122.00
0.352620	123.00
0.352640	123.00
0.352660	124.00
0.352680	125.00
0.352700	126.00
0.352720	126.00
0.352740	126.00
0.352760	126.00
0.352780	127.00
0.352800	127.00
0.352820	126.00
0.352840	126.00
0.352860	125.00
0.352880	125.00
0.352900	125.00
0.352920	124.00
0.352940	124.00
0.352960	124.00
0.352980	124.00
0.353000	124.00
0.353020	124.00
0.353040	124.00
0.353060	124.00
0.353080	124.00
0.353100	125.00
0.353120	125.00
0.353140	126.00
0.353160	126.00
0.353180	126.00
0.353200	126.00
0.353220	125.00
0.353240	125.00
0.353260	125.00
0.353280	125.00
0.353300	125.00
0.353320	125.00
0.353340	125.00
0.353360	124.00
0.353380	124.00
0.353400	124.00
0.353420	124.00
0.353440	124.00
0.353460	124.00
0.353480	125.00
0.353500	125.00
0.353520	125.00
0.353540	125.00
0.353560	125.00
0.353580	125.00
0.353600	125.00
0.353620	125.00
0.353640	125.00
0.353660	125.00
0.353680	125.00
0.353700	125.00
0.353720	125.00
0.353740	125.00
0.353760	124.00
0.353780	124.00
0.353800	124.00
0.353820	124.00
0.353840	124.00
0.353860	124.00
0.353880	124.00
0.353900	125.00
0.353920	125.00
0.353940	125.00
0.353960	126.00
0.353980	126.00
0.354000	126.00
0.354020	125.00
0.354040	125.00
0.354060	125.00
0.354080	125.00
0.354100	125.00
0.354120	125.00
0.354140	125.00
0.354160	124.00
0.354180	124.00
0.354200	125.00
0.354220	125.00
0.354240	125.00
0.354260	125.00
0.354280	125.00
0.354300	125.00
0.354320	125.00
0.354340	125.00
0.354360	125.00
0.354380	125.00
0.354400	125.00
0.354420	124.00
0.354440	124.00
0.354460	124.00
0.354480	124.00
0.354500	124.00
0.354520	125.00
0.354540	125.00
0.354560	125.00
0.354580	125.00
0.354600	125.00
0.354620	125.00
0.354640	125.00
0.354660	126.00
0.354680	126.00
0.354700	126.00
0.354720	126.00
0.354740	126.00
0.354760	125.00
0.354780	125.00
0.354800	125.00
0.354820	124.00
0.354840	124.00
0.354860	123.00
0.354880	123.00
0.354900	124.00
0.354920	124.00
0.354940	124.00
0.354960	124.00
0.354980	124.00
0.355000	125.00
0.355020	125.00
0.355040	126.00
0.355060	126.00
0.355080	126.00
0.355100	126.00
0.355120	126.00
0.355140	126.00
0.355160	126.00
0.355180	126.00
0.355200	126.00
0.355220	125.00
0.355240	124.00
0.355260	124.00
0.355280	123.00
0.355300	123.00
0.355320	122.00
0.355340	122.00
0.355360	122.00
0.355380	123.00
0.355400	124.00
0.355420	125.00
0.355440	125.00
0.355460	126.00
0.355480	127.00
0.355500	127.00
0.355520	127.00
0.355540	127.00
0.355560	127.00
0.355580	126.00
0.355600	126.00
0.355620	126.00
0.355640	125.00
0.355660	124.00
0.355680	124.00
0.355700	124.00
0.355720	123.00
0.355740	123.00
0.355760	123.00
0.355780	123.00
0.355800	124.00
0.355820	124.00
0.355840	124.00
0.355860	125.00
0.355880	126.00
0.355900	126.00
0.355920	126.00
0.355940	126.00
0.355960	126.00
0.355980	126.00
0.356000	126.00
0.356020	126.00
0.356040	126.00
0.356060	126.00
0.356080	125.00
0.356100	125.00
0.356120	124.00
0.356140	124.00
0.356160	123.00
0.356180	123.00
0.356200	123.00
0.356220	124.00
0.356240	124.00
0.356260	124.00
0.356280	124.00
0.356300	124.00
0.356320	125.00
0.356340	125.00
0.356360	125.00
0.356380	125.00
0.356400	125.00
0.356420	126.00
0.356440	126.00
0.356460	126.00
0.356480	126.00
0.356500	125.00
0.356520	125.00
0.356540	125.00
0.356560	125.00
0.356580	125.00
0.356600	124.00
0.356620	124.00
0.356640	124.00
0.356660	124.00
0.356680	124.00
0.356700	124.00
0.356720	124.00
0.356740	125.00
0.356760	125.00
0.356780	126.00
0.356800	126.00
0.356820	126.00
0.356840	126.00
0.356860	126.00
0.356880	126.00
0.356900	126.00
0.356920	126.00
0.356940	125.00
0.356960	124.00
0.356980	124.00
0.357000	124.00
0.357020	123.00
0.357040	123.00
0.357060	123.00
0.357080	124.00
0.357100	124.00
0.357120	124.00
0.357140	124.00
0.357160	124.00
0.357180	125.00
0.357200	126.00
0.357220	127.00
0.357240	128.00
0.357260	128.00
0.357280	128.00
0.357300	128.00
0.357320	128.00
0.357340	128.00
0.357360	127.00
0.357380	125.00
0.357400	123.00
0.357420	122.00
0.357440	121.00
0.357460	120.00
0.357480	119.00
0.357500	119.00
0.357520	120.00
0.357540	121.00
0.357560	122.00
0.357580	125.00
0.357600	127.00
0.357620	129.00
0.357640	131.00
0.357660	132.00
0.357680	132.00
0.357700	132.00
0.357720	132.00
0.357740	131.00
0.357760	128.00
0.357780	126.00
0.357800	123.00
0.357820	121.00
0.357840	119.00
0.357860	118.00
0.357880	117.00
0.357900	117.00
0.357920	118.00
0.357940	119.00
0.357960	121.00
0.357980	122.00
0.358000	124.00
0.358020	126.00
0.358040	128.00
0.358060	129.00
0.358080	130.00
0.358100	130.00
0.358120	131.00
0.358140	130.00
0.358160	130.00
0.358180	129.00
0.358200	127.00
0.358220	126.00
0.358240	125.00
0.358260	124.00
0.358280	122.00
0.358300	121.00
0.358320	120.00
0.358340	120.00
0.358360	121.00
0.358380	121.00
0.358400	122.00
0.358420	123.00
0.358440	124.00
0.358460	125.00
0.358480	126.00
0.358500	127.00
0.358520	128.00
0.358540	128.00
0.358560	128.00
0.358580	128.00
0.358600	128.00
0.358620	128.00
0.358640	127.00
0.358660	126.00
0.358680	125.00
0.358700	124.00
0.358720	124.00
0.358740	123.00
0.358760	123.00
0.358780	122.00
0.358800	122.00
0.358820	122.00
0.358840	123.00
0.358860	124.00
0.358880	124.00
0.358900	124.00
0.358920	124.00
0.358940	125.00
0.358960	126.00
0.358980	126.00
0.359000	126.00
0.359020	126.00
0.359040	126.00
0.359060	126.00
0.359080	126.00
0.359100	126.00
0.359120	126.00
0.359140	125.00
0.359160	125.00
0.359180	125.00
0.359200	124.00
0.359220	124.00
0.359240	124.00
0.359260	124.00
0.359280	124.00
0.359300	124.00
0.359320	124.00
0.359340	124.00
0.359360	124.00
0.359380	124.00
0.359400	125.00
0.359420	126.00
0.359440	126.00
0.359460	125.00
0.359480	125.00
0.359500	125.00
0.359520	126.00
0.359540	126.00
0.359560	126.00
0.359580	125.00
0.359600	124.00
0.359620	124.00
0.359640	124.00
0.359660	124.00
0.359680	124.00
0.359700	124.00
0.359720	124.00
0.359740	125.00
0.359760	125.00
0.359780	125.00
0.359800	125.00
0.359820	124.00
0.359840	125.00
0.359860	125.00
0.359880	126.00
0.359900	125.00
0.359920	125.00
0.359940	125.00
0.359960	125.00
0.359980	126.00
