0.320000	101.00
0.320020	49.00
0.320040	101.00
0.320060	140.00
0.320080	143.00
0.320100	124.00
0.320120	111.00
0.320140	117.00
0.320160	130.00
0.320180	133.00
0.320200	124.00
0.320220	118.00
0.320240	120.00
0.320260	128.00
0.320280	130.00
0.320300	124.00
0.320320	120.00
0.320340	122.00
0.320360	128.00
0.320380	129.00
0.320400	125.00
0.320420	122.00
0.320440	123.00
0.320460	127.00
0.320480	128.00
0.320500	124.00
0.320520	121.00
0.320540	122.00
0.320560	126.00
0.320580	127.00
0.320600	124.00
0.320620	122.00
0.320640	123.00
0.320660	126.00
0.320680	127.00
0.320700	124.00
0.320720	122.00
0.320740	123.00
0.320760	125.00
0.320780	126.00
0.320800	125.00
0.320820	123.00
0.320840	124.00
0.320860	127.00
0.320880	127.00
0.320900	125.00
0.320920	123.00
0.320940	124.00
0.320960	126.00
0.320980	127.00
0.321000	125.00
0.321020	123.00
0.321040	124.00
0.321060	126.00
0.321080	126.00
0.321100	125.00
0.321120	123.00
0.321140	123.00
0.321160	125.00
0.321180	126.00
0.321200	125.00
0.321220	124.00
0.321240	124.00
0.321260	126.00
0.321280	126.00
0.321300	125.00
0.321320	124.00
0.321340	125.00
0.321360	126.00
0.321380	126.00
0.321400	125.00
0.321420	124.00
0.321440	125.00
0.321460	126.00
0.321480	126.00
0.321500	124.00
0.321520	123.00
0.321540	124.00
0.321560	126.00
0.321580	126.00
0.321600	125.00
0.321620	124.00
0.321640	125.00
0.321660	126.00
0.321680	126.00
0.321700	125.00
0.321720	124.00
0.321740	124.00
0.321760	125.00
0.321780	125.00
0.321800	124.00
0.321820	123.00
0.321840	124.00
0.321860	125.00
0.321880	125.00
0.321900	124.00
0.321920	123.00
0.321940	124.00
0.321960	125.00
0.321980	125.00
0.322000	124.00
0.322020	123.00
0.322040	124.00
0.322060	125.00
0.322080	125.00
0.322100	125.00
0.322120	124.00
0.322140	125.00
0.322160	125.00
0.322180	125.00
0.322200	124.00
0.322220	123.00
0.322240	124.00
0.322260	125.00
0.322280	125.00
0.322300	125.00
0.322320	124.00
0.322340	125.00
0.322360	125.00
0.322380	126.00
0.322400	125.00
0.322420	124.00
0.322440	124.00
0.322460	125.00
0.322480	125.00
0.322500	125.00
0.322520	124.00
0.322540	125.00
0.322560	125.00
0.322580	126.00
0.322600	125.00
0.322620	125.00
0.322640	125.00
0.322660	126.00
0.322680	126.00
0.322700	125.00
0.322720	124.00
0.322740	124.00
0.322760	125.00
0.322780	125.00
0.322800	125.00
0.322820	124.00
0.322840	125.00
0.322860	126.00
0.322880	126.00
0.322900	125.00
0.322920	124.00
0.322940	124.00
0.322960	125.00
0.322980	125.00
0.323000	124.00
0.323020	124.00
0.323040	124.00
0.323060	125.00
0.323080	125.00
0.323100	125.00
0.323120	125.00
0.323140	125.00
0.323160	125.00
0.323180	125.00
0.323200	125.00
0.323220	124.00
0.323240	124.00
0.323260	125.00
0.323280	126.00
0.323300	125.00
0.323320	125.00
0.323340	125.00
0.323360	125.00
0.323380	125.00
0.323400	124.00
0.323420	124.00
0.323440	124.00
0.323460	125.00
0.323480	125.00
0.323500	125.00
0.323520	124.00
0.323540	124.00
0.323560	124.00
0.323580	125.00
0.323600	125.00
0.323620	124.00
0.323640	124.00
0.323660	124.00
0.323680	124.00
0.323700	124.00
0.323720	124.00
0.323740	125.00
0.323760	125.00
0.323780	125.00
0.323800	125.00
0.323820	124.00
0.323840	125.00
0.323860	126.00
0.323880	126.00
0.323900	125.00
0.323920	124.00
0.323940	124.00
0.323960	125.00
0.323980	125.00
0.324000	125.00
0.324020	125.00
0.324040	125.00
0.324060	125.00
0.324080	125.00
0.324100	124.00
0.324120	124.00
0.324140	124.00
0.324160	125.00
0.324180	125.00
0.324200	125.00
0.324220	124.00
0.324240	124.00
0.324260	124.00
0.324280	125.00
0.324300	125.00
0.324320	124.00
0.324340	124.00
0.324360	124.00
0.324380	125.00
0.324400	124.00
0.324420	124.00
0.324440	124.00
0.324460	124.00
0.324480	125.00
0.324500	125.00
0.324520	125.00
0.324540	125.00
0.324560	125.00
0.324580	125.00
0.324600	124.00
0.324620	124.00
0.324640	124.00
0.324660	124.00
0.324680	125.00
0.324700	125.00
0.324720	124.00
0.324740	124.00
0.324760	125.00
0.324780	125.00
0.324800	124.00
0.324820	124.00
0.324840	124.00
0.324860	125.00
0.324880	126.00
0.324900	125.00
0.324920	125.00
0.324940	125.00
0.324960	125.00
0.324980	125.00
0.325000	124.00
0.325020	124.00
0.325040	124.00
0.325060	124.00
0.325080	125.00
0.325100	125.00
0.325120	125.00
0.325140	125.00
0.325160	125.00
0.325180	125.00
0.325200	124.00
0.325220	124.00
0.325240	124.00
0.325260	124.00
0.325280	125.00
0.325300	124.00
0.325320	124.00
0.325340	125.00
0.325360	125.00
0.325380	125.00
0.325400	124.00
0.325420	123.00
0.325440	122.00
0.325460	122.00
0.325480	122.00
0.325500	121.00
0.325520	120.00
0.325540	121.00
0.325560	122.00
0.325580	124.00
0.325600	126.00
0.325620	129.00
0.325640	133.00
0.325660	138.00
0.325680	142.00
0.325700	145.00
0.325720	147.00
0.325740	147.00
0.325760	144.00
0.325780	137.00
0.325800	126.00
0.325820	115.00
0.325840	104.00
0.325860	95.00
0.325880	88.00
0.325900	82.00
0.325920	78.00
0.325940	78.00
0.325960	82.00
0.325980	91.00
0.326000	105.00
0.326020	123.00
0.326040	142.00
0.326060	160.00
0.326080	175.00
0.326100	185.00
0.326120	191.00
0.326140	195.00
0.326160	195.00
0.326180	189.00
0.326200	175.00
0.326220	154.00
0.326240	128.00
0.326260	99.00
0.326280	69.00
0.326300	40.00
0.326320	18.00
0.326340	5.00
0.326360	2.00
0.326380	9.00
0.326400	27.00
0.326420	55.00
0.326440	95.00
0.326460	142.00
0.326480	188.00
0.326500	225.00
0.326520	247.00
0.326540	255.00
0.326560	255.00
0.326580	251.00
0.326600	238.00
0.326620	213.00
0.326640	171.00
0.326660	115.00
0.326680	56.00
0.326700	12.00
0.326720	0.00
0.326740	0.00
0.326760	6.00
0.326780	7.00
0.326800	0.00
0.326820	0.00
0.326840	11.00
0.326860	61.00
0.326880	130.00
0.326900	194.00
0.326920	237.00
0.326940	255.00
0.326960	255.00
0.326980	255.00
0.327000	255.00
0.327020	252.00
0.327040	239.00
0.327060	209.00
0.327080	162.00
0.327100	104.00
0.327120	49.00
0.327140	12.00
0.327160	0.00
0.327180	0.00
0.327200	4.00
0.327220	2.00
0.327240	0.00
0.327260	4.00
0.327280	30.00
0.327300	76.00
0.327320	129.00
0.327340	176.00
0.327360	210.00
0.327380	230.00
0.327400	240.00
0.327420	242.00
0.327440	237.00
0.327460	224.00
0.327480	204.00
0.327500	178.00
0.327520	148.00
0.327540	115.00
0.327560	84.00
0.327580	58.00
0.327600	39.00
0.327620	29.00
0.327640	27.00
0.327660	33.00
0.327680	46.00
0.327700	65.00
0.327720	88.00
0.327740	112.00
0.327760	135.00
0.327780	155.00
0.327800	172.00
0.327820	183.00
0.327840	188.00
0.327860	187.00
0.327880	181.00
0.327900	172.00
0.327920	159.00
0.327940	145.00
0.327960	129.00
0.327980	115.00
0.328000	102.00
0.328020	93.00
0.328040	87.00
0.328060	84.00
0.328080	85.00
0.328100	90.00
0.328120	97.00
0.328140	105.00
0.328160	115.00
0.328180	124.00
0.328200	133.00
0.328220	141.00
0.328240	146.00
0.328260	149.00
0.328280	150.00
0.328300	149.00
0.328320	146.00
0.328340	141.00
0.328360	135.00
0.328380	129.00
0.328400	123.00
0.328420	118.00
0.328440	114.00
0.328460	111.00
0.328480	109.00
0.328500	109.00
0.328520	110.00
0.328540	112.00
0.328560	115.00
0.328580	119.00
0.328600	123.00
0.328620	126.00
0.328640	130.00
0.328660	132.00
0.328680	134.00
0.328700	135.00
0.328720	135.00
0.328740	134.00
0.328760	132.00
0.328780	130.00
0.328800	128.00
0.328820	126.00
0.328840	124.00
0.328860	122.00
0.328880	121.00
0.328900	119.00
0.328920	119.00
0.328940	119.00
0.328960	119.00
0.328980	120.00
0.329000	121.00
0.329020	123.00
0.329040	124.00
0.329060	125.00
0.329080	126.00
0.329100	127.00
0.329120	128.00
0.329140	129.00
0.329160	129.00
0.329180	129.00
0.329200	128.00
0.329220	127.00
0.329240	126.00
0.329260	125.00
0.329280	124.00
0.329300	123.00
0.329320	123.00
0.329340	122.00
0.329360	123.00
0.329380	123.00
0.329400	123.00
0.329420	124.00
0.329440	124.00
0.329460	125.00
0.329480	125.00
0.329500	126.00
0.329520	127.00
0.329540	127.00
0.329560	127.00
0.329580	127.00
0.329600	127.00
0.329620	126.00
0.329640	126.00
0.329660	125.00
0.329680	125.00
0.329700	124.00
0.329720	124.00
0.329740	124.00
0.329760	123.00
0.329780	123.00
0.329800	123.00
0.329820	123.00
0.329840	124.00
0.329860	124.00
0.329880	124.00
0.329900	124.00
0.329920	124.00
0.329940	125.00
0.329960	125.00
0.329980	126.00
0.330000	126.00
0.330020	125.00
0.330040	125.00
0.330060	125.00
0.330080	125.00
0.330100	125.00
0.330120	125.00
0.330140	124.00
0.330160	124.00
0.330180	124.00
0.330200	125.00
0.330220	125.00
0.330240	125.00
0.330260	125.00
0.330280	125.00
0.330300	125.00
0.330320	124.00
0.330340	124.00
0.330360	125.00
0.330380	126.00
0.330400	126.00
0.330420	126.00
0.330440	126.00
0.330460	126.00
0.330480	125.00
0.330500	125.00
0.330520	125.00
0.330540	125.00
0.330560	125.00
0.330580	125.00
0.330600	125.00
0.330620	125.00
0.330640	124.00
0.330660	124.00
0.330680	125.00
0.330700	125.00
0.330720	124.00
0.330740	124.00
0.330760	125.00
0.330780	125.00
0.330800	125.00
0.330820	125.00
0.330840	125.00
0.330860	125.00
0.330880	125.00
0.330900	125.00
0.330920	125.00
0.330940	125.00
0.330960	125.00
0.330980	125.00
0.331000	125.00
0.331020	125.00
0.331040	125.00
0.331060	125.00
0.331080	125.00
0.331100	125.00
0.331120	125.00
0.331140	125.00
0.331160	125.00
0.331180	125.00
0.331200	125.00
0.331220	125.00
0.331240	124.00
0.331260	124.00
0.331280	124.00
0.331300	124.00
0.331320	125.00
0.331340	125.00
0.331360	125.00
0.331380	125.00
0.331400	125.00
0.331420	125.00
0.331440	125.00
0.331460	125.00
0.331480	125.00
0.331500	125.00
0.331520	125.00
0.331540	125.00
0.331560	125.00
0.331580	125.00
0.331600	125.00
0.331620	125.00
0.331640	126.00
0.331660	126.00
0.331680	126.00
0.331700	126.00
0.331720	126.00
0.331740	126.00
0.331760	126.00
0.331780	125.00
0.331800	125.00
0.331820	124.00
0.331840	123.00
0.331860	122.00
0.331880	121.00
0.331900	120.00
0.331920	119.00
0.331940	120.00
0.331960	121.00
0.331980	124.00
0.332000	126.00
0.332020	128.00
0.332040	131.00
0.332060	133.00
0.332080	134.00
0.332100	136.00
0.332120	137.00
0.332140	136.00
0.332160	135.00
0.332180	132.00
0.332200	129.00
0.332220	124.00
0.332240	119.00
0.332260	114.00
0.332280	110.00
0.332300	107.00
0.332320	105.00
0.332340	104.00
0.332360	105.00
0.332380	107.00
0.332400	112.00
0.332420	118.00
0.332440	126.00
0.332460	135.00
0.332480	144.00
0.332500	151.00
0.332520	156.00
0.332540	159.00
0.332560	159.00
0.332580	156.00
0.332600	150.00
0.332620	141.00
0.332640	129.00
0.332660	116.00
0.332680	103.00
0.332700	90.00
0.332720	80.00
0.332740	73.00
0.332760	71.00
0.332780	74.00
0.332800	81.00
0.332820	93.00
0.332840	108.00
0.332860	126.00
0.332880	145.00
0.332900	163.00
0.332920	178.00
0.332940	188.00
0.332960	194.00
0.332980	193.00
0.333000	187.00
0.333020	175.00
0.333040	158.00
0.333060	137.00
0.333080	115.00
0.333100	93.00
0.333120	74.00
0.333140	59.00
0.333160	50.00
0.333180	47.00
0.333200	51.00
0.333220	61.00
0.333240	76.00
0.333260	95.00
0.333280	117.00
0.333300	138.00
0.333320	158.00
0.333340	175.00
0.333360	186.00
0.333380	193.00
0.333400	193.00
0.333420	188.00
0.333440	179.00
0.333460	165.00
0.333480	148.00
0.333500	129.00
0.333520	111.00
0.333540	94.00
0.333560	81.00
0.333580	72.00
0.333600	68.00
0.333620	69.00
0.333640	74.00
0.333660	83.00
0.333680	95.00
0.333700	109.00
0.333720	123.00
0.333740	137.00
0.333760	148.00
0.333780	157.00
0.333800	163.00
0.333820	165.00
0.333840	164.00
0.333860	159.00
0.333880	152.00
0.333900	143.00
0.333920	134.00
0.333940	124.00
0.333960	115.00
0.333980	107.00
0.334000	102.00
0.334020	99.00
0.334040	98.00
0.334060	99.00
0.334080	102.00
0.334100	107.00
0.334120	113.00
0.334140	119.00
0.334160	126.00
0.334180	132.00
0.334200	137.00
0.334220	141.00
0.334240	142.00
0.334260	142.00
0.334280	141.00
0.334300	138.00
0.334320	135.00
0.334340	132.00
0.334360	128.00
0.334380	124.00
0.334400	121.00
0.334420	118.00
0.334440	116.00
0.334460	115.00
0.334480	115.00
0.334500	115.00
0.334520	116.00
0.334540	118.00
0.334560	121.00
0.334580	124.00
0.334600	126.00
0.334620	128.00
0.334640	129.00
0.334660	131.00
0.334680	132.00
0.334700	132.00
0.334720	132.00
0.334740	131.00
0.334760	129.00
0.334780	128.00
0.334800	126.00
0.334820	124.00
0.334840	123.00
0.334860	122.00
0.334880	121.00
0.334900	121.00
0.334920	121.00
0.334940	121.00
0.334960	122.00
0.334980	123.00
0.335000	124.00
0.335020	125.00
0.335040	126.00
0.335060	126.00
0.335080	127.00
0.335100	127.00
0.335120	127.00
0.335140	128.00
0.335160	128.00
0.335180	127.00
0.335200	126.00
0.335220	125.00
0.335240	125.00
0.335260	125.00
0.335280	125.00
0.335300	124.00
0.335320	123.00
0.335340	123.00
0.335360	123.00
0.335380	123.00
0.335400	124.00
0.335420	124.00
0.335440	124.00
0.335460	124.00
0.335480	125.00
0.335500	125.00
0.335520	125.00
0.335540	126.00
0.335560	126.00
0.335580	126.00
0.335600	126.00
0.335620	126.00
0.335640	126.00
0.335660	125.00
0.335680	125.00
0.335700	124.00
0.335720	124.00
0.335740	124.00
0.335760	125.00
0.335780	125.00
0.335800	125.00
0.335820	124.00
0.335840	124.00
0.335860	124.00
0.335880	124.00
0.335900	124.00
0.335920	124.00
0.335940	124.00
0.335960	124.00
0.335980	125.00
0.336000	125.00
0.336020	126.00
0.336040	126.00
0.336060	126.00
0.336080	126.00
0.336100	126.00
0.336120	126.00
0.336140	126.00
0.336160	126.00
0.336180	126.00
0.336200	125.00
0.336220	124.00
0.336240	124.00
0.336260	124.00
0.336280	124.00
0.336300	124.00
0.336320	124.00
0.336340	124.00
0.336360	124.00
0.336380	125.00
0.336400	125.00
0.336420	125.00
0.336440	125.00
0.336460	126.00
0.336480	126.00
0.336500	126.00
0.336520	126.00
0.336540	126.00
0.336560	126.00
0.336580	126.00
0.336600	126.00
0.336620	126.00
0.336640	125.00
0.336660	124.00
0.336680	124.00
0.336700	124.00
0.336720	124.00
0.336740	124.00
0.336760	125.00
0.336780	124.00
0.336800	124.00
0.336820	125.00
0.336840	125.00
0.336860	126.00
0.336880	126.00
0.336900	125.00
0.336920	125.00
0.336940	125.00
0.336960	126.00
0.336980	126.00
0.337000	126.00
0.337020	126.00
0.337040	126.00
0.337060	125.00
0.337080	125.00
0.337100	124.00
0.337120	125.00
0.337140	125.00
0.337160	125.00
0.337180	125.00
0.337200	124.00
0.337220	124.00
0.337240	124.00
0.337260	124.00
0.337280	124.00
0.337300	124.00
0.337320	125.00
0.337340	125.00
0.337360	125.00
0.337380	125.00
0.337400	125.00
0.337420	125.00
0.337440	125.00
0.337460	125.00
0.337480	125.00
0.337500	125.00
0.337520	125.00
0.337540	125.00
0.337560	125.00
0.337580	125.00
0.337600	124.00
0.337620	124.00
0.337640	125.00
0.337660	125.00
0.337680	125.00
0.337700	125.00
0.337720	125.00
0.337740	125.00
0.337760	125.00
0.337780	125.00
0.337800	125.00
0.337820	126.00
0.337840	126.00
0.337860	126.00
0.337880	126.00
0.337900	126.00
0.337920	125.00
0.337940	125.00
0.337960	125.00
0.337980	125.00
0.338000	124.00
0.338020	124.00
0.338040	123.00
0.338060	123.00
0.338080	123.00
0.338100	122.00
0.338120	122.00
0.338140	122.00
0.338160	123.00
0.338180	125.00
0.338200	126.00
0.338220	127.00
0.338240	129.00
0.338260	130.00
0.338280	132.00
0.338300	133.00
0.338320	133.00
0.338340	132.00
0.338360	130.00
0.338380	127.00
0.338400	124.00
0.338420	121.00
0.338440	118.00
0.338460	116.00
0.338480	114.00
0.338500	112.00
0.338520	111.00
0.338540	112.00
0.338560	114.00
0.338580	118.00
0.338600	122.00
0.338620	126.00
0.338640	131.00
0.338660	135.00
0.338680	139.00
0.338700	142.00
0.338720	145.00
0.338740	146.00
0.338760	145.00
0.338780	142.00
0.338800	137.00
0.338820	130.00
0.338840	122.00
0.338860	113.00
0.338880	105.00
0.338900	97.00
0.338920	92.00
0.338940	90.00
0.338960	91.00
0.338980	95.00
0.339000	102.00
0.339020	112.00
0.339040	125.00
0.339060	138.00
0.339080	151.00
0.339100	161.00
0.339120	168.00
0.339140	171.00
0.339160	170.00
0.339180	165.00
0.339200	156.00
0.339220	144.00
0.339240	131.00
0.339260	116.00
0.339280	102.00
0.339300	90.00
0.339320	80.00
0.339340	75.00
0.339360	74.00
0.339380	78.00
0.339400	86.00
0.339420	97.00
0.339440	109.00
0.339460	123.00
0.339480	137.00
0.339500	150.00
0.339520	161.00
0.339540	168.00
0.339560	171.00
0.339580	170.00
0.339600	165.00
0.339620	156.00
0.339640	145.00
0.339660	134.00
0.339680	122.00
0.339700	110.00
0.339720	100.00
0.339740	92.00
0.339760	88.00
0.339780	87.00
0.339800	90.00
0.339820	95.00
0.339840	103.00
0.339860	112.00
0.339880	122.00
0.339900	131.00
0.339920	139.00
0.339940	146.00
0.339960	150.00
0.339980	152.00
0.340000	152.00
0.340020	149.00
0.340040	145.00
0.340060	139.00
0.340080	133.00
0.340100	126.00
0.340120	119.00
0.340140	113.00
0.340160	109.00
0.340180	107.00
0.340200	106.00
0.340220	107.00
0.340240	109.00
0.340260	113.00
0.340280	116.00
0.340300	121.00
0.340320	125.00
0.340340	130.00
0.340360	133.00
0.340380	136.00
0.340400	137.00
0.340420	137.00
0.340440	136.00
0.340460	134.00
0.340480	132.00
0.340500	130.00
0.340520	127.00
0.340540	125.00
0.340560	122.00
0.340580	120.00
0.340600	118.00
0.340620	117.00
0.340640	117.00
0.340660	118.00
0.340680	119.00
0.340700	121.00
0.340720	122.00
0.340740	124.00
0.340760	126.00
0.340780	128.00
0.340800	129.00
0.340820	130.00
0.340840	130.00
0.340860	130.00
0.340880	129.00
0.340900	128.00
0.340920	127.00
0.340940	126.00
0.340960	125.00
0.340980	125.00
0.341000	124.00
0.341020	123.00
0.341040	122.00
0.341060	122.00
0.341080	123.00
0.341100	123.00
0.341120	123.00
0.341140	124.00
0.341160	125.00
0.341180	125.00
0.341200	126.00
0.341220	126.00
0.341240	126.00
0.341260	126.00
0.341280	126.00
0.341300	126.00
0.341320	126.00
0.341340	126.00
0.341360	126.00
0.341380	125.00
0.341400	125.00
0.341420	125.00
0.341440	124.00
0.341460	124.00
0.341480	124.00
0.341500	124.00
0.341520	125.00
0.341540	125.00
0.341560	125.00
0.341580	125.00
0.341600	125.00
0.341620	125.00
0.341640	125.00
0.341660	125.00
0.341680	125.00
0.341700	125.00
0.341720	125.00
0.341740	125.00
0.341760	125.00
0.341780	125.00
0.341800	125.00
0.341820	125.00
0.341840	125.00
0.341860	125.00
0.341880	125.00
0.341900	125.00
0.341920	125.00
0.341940	125.00
0.341960	125.00
0.341980	125.00
0.342000	124.00
0.342020	124.00
0.342040	124.00
0.342060	124.00
0.342080	124.00
0.342100	124.00
0.342120	124.00
0.342140	124.00
0.342160	124.00
0.342180	125.00
0.342200	125.00
0.342220	125.00
0.342240	125.00
0.342260	125.00
0.342280	126.00
0.342300	126.00
0.342320	126.00
0.342340	126.00
0.342360	126.00
0.342380	126.00
0.342400	125.00
0.342420	125.00
0.342440	125.00
0.342460	124.00
0.342480	124.00
0.342500	123.00
0.342520	123.00
0.342540	123.00
0.342560	123.00
0.342580	124.00
0.342600	124.00
0.342620	124.00
0.342640	125.00
0.342660	125.00
0.342680	125.00
0.342700	126.00
0.342720	126.00
0.342740	127.00
0.342760	127.00
0.342780	127.00
0.342800	127.00
0.342820	127.00
0.342840	126.00
0.342860	125.00
0.342880	125.00
0.342900	125.00
0.342920	124.00
0.342940	124.00
0.342960	124.00
0.342980	124.00
0.343000	124.00
0.343020	124.00
0.343040	124.00
0.343060	124.00
0.343080	124.00
0.343100	125.00
0.343120	125.00
0.343140	126.00
0.343160	126.00
0.343180	126.00
0.343200	126.00
0.343220	126.00
0.343240	126.00
0.343260	126.00
0.343280	126.00
0.343300	125.00
0.343320	125.00
0.343340	125.00
0.343360	125.00
0.343380	125.00
0.343400	124.00
0.343420	124.00
0.343440	125.00
0.343460	125.00
0.343480	125.00
0.343500	124.00
0.343520	124.00
0.343540	124.00
0.343560	125.00
0.343580	125.00
0.343600	125.00
0.343620	125.00
0.343640	125.00
0.343660	125.00
0.343680	125.00
0.343700	125.00
0.343720	125.00
0.343740	125.00
0.343760	125.00
0.343780	125.00
0.343800	125.00
0.343820	125.00
0.343840	125.00
0.343860	125.00
0.343880	125.00
0.343900	125.00
0.343920	125.00
0.343940	125.00
0.343960	125.00
0.343980	125.00
0.344000	125.00
0.344020	125.00
0.344040	125.00
0.344060	125.00
0.344080	125.00
0.344100	126.00
0.344120	126.00
0.344140	126.00
0.344160	125.00
0.344180	125.00
0.344200	125.00
0.344220	125.00
0.344240	124.00
0.344260	124.00
0.344280	124.00
0.344300	123.00
0.344320	123.00
0.344340	123.00
0.344360	124.00
0.344380	125.00
0.344400	126.00
0.344420	127.00
0.344440	128.00
0.344460	129.00
0.344480	129.00
0.344500	129.00
0.344520	129.00
0.344540	128.00
0.344560	127.00
0.344580	126.00
0.344600	124.00
0.344620	122.00
0.344640	120.00
0.344660	119.00
0.344680	117.00
0.344700	117.00
0.344720	117.00
0.344740	118.00
0.344760	120.00
0.344780	122.00
0.344800	124.00
0.344820	126.00
0.344840	129.00
0.344860	132.00
0.344880	135.00
0.344900	136.00
0.344920	137.00
0.344940	137.00
0.344960	135.00
0.344980	132.00
0.345000	128.00
0.345020	123.00
0.345040	118.00
0.345060	113.00
0.345080	110.00
0.345100	107.00
0.345120	105.00
0.345140	105.00
0.345160	107.00
0.345180	112.00
0.345200	118.00
0.345220	125.00
0.345240	133.00
0.345260	140.00
0.345280	146.00
0.345300	150.00
0.345320	152.00
0.345340	151.00
0.345360	148.00
0.345380	143.00
0.345400	136.00
0.345420	128.00
0.345440	119.00
0.345460	111.00
0.345480	104.00
0.345500	100.00
0.345520	97.00
0.345540	97.00
0.345560	99.00
0.345580	104.00
0.345600	110.00
0.345620	118.00
0.345640	126.00
0.345660	134.00
0.345680	140.00
0.345700	146.00
0.345720	149.00
0.345740	150.00
0.345760	149.00
0.345780	145.00
0.345800	140.00
0.345820	134.00
0.345840	128.00
0.345860	122.00
0.345880	116.00
0.345900	110.00
0.345920	106.00
0.345940	104.00
0.345960	105.00
0.345980	107.00
0.346000	110.00
0.346020	114.00
0.346040	119.00
0.346060	124.00
0.346080	129.00
0.346100	134.00
0.346120	137.00
0.346140	138.00
0.346160	139.00
0.346180	138.00
0.346200	136.00
0.346220	134.00
0.346240	131.00
0.346260	127.00
0.346280	124.00
0.346300	121.00
0.346320	119.00
0.346340	117.00
0.346360	116.00
0.346380	116.00
0.346400	117.00
0.346420	118.00
0.346440	120.00
0.346460	122.00
0.346480	124.00
0.346500	126.00
0.346520	128.00
0.346540	129.00
0.346560	131.00
0.346580	132.00
0.346600	131.00
0.346620	130.00
0.346640	129.00
0.346660	127.00
0.346680	126.00
0.346700	125.00
0.346720	124.00
0.346740	123.00
0.346760	122.00
0.346780	122.00
0.346800	122.00
0.346820	122.00
0.346840	122.00
0.346860	122.00
0.346880	123.00
0.346900	124.00
0.346920	125.00
0.346940	126.00
0.346960	126.00
0.346980	126.00
0.347000	127.00
0.347020	127.00
0.347040	127.00
0.347060	127.00
0.347080	127.00
0.347100	126.00
0.347120	126.00
0.347140	126.00
0.347160	125.00
0.347180	124.00
0.347200	124.00
0.347220	124.00
0.347240	123.00
0.347260	123.00
0.347280	123.00
0.347300	123.00
0.347320	124.00
0.347340	124.00
0.347360	124.00
0.347380	125.00
0.347400	125.00
0.347420	126.00
0.347440	126.00
0.347460	126.00
0.347480	126.00
0.347500	125.00
0.347520	125.00
0.347540	125.00
0.347560	125.00
0.347580	125.00
0.347600	125.00
0.347620	125.00
0.347640	124.00
0.347660	125.00
0.347680	125.00
0.347700	125.00
0.347720	125.00
0.347740	124.00
0.347760	124.00
0.347780	124.00
0.347800	124.00
0.347820	125.00
0.347840	125.00
0.347860	125.00
0.347880	125.00
0.347900	125.00
0.347920	125.00
0.347940	125.00
0.347960	125.00
0.347980	125.00
0.348000	125.00
0.348020	125.00
0.348040	126.00
0.348060	126.00
0.348080	126.00
0.348100	125.00
0.348120	125.00
0.348140	125.00
0.348160	125.00
0.348180	125.00
0.348200	125.00
0.348220	125.00
0.348240	124.00
0.348260	124.00
0.348280	124.00
0.348300	124.00
0.348320	123.00
0.348340	123.00
0.348360	124.00
0.348380	124.00
0.348400	125.00
0.348420	125.00
0.348440	125.00
0.348460	126.00
0.348480	126.00
0.348500	126.00
0.348520	126.00
0.348540	126.00
0.348560	126.00
0.348580	126.00
0.348600	125.00
0.348620	125.00
0.348640	124.00
0.348660	124.00
0.348680	123.00
0.348700	123.00
0.348720	123.00
0.348740	124.00
0.348760	124.00
0.348780	123.00
0.348800	124.00
0.348820	124.00
0.348840	125.00
0.348860	125.00
0.348880	126.00
0.348900	126.00
0.348920	126.00
0.348940	126.00
0.348960	126.00
0.348980	126.00
0.349000	126.00
0.349020	126.00
0.349040	125.00
0.349060	125.00
0.349080	125.00
0.349100	125.00
0.349120	124.00
0.349140	123.00
0.349160	123.00
0.349180	123.00
0.349200	124.00
0.349220	124.00
0.349240	124.00
0.349260	124.00
0.349280	125.00
0.349300	125.00
0.349320	126.00
0.349340	126.00
0.349360	126.00
0.349380	126.00
0.349400	126.00
0.349420	126.00
0.349440	126.00
0.349460	125.00
0.349480	124.00
0.349500	124.00
0.349520	124.00
0.349540	124.00
0.349560	124.00
0.349580	124.00
0.349600	124.00
0.349620	124.00
0.349640	124.00
0.349660	124.00
0.349680	124.00
0.349700	124.00
0.349720	124.00
0.349740	125.00
0.349760	126.00
0.349780	126.00
0.349800	126.00
0.349820	126.00
0.349840	126.00
0.349860	126.00
0.349880	126.00
0.349900	126.00
0.349920	126.00
0.349940	126.00
0.349960	126.00
0.349980	125.00
0.350000	125.00
0.350020	124.00
0.350040	124.00
0.350060	125.00
0.350080	125.00
0.350100	125.00
0.350120	124.00
0.350140	124.00
0.350160	124.00
0.350180	124.00
0.350200	125.00
0.350220	125.00
0.350240	125.00
0.350260	126.00
0.350280	126.00
0.350300	126.00
0.350320	126.00
0.350340	125.00
0.350360	125.00
0.350380	125.00
0.350400	124.00
0.350420	124.00
0.350440	124.00
0.350460	124.00
0.350480	124.00
0.350500	124.00
0.350520	124.00
0.350540	124.00
0.350560	125.00
0.350580	126.00
0.350600	126.00
0.350620	126.00
0.350640	127.00
0.350660	127.00
0.350680	128.00
0.350700	127.00
0.350720	127.00
0.350740	126.00
0.350760	126.00
0.350780	125.00
0.350800	124.00
0.350820	123.00
0.350840	122.00
0.350860	121.00
0.350880	121.00
0.350900	122.00
0.350920	123.00
0.350940	123.00
0.350960	123.00
0.350980	124.00
0.351000	125.00
0.351020	126.00
0.351040	128.00
0.351060	130.00
0.351080	131.00
0.351100	132.00
0.351120	132.00
0.351140	131.00
0.351160	129.00
0.351180	127.00
0.351200	125.00
0.351220	122.00
0.351240	119.00
0.351260	117.00
0.351280	115.00
0.351300	114.00
0.351320	113.00
0.351340	114.00
0.351360	116.00
0.351380	120.00
0.351400	124.00
0.351420	128.00
0.351440	132.00
0.351460	135.00
0.351480	138.00
0.351500	139.00
0.351520	139.00
0.351540	138.00
0.351560	135.00
0.351580	131.00
0.351600	127.00
0.351620	123.00
0.351640	119.00
0.351660	115.00
0.351680	113.00
0.351700	111.00
0.351720	111.00
0.351740	112.00
0.351760	113.00
0.351780	116.00
0.351800	120.00
0.351820	124.00
0.351840	129.00
0.351860	132.00
0.351880	134.00
0.351900	136.00
0.351920	137.00
0.351940	136.00
0.351960	135.00
0.351980	133.00
0.352000	130.00
0.352020	127.00
0.352040	124.00
0.352060	121.00
0.352080	119.00
0.352100	117.00
0.352120	116.00
0.352140	116.00
0.352160	116.00
0.352180	117.00
0.352200	119.00
0.352220	121.00
0.352240	124.00
0.352260	126.00
0.352280	128.00
0.352300	129.00
0.352320	131.00
0.352340	131.00
0.352360	131.00
0.352380	130.00
0.352400	129.00
0.352420	128.00
0.352440	127.00
0.352460	126.00
0.352480	125.00
0.352500	123.00
0.352520	122.00
0.352540	122.00
0.352560	121.00
0.352580	121.00
0.352600	121.00
0.352620	122.00
0.352640	123.00
0.352660	124.00
0.352680	125.00
0.352700	126.00
0.352720	127.00
0.352740	127.00
0.352760	127.00
0.352780	127.00
0.352800	127.00
0.352820	127.00
0.352840	127.00
0.352860	126.00
0.352880	126.00
0.352900	125.00
0.352920	125.00
0.352940	125.00
0.352960	124.00
0.352980	123.00
0.353000	123.00
0.353020	123.00
0.353040	124.00
0.353060	124.00
0.353080	124.00
0.353100	125.00
0.353120	125.00
0.353140	125.00
0.353160	125.00
0.353180	125.00
0.353200	125.00
0.353220	125.00
0.353240	125.00
0.353260	125.00
0.353280	125.00
0.353300	125.00
0.353320	125.00
0.353340	124.00
0.353360	124.00
0.353380	124.00
0.353400	124.00
0.353420	124.00
0.353440	125.00
0.353460	125.00
0.353480	125.00
0.353500	125.00
0.353520	125.00
0.353540	125.00
0.353560	125.00
0.353580	125.00
0.353600	125.00
0.353620	125.00
0.353640	125.00
0.353660	125.00
0.353680	125.00
0.353700	126.00
0.353720	126.00
0.353740	125.00
0.353760	125.00
0.353780	124.00
0.353800	124.00
0.353820	125.00
0.353840	125.00
0.353860	125.00
0.353880	125.00
0.353900	124.00
0.353920	124.00
0.353940	124.00
0.353960	125.00
0.353980	125.00
0.354000	125.00
0.354020	124.00
0.354040	125.00
0.354060	125.00
0.354080	125.00
0.354100	125.00
0.354120	125.00
0.354140	125.00
0.354160	125.00
0.354180	125.00
0.354200	125.00
0.354220	125.00
0.354240	125.00
0.354260	125.00
0.354280	125.00
0.354300	125.00
0.354320	125.00
0.354340	125.00
0.354360	125.00
0.354380	125.00
0.354400	124.00
0.354420	124.00
0.354440	123.00
0.354460	124.00
0.354480	124.00
0.354500	124.00
0.354520	124.00
0.354540	124.00
0.354560	124.00
0.354580	124.00
0.354600	125.00
0.354620	125.00
0.354640	126.00
0.354660	126.00
0.354680	126.00
0.354700	126.00
0.354720	126.00
0.354740	126.00
0.354760	126.00
0.354780	125.00
0.354800	125.00
0.354820	124.00
0.354840	124.00
0.354860	124.00
0.354880	124.00
0.354900	123.00
0.354920	123.00
0.354940	123.00
0.354960	123.00
0.354980	124.00
0.355000	124.00
0.355020	124.00
0.355040	125.00
0.355060	126.00
0.355080	126.00
0.355100	126.00
0.355120	126.00
0.355140	126.00
0.355160	126.00
0.355180	126.00
0.355200	125.00
0.355220	125.00
0.355240	125.00
0.355260	124.00
0.355280	124.00
0.355300	123.00
0.355320	123.00
0.355340	123.00
0.355360	123.00
0.355380	124.00
0.355400	124.00
0.355420	124.00
0.355440	125.00
0.355460	125.00
0.355480	126.00
0.355500	127.00
0.355520	127.00
0.355540	127.00
0.355560	127.00
0.355580	127.00
0.355600	126.00
0.355620	126.00
0.355640	126.00
0.355660	125.00
0.355680	124.00
0.355700	124.00
0.355720	123.00
0.355740	123.00
0.355760	123.00
0.355780	123.00
0.355800	123.00
0.355820	123.00
0.355840	124.00
0.355860	125.00
0.355880	125.00
0.355900	125.00
0.355920	125.00
0.355940	125.00
0.355960	126.00
0.355980	126.00
0.356000	126.00
0.356020	126.00
0.356040	126.00
0.356060	126.00
0.356080	125.00
0.356100	125.00
0.356120	125.00
0.356140	125.00
0.356160	124.00
0.356180	124.00
0.356200	124.00
0.356220	124.00
0.356240	124.00
0.356260	124.00
0.356280	124.00
0.356300	124.00
0.356320	124.00
0.356340	125.00
0.356360	125.00
0.356380	125.00
0.356400	126.00
0.356420	126.00
0.356440	126.00
0.356460	126.00
0.356480	126.00
0.356500	125.00
0.356520	125.00
0.356540	125.00
0.356560	125.00
0.356580	125.00
0.356600	124.00
0.356620	124.00
0.356640	124.00
0.356660	124.00
0.356680	124.00
0.356700	124.00
0.356720	124.00
0.356740	124.00
0.356760	125.00
0.356780	126.00
0.356800	126.00
0.356820	126.00
0.356840	127.00
0.356860	127.00
0.356880	127.00
0.356900	126.00
0.356920	126.00
0.356940	126.00
0.356960	125.00
0.356980	125.00
0.357000	124.00
0.357020	123.00
0.357040	123.00
0.357060	123.00
0.357080	123.00
0.357100	123.00
0.357120	123.00
0.357140	124.00
0.357160	124.00
0.357180	124.00
0.357200	125.00
0.357220	126.00
0.357240	127.00
0.357260	128.00
0.357280	128.00
0.357300	128.00
0.357320	128.00
0.357340	128.00
0.357360	127.00
0.357380	126.00
0.357400	124.00
0.357420	122.00
0.357440	121.00
0.357460	120.00
0.357480	119.00
0.357500	119.00
0.357520	119.00
0.357540	120.00
0.357560	122.00
0.357580	124.00
0.357600	125.00
0.357620	127.00
0.357640	130.00
0.357660	131.00
0.357680	132.00
0.357700	133.00
0.357720	132.00
0.357740	131.00
0.357760	130.00
0.357780	128.00
0.357800	125.00
0.357820	123.00
0.357840	121.00
0.357860	119.00
0.357880	118.00
0.357900	117.00
0.357920	117.00
0.357940	118.00
0.357960	120.00
0.357980	122.00
0.358000	123.00
0.358020	125.00
0.358040	128.00
0.358060	130.00
0.358080	131.00
0.358100	131.00
0.358120	131.00
0.358140	130.00
0.358160	130.00
0.358180	129.00
0.358200	128.00
0.358220	126.00
0.358240	124.00
0.358260	123.00
0.358280	122.00
0.358300	121.00
0.358320	120.00
0.358340	120.00
0.358360	120.00
0.358380	121.00
0.358400	122.00
0.358420	122.00
0.358440	123.00
0.358460	124.00
0.358480	125.00
0.358500	126.00
0.358520	127.00
0.358540	127.00
0.358560	127.00
0.358580	127.00
0.358600	127.00
0.358620	127.00
0.358640	127.00
0.358660	126.00
0.358680	126.00
0.358700	125.00
0.358720	124.00
0.358740	124.00
0.358760	123.00
0.358780	123.00
0.358800	123.00
0.358820	123.00
0.358840	123.00
0.358860	123.00
0.358880	124.00
0.358900	124.00
0.358920	124.00
0.358940	125.00
0.358960	126.00
0.358980	126.00
0.359000	126.00
0.359020	127.00
0.359040	127.00
0.359060	127.00
0.359080	127.00
0.359100	126.00
0.359120	125.00
0.359140	125.00
0.359160	125.00
0.359180	125.00
0.359200	124.00
0.359220	124.00
0.359240	123.00
0.359260	123.00
0.359280	124.00
0.359300	124.00
0.359320	124.00
0.359340	124.00
0.359360	125.00
0.359380	125.00
0.359400	125.00
0.359420	125.00
0.359440	125.00
0.359460	125.00
0.359480	126.00
0.359500	126.00
0.359520	126.00
0.359540	126.00
0.359560	126.00
0.359580	125.00
0.359600	125.00
0.359620	124.00
0.359640	124.00
0.359660	124.00
0.359680	124.00
0.359700	124.00
0.359720	124.00
0.359740	124.00
0.359760	124.00
0.359780	125.00
0.359800	125.00
0.359820	125.00
0.359840	125.00
0.359860	125.00
0.359880	125.00
0.359900	125.00
0.359920	125.00
0.359940	125.00
0.359960	125.00
0.359980	126.00
