0.320000	101.00
0.320020	49.00
0.320040	101.00
0.320060	140.00
0.320080	143.00
0.320100	124.00
0.320120	112.00
0.320140	118.00
0.320160	131.00
0.320180	134.00
0.320200	125.00
0.320220	118.00
0.320240	121.00
0.320260	129.00
0.320280	130.00
0.320300	125.00
0.320320	120.00
0.320340	122.00
0.320360	127.00
0.320380	128.00
0.320400	124.00
0.320420	121.00
0.320440	123.00
0.320460	128.00
0.320480	128.00
0.320500	125.00
0.320520	121.00
0.320540	123.00
0.320560	126.00
0.320580	128.00
0.320600	125.00
0.320620	123.00
0.320640	124.00
0.320660	127.00
0.320680	128.00
0.320700	125.00
0.320720	123.00
0.320740	123.00
0.320760	126.00
0.320780	126.00
0.320800	125.00
0.320820	123.00
0.320840	124.00
0.320860	126.00
0.320880	126.00
0.320900	125.00
0.320920	123.00
0.320940	124.00
0.320960	126.00
0.320980	126.00
0.321000	124.00
0.321020	123.00
0.321040	124.00
0.321060	126.00
0.321080	127.00
0.321100	125.00
0.321120	124.00
0.321140	124.00
0.321160	126.00
0.321180	126.00
0.321200	125.00
0.321220	124.00
0.321240	125.00
0.321260	126.00
0.321280	126.00
0.321300	124.00
0.321320	123.00
0.321340	124.00
0.321360	125.00
0.321380	125.00
0.321400	124.00
0.321420	123.00
0.321440	124.00
0.321460	126.00
0.321480	126.00
0.321500	125.00
0.321520	124.00
0.321540	124.00
0.321560	125.00
0.321580	126.00
0.321600	125.00
0.321620	124.00
0.321640	124.00
0.321660	125.00
0.321680	126.00
0.321700	125.00
0.321720	124.00
0.321740	124.00
0.321760	125.00
0.321780	125.00
0.321800	124.00
0.321820	123.00
0.321840	124.00
0.321860	125.00
0.321880	125.00
0.321900	125.00
0.321920	124.00
0.321940	125.00
0.321960	126.00
0.321980	126.00
0.322000	125.00
0.322020	124.00
0.322040	125.00
0.322060	126.00
0.322080	126.00
0.322100	124.00
0.322120	124.00
0.322140	124.00
0.322160	126.00
0.322180	126.00
0.322200	125.00
0.322220	124.00
0.322240	124.00
0.322260	125.00
0.322280	126.00
0.322300	125.00
0.322320	124.00
0.322340	124.00
0.322360	124.00
0.322380	125.00
0.322400	124.00
0.322420	124.00
0.322440	124.00
0.322460	125.00
0.322480	125.00
0.322500	124.00
0.322520	124.00
0.322540	124.00
0.322560	125.00
0.322580	125.00
0.322600	124.00
0.322620	124.00
0.322640	124.00
0.322660	125.00
0.322680	125.00
0.322700	125.00
0.322720	124.00
0.322740	124.00
0.322760	125.00
0.322780	125.00
0.322800	125.00
0.322820	124.00
0.322840	124.00
0.322860	125.00
0.322880	125.00
0.322900	125.00
0.322920	125.00
0.322940	125.00
0.322960	125.00
0.322980	125.00
0.323000	125.00
0.323020	124.00
0.323040	125.00
0.323060	125.00
0.323080	126.00
0.323100	125.00
0.323120	124.00
0.323140	124.00
0.323160	125.00
0.323180	126.00
0.323200	125.00
0.323220	125.00
0.323240	125.00
0.323260	126.00
0.323280	126.00
0.323300	125.00
0.323320	125.00
0.323340	125.00
0.323360	125.00
0.323380	125.00
0.323400	124.00
0.323420	124.00
0.323440	125.00
0.323460	126.00
0.323480	126.00
0.323500	125.00
0.323520	125.00
0.323540	125.00
0.323560	126.00
0.323580	126.00
0.323600	125.00
0.323620	125.00
0.323640	125.00
0.323660	126.00
0.323680	126.00
0.323700	125.00
0.323720	124.00
0.323740	124.00
0.323760	124.00
0.323780	125.00
0.323800	124.00
0.323820	124.00
0.323840	124.00
0.323860	125.00
0.323880	125.00
0.323900	125.00
0.323920	125.00
0.323940	125.00
0.323960	126.00
0.323980	126.00
0.324000	125.00
0.324020	125.00
0.324040	125.00
0.324060	125.00
0.324080	125.00
0.324100	125.00
0.324120	124.00
0.324140	124.00
0.324160	125.00
0.324180	125.00
0.324200	125.00
0.324220	124.00
0.324240	124.00
0.324260	125.00
0.324280	125.00
0.324300	125.00
0.324320	124.00
0.324340	124.00
0.324360	125.00
0.324380	125.00
0.324400	125.00
0.324420	125.00
0.324440	125.00
0.324460	126.00
0.324480	125.00
0.324500	124.00
0.324520	124.00
0.324540	124.00
0.324560	125.00
0.324580	126.00
0.324600	125.00
0.324620	125.00
0.324640	125.00
0.324660	125.00
0.324680	125.00
0.324700	124.00
0.324720	124.00
0.324740	125.00
0.324760	125.00
0.324780	125.00
0.324800	124.00
0.324820	124.00
0.324840	125.00
0.324860	125.00
0.324880	125.00
0.324900	124.00
0.324920	124.00
0.324940	124.00
0.324960	124.00
0.324980	124.00
0.325000	123.00
0.325020	123.00
0.325040	124.00
0.325060	126.00
0.325080	126.00
0.325100	125.00
0.325120	124.00
0.325140	124.00
0.325160	125.00
0.325180	125.00
0.325200	125.00
0.325220	124.00
0.325240	124.00
0.325260	125.00
0.325280	125.00
0.325300	125.00
0.325320	125.00
0.325340	125.00
0.325360	125.00
0.325380	125.00
0.325400	125.00
0.325420	124.00
0.325440	123.00
0.325460	123.00
0.325480	122.00
0.325500	120.00
0.325520	120.00
0.325540	121.00
0.325560	123.00
0.325580	125.00
0.325600	127.00
0.325620	130.00
0.325640	134.00
0.325660	139.00
0.325680	143.00
0.325700	145.00
0.325720	146.00
0.325740	145.00
0.325760	141.00
0.325780	133.00
0.325800	122.00
0.325820	111.00
0.325840	101.00
0.325860	93.00
0.325880	86.00
0.325900	81.00
0.325920	78.00
0.325940	79.00
0.325960	85.00
0.325980	96.00
0.326000	111.00
0.326020	129.00
0.326040	148.00
0.326060	165.00
0.326080	178.00
0.326100	187.00
0.326120	193.00
0.326140	195.00
0.326160	193.00
0.326180	185.00
0.326200	169.00
0.326220	146.00
0.326240	119.00
0.326260	89.00
0.326280	59.00
0.326300	32.00
0.326320	12.00
0.326340	2.00
0.326360	3.00
0.326380	14.00
0.326400	35.00
0.326420	68.00
0.326440	112.00
0.326460	160.00
0.326480	203.00
0.326500	234.00
0.326520	251.00
0.326540	255.00
0.326560	255.00
0.326580	248.00
0.326600	231.00
0.326620	199.00
0.326640	151.00
0.326660	93.00
0.326680	40.00
0.326700	5.00
0.326720	0.00
0.326740	0.00
0.326760	7.00
0.326780	4.00
0.326800	0.00
0.326820	0.00
0.326840	28.00
0.326860	86.00
0.326880	155.00
0.326900	213.00
0.326920	246.00
0.326940	255.00
0.326960	255.00
0.326980	255.00
0.327000	255.00
0.327020	248.00
0.327040	229.00
0.327060	193.00
0.327080	142.00
0.327100	84.00
0.327120	34.00
0.327140	5.00
0.327160	0.00
0.327180	1.00
0.327200	4.00
0.327220	0.00
0.327240	0.00
0.327260	9.00
0.327280	44.00
0.327300	95.00
0.327320	148.00
0.327340	191.00
0.327360	219.00
0.327380	234.00
0.327400	242.00
0.327420	242.00
0.327440	234.00
0.327460	218.00
0.327480	195.00
0.327500	167.00
0.327520	135.00
0.327540	103.00
0.327560	73.00
0.327580	49.00
0.327600	33.00
0.327620	26.00
0.327640	27.00
0.327660	36.00
0.327680	52.00
0.327700	73.00
0.327720	97.00
0.327740	120.00
0.327760	142.00
0.327780	161.00
0.327800	176.00
0.327820	185.00
0.327840	188.00
0.327860	185.00
0.327880	178.00
0.327900	167.00
0.327920	153.00
0.327940	138.00
0.327960	123.00
0.327980	109.00
0.328000	98.00
0.328020	90.00
0.328040	85.00
0.328060	84.00
0.328080	87.00
0.328100	93.00
0.328120	100.00
0.328140	108.00
0.328160	118.00
0.328180	127.00
0.328200	137.00
0.328220	144.00
0.328240	148.00
0.328260	150.00
0.328280	150.00
0.328300	148.00
0.328320	144.00
0.328340	139.00
0.328360	133.00
0.328380	127.00
0.328400	122.00
0.328420	117.00
0.328440	113.00
0.328460	110.00
0.328480	109.00
0.328500	109.00
0.328520	110.00
0.328540	112.00
0.328560	115.00
0.328580	119.00
0.328600	123.00
0.328620	127.00
0.328640	131.00
0.328660	133.00
0.328680	134.00
0.328700	135.00
0.328720	135.00
0.328740	134.00
0.328760	132.00
0.328780	130.00
0.328800	127.00
0.328820	125.00
0.328840	123.00
0.328860	122.00
0.328880	120.00
0.328900	120.00
0.328920	119.00
0.328940	120.00
0.328960	120.00
0.328980	121.00
0.329000	122.00
0.329020	124.00
0.329040	125.00
0.329060	126.00
0.329080	127.00
0.329100	128.00
0.329120	128.00
0.329140	129.00
0.329160	129.00
0.329180	129.00
0.329200	127.00
0.329220	126.00
0.329240	125.00
0.329260	125.00
0.329280	124.00
0.329300	124.00
0.329320	123.00
0.329340	122.00
0.329360	122.00
0.329380	123.00
0.329400	123.00
0.329420	124.00
0.329440	124.00
0.329460	124.00
0.329480	124.00
0.329500	125.00
0.329520	126.00
0.329540	126.00
0.329560	126.00
0.329580	126.00
0.329600	126.00
0.329620	126.00
0.329640	125.00
0.329660	125.00
0.329680	125.00
0.329700	125.00
0.329720	125.00
0.329740	124.00
0.329760	124.00
0.329780	124.00
0.329800	124.00
0.329820	124.00
0.329840	124.00
0.329860	124.00
0.329880	124.00
0.329900	125.00
0.329920	126.00
0.329940	126.00
0.329960	126.00
0.329980	126.00
0.330000	126.00
0.330020	126.00
0.330040	126.00
0.330060	126.00
0.330080	126.00
0.330100	125.00
0.330120	125.00
0.330140	125.00
0.330160	125.00
0.330180	125.00
0.330200	125.00
0.330220	125.00
0.330240	125.00
0.330260	125.00
0.330280	125.00
0.330300	125.00
0.330320	125.00
0.330340	125.00
0.330360	125.00
0.330380	125.00
0.330400	125.00
0.330420	125.00
0.330440	125.00
0.330460	125.00
0.330480	125.00
0.330500	125.00
0.330520	124.00
0.330540	125.00
0.330560	125.00
0.330580	126.00
0.330600	125.00
0.330620	125.00
0.330640	124.00
0.330660	125.00
0.330680	125.00
0.330700	125.00
0.330720	125.00
0.330740	125.00
0.330760	125.00
0.330780	125.00
0.330800	125.00
0.330820	125.00
0.330840	125.00
0.330860	125.00
0.330880	125.00
0.330900	125.00
0.330920	125.00
0.330940	125.00
0.330960	125.00
0.330980	124.00
0.331000	124.00
0.331020	124.00
0.331040	124.00
0.331060	125.00
0.331080	125.00
0.331100	125.00
0.331120	125.00
0.331140	125.00
0.331160	125.00
0.331180	125.00
0.331200	125.00
0.331220	125.00
0.331240	125.00
0.331260	125.00
0.331280	125.00
0.331300	125.00
0.331320	125.00
0.331340	125.00
0.331360	125.00
0.331380	125.00
0.331400	125.00
0.331420	125.00
0.331440	125.00
0.331460	126.00
0.331480	126.00
0.331500	126.00
0.331520	125.00
0.331540	125.00
0.331560	125.00
0.331580	125.00
0.331600	125.00
0.331620	125.00
0.331640	126.00
0.331660	126.00
0.331680	126.00
0.331700	126.00
0.331720	125.00
0.331740	125.00
0.331760	125.00
0.331780	125.00
0.331800	125.00
0.331820	123.00
0.331840	122.00
0.331860	121.00
0.331880	120.00
0.331900	119.00
0.331920	120.00
0.331940	121.00
0.331960	122.00
0.331980	124.00
0.332000	127.00
0.332020	129.00
0.332040	131.00
0.332060	133.00
0.332080	135.00
0.332100	136.00
0.332120	137.00
0.332140	136.00
0.332160	134.00
0.332180	131.00
0.332200	127.00
0.332220	122.00
0.332240	118.00
0.332260	114.00
0.332280	110.00
0.332300	107.00
0.332320	105.00
0.332340	104.00
0.332360	105.00
0.332380	109.00
0.332400	114.00
0.332420	122.00
0.332440	130.00
0.332460	138.00
0.332480	146.00
0.332500	153.00
0.332520	157.00
0.332540	159.00
0.332560	159.00
0.332580	155.00
0.332600	147.00
0.332620	137.00
0.332640	125.00
0.332660	112.00
0.332680	98.00
0.332700	86.00
0.332720	77.00
0.332740	71.00
0.332760	71.00
0.332780	75.00
0.332800	85.00
0.332820	98.00
0.332840	115.00
0.332860	134.00
0.332880	152.00
0.332900	169.00
0.332920	182.00
0.332940	191.00
0.332960	194.00
0.332980	192.00
0.333000	183.00
0.333020	169.00
0.333040	151.00
0.333060	130.00
0.333080	108.00
0.333100	87.00
0.333120	68.00
0.333140	54.00
0.333160	47.00
0.333180	47.00
0.333200	53.00
0.333220	65.00
0.333240	82.00
0.333260	102.00
0.333280	124.00
0.333300	146.00
0.333320	165.00
0.333340	180.00
0.333360	190.00
0.333380	194.00
0.333400	193.00
0.333420	186.00
0.333440	174.00
0.333460	158.00
0.333480	140.00
0.333500	122.00
0.333520	104.00
0.333540	89.00
0.333560	77.00
0.333580	70.00
0.333600	68.00
0.333620	70.00
0.333640	77.00
0.333660	87.00
0.333680	100.00
0.333700	114.00
0.333720	128.00
0.333740	141.00
0.333760	152.00
0.333780	160.00
0.333800	165.00
0.333820	165.00
0.333840	163.00
0.333860	157.00
0.333880	150.00
0.333900	140.00
0.333920	131.00
0.333940	121.00
0.333960	112.00
0.333980	105.00
0.334000	100.00
0.334020	98.00
0.334040	98.00
0.334060	100.00
0.334080	104.00
0.334100	109.00
0.334120	116.00
0.334140	123.00
0.334160	129.00
0.334180	134.00
0.334200	138.00
0.334220	141.00
0.334240	142.00
0.334260	142.00
0.334280	141.00
0.334300	138.00
0.334320	134.00
0.334340	130.00
0.334360	126.00
0.334380	122.00
0.334400	119.00
0.334420	116.00
0.334440	115.00
0.334460	114.00
0.334480	115.00
0.334500	115.00
0.334520	117.00
0.334540	119.00
0.334560	122.00
0.334580	125.00
0.334600	127.00
0.334620	129.00
0.334640	130.00
0.334660	131.00
0.334680	132.00
0.334700	131.00
0.334720	131.00
0.334740	130.00
0.334760	129.00
0.334780	127.00
0.334800	125.00
0.334820	123.00
0.334840	122.00
0.334860	121.00
0.334880	121.00
0.334900	121.00
0.334920	121.00
0.334940	121.00
0.334960	122.00
0.334980	123.00
0.335000	124.00
0.335020	125.00
0.335040	126.00
0.335060	126.00
0.335080	127.00
0.335100	128.00
0.335120	128.00
0.335140	128.00
0.335160	127.00
0.335180	127.00
0.335200	126.00
0.335220	126.00
0.335240	126.00
0.335260	125.00
0.335280	124.00
0.335300	124.00
0.335320	123.00
0.335340	123.00
0.335360	123.00
0.335380	123.00
0.335400	123.00
0.335420	124.00
0.335440	124.00
0.335460	125.00
0.335480	125.00
0.335500	125.00
0.335520	125.00
0.335540	126.00
0.335560	126.00
0.335580	126.00
0.335600	126.00
0.335620	126.00
0.335640	126.00
0.335660	126.00
0.335680	126.00
0.335700	126.00
0.335720	125.00
0.335740	125.00
0.335760	125.00
0.335780	124.00
0.335800	124.00
0.335820	124.00
0.335840	124.00
0.335860	125.00
0.335880	125.00
0.335900	125.00
0.335920	124.00
0.335940	124.00
0.335960	125.00
0.335980	125.00
0.336000	125.00
0.336020	125.00
0.336040	125.00
0.336060	125.00
0.336080	125.00
0.336100	125.00
0.336120	125.00
0.336140	125.00
0.336160	125.00
0.336180	125.00
0.336200	125.00
0.336220	125.00
0.336240	125.00
0.336260	124.00
0.336280	123.00
0.336300	123.00
0.336320	123.00
0.336340	124.00
0.336360	124.00
0.336380	124.00
0.336400	124.00
0.336420	124.00
0.336440	125.00
0.336460	125.00
0.336480	126.00
0.336500	126.00
0.336520	126.00
0.336540	126.00
0.336560	126.00
0.336580	126.00
0.336600	125.00
0.336620	125.00
0.336640	125.00
0.336660	125.00
0.336680	125.00
0.336700	125.00
0.336720	125.00
0.336740	125.00
0.336760	124.00
0.336780	124.00
0.336800	125.00
0.336820	125.00
0.336840	125.00
0.336860	125.00
0.336880	125.00
0.336900	124.00
0.336920	125.00
0.336940	125.00
0.336960	126.00
0.336980	125.00
0.337000	125.00
0.337020	125.00
0.337040	125.00
0.337060	125.00
0.337080	125.00
0.337100	125.00
0.337120	124.00
0.337140	124.00
0.337160	124.00
0.337180	125.00
0.337200	125.00
0.337220	125.00
0.337240	125.00
0.337260	125.00
0.337280	125.00
0.337300	124.00
0.337320	124.00
0.337340	125.00
0.337360	125.00
0.337380	125.00
0.337400	125.00
0.337420	125.00
0.337440	125.00
0.337460	125.00
0.337480	125.00
0.337500	125.00
0.337520	125.00
0.337540	125.00
0.337560	125.00
0.337580	125.00
0.337600	125.00
0.337620	125.00
0.337640	125.00
0.337660	125.00
0.337680	125.00
0.337700	125.00
0.337720	125.00
0.337740	125.00
0.337760	125.00
0.337780	125.00
0.337800	125.00
0.337820	125.00
0.337840	125.00
0.337860	125.00
0.337880	125.00
0.337900	125.00
0.337920	125.00
0.337940	125.00
0.337960	126.00
0.337980	126.00
0.338000	125.00
0.338020	124.00
0.338040	123.00
0.338060	122.00
0.338080	122.00
0.338100	122.00
0.338120	122.00
0.338140	122.00
0.338160	123.00
0.338180	125.00
0.338200	127.00
0.338220	128.00
0.338240	130.00
0.338260	132.00
0.338280	133.00
0.338300	134.00
0.338320	133.00
0.338340	131.00
0.338360	129.00
0.338380	126.00
0.338400	124.00
0.338420	121.00
0.338440	118.00
0.338460	116.00
0.338480	113.00
0.338500	112.00
0.338520	111.00
0.338540	112.00
0.338560	115.00
0.338580	119.00
0.338600	124.00
0.338620	128.00
0.338640	132.00
0.338660	136.00
0.338680	140.00
0.338700	143.00
0.338720	146.00
0.338740	146.00
0.338760	144.00
0.338780	140.00
0.338800	134.00
0.338820	127.00
0.338840	119.00
0.338860	110.00
0.338880	102.00
0.338900	95.00
0.338920	91.00
0.338940	90.00
0.338960	92.00
0.338980	97.00
0.339000	105.00
0.339020	116.00
0.339040	129.00
0.339060	142.00
0.339080	154.00
0.339100	164.00
0.339120	170.00
0.339140	172.00
0.339160	170.00
0.339180	164.00
0.339200	153.00
0.339220	140.00
0.339240	126.00
0.339260	111.00
0.339280	97.00
0.339300	85.00
0.339320	77.00
0.339340	73.00
0.339360	74.00
0.339380	80.00
0.339400	90.00
0.339420	102.00
0.339440	116.00
0.339460	130.00
0.339480	143.00
0.339500	155.00
0.339520	164.00
0.339540	170.00
0.339560	171.00
0.339580	169.00
0.339600	162.00
0.339620	152.00
0.339640	141.00
0.339660	129.00
0.339680	117.00
0.339700	106.00
0.339720	97.00
0.339740	91.00
0.339760	88.00
0.339780	88.00
0.339800	92.00
0.339820	98.00
0.339840	107.00
0.339860	116.00
0.339880	125.00
0.339900	134.00
0.339920	142.00
0.339940	148.00
0.339960	151.00
0.339980	152.00
0.340000	151.00
0.340020	147.00
0.340040	143.00
0.340060	137.00
0.340080	130.00
0.340100	123.00
0.340120	117.00
0.340140	112.00
0.340160	109.00
0.340180	107.00
0.340200	107.00
0.340220	108.00
0.340240	111.00
0.340260	114.00
0.340280	118.00
0.340300	123.00
0.340320	127.00
0.340340	131.00
0.340360	134.00
0.340380	136.00
0.340400	136.00
0.340420	136.00
0.340440	135.00
0.340460	134.00
0.340480	132.00
0.340500	129.00
0.340520	126.00
0.340540	123.00
0.340560	121.00
0.340580	119.00
0.340600	118.00
0.340620	118.00
0.340640	118.00
0.340660	119.00
0.340680	120.00
0.340700	121.00
0.340720	123.00
0.340740	124.00
0.340760	126.00
0.340780	128.00
0.340800	129.00
0.340820	129.00
0.340840	129.00
0.340860	129.00
0.340880	129.00
0.340900	128.00
0.340920	127.00
0.340940	126.00
0.340960	125.00
0.340980	124.00
0.341000	124.00
0.341020	123.00
0.341040	122.00
0.341060	122.00
0.341080	122.00
0.341100	122.00
0.341120	123.00
0.341140	124.00
0.341160	124.00
0.341180	125.00
0.341200	126.00
0.341220	126.00
0.341240	126.00
0.341260	126.00
0.341280	126.00
0.341300	126.00
0.341320	126.00
0.341340	126.00
0.341360	126.00
0.341380	126.00
0.341400	125.00
0.341420	125.00
0.341440	124.00
0.341460	124.00
0.341480	124.00
0.341500	124.00
0.341520	124.00
0.341540	124.00
0.341560	124.00
0.341580	125.00
0.341600	125.00
0.341620	125.00
0.341640	125.00
0.341660	125.00
0.341680	125.00
0.341700	126.00
0.341720	126.00
0.341740	126.00
0.341760	126.00
0.341780	126.00
0.341800	125.00
0.341820	125.00
0.341840	125.00
0.341860	125.00
0.341880	125.00
0.341900	125.00
0.341920	125.00
0.341940	125.00
0.341960	125.00
0.341980	125.00
0.342000	125.00
0.342020	124.00
0.342040	124.00
0.342060	124.00
0.342080	124.00
0.342100	124.00
0.342120	124.00
0.342140	124.00
0.342160	125.00
0.342180	125.00
0.342200	125.00
0.342220	126.00
0.342240	126.00
0.342260	126.00
0.342280	126.00
0.342300	126.00
0.342320	126.00
0.342340	126.00
0.342360	126.00
0.342380	126.00
0.342400	126.00
0.342420	125.00
0.342440	125.00
0.342460	125.00
0.342480	125.00
0.342500	124.00
0.342520	123.00
0.342540	123.00
0.342560	123.00
0.342580	124.00
0.342600	124.00
0.342620	124.00
0.342640	125.00
0.342660	125.00
0.342680	126.00
0.342700	126.00
0.342720	126.00
0.342740	126.00
0.342760	126.00
0.342780	126.00
0.342800	126.00
0.342820	126.00
0.342840	125.00
0.342860	125.00
0.342880	125.00
0.342900	124.00
0.342920	124.00
0.342940	124.00
0.342960	124.00
0.342980	124.00
0.343000	124.00
0.343020	124.00
0.343040	124.00
0.343060	125.00
0.343080	126.00
0.343100	126.00
0.343120	126.00
0.343140	126.00
0.343160	126.00
0.343180	126.00
0.343200	125.00
0.343220	125.00
0.343240	125.00
0.343260	125.00
0.343280	125.00
0.343300	125.00
0.343320	125.00
0.343340	125.00
0.343360	125.00
0.343380	125.00
0.343400	125.00
0.343420	125.00
0.343440	124.00
0.343460	124.00
0.343480	124.00
0.343500	125.00
0.343520	125.00
0.343540	125.00
0.343560	125.00
0.343580	124.00
0.343600	124.00
0.343620	124.00
0.343640	125.00
0.343660	125.00
0.343680	125.00
0.343700	124.00
0.343720	125.00
0.343740	125.00
0.343760	125.00
0.343780	125.00
0.343800	125.00
0.343820	125.00
0.343840	125.00
0.343860	125.00
0.343880	125.00
0.343900	124.00
0.343920	124.00
0.343940	124.00
0.343960	125.00
0.343980	125.00
0.344000	125.00
0.344020	125.00
0.344040	126.00
0.344060	126.00
0.344080	125.00
0.344100	125.00
0.344120	125.00
0.344140	125.00
0.344160	125.00
0.344180	125.00
0.344200	125.00
0.344220	124.00
0.344240	123.00
0.344260	123.00
0.344280	123.00
0.344300	123.00
0.344320	123.00
0.344340	123.00
0.344360	124.00
0.344380	125.00
0.344400	126.00
0.344420	127.00
0.344440	128.00
0.344460	129.00
0.344480	129.00
0.344500	129.00
0.344520	128.00
0.344540	127.00
0.344560	126.00
0.344580	125.00
0.344600	124.00
0.344620	122.00
0.344640	120.00
0.344660	118.00
0.344680	117.00
0.344700	117.00
0.344720	119.00
0.344740	120.00
0.344760	122.00
0.344780	124.00
0.344800	125.00
0.344820	127.00
0.344840	130.00
0.344860	132.00
0.344880	135.00
0.344900	136.00
0.344920	137.00
0.344940	136.00
0.344960	134.00
0.344980	131.00
0.345000	127.00
0.345020	122.00
0.345040	117.00
0.345060	112.00
0.345080	108.00
0.345100	106.00
0.345120	105.00
0.345140	105.00
0.345160	108.00
0.345180	113.00
0.345200	120.00
0.345220	128.00
0.345240	136.00
0.345260	142.00
0.345280	147.00
0.345300	150.00
0.345320	151.00
0.345340	150.00
0.345360	147.00
0.345380	141.00
0.345400	134.00
0.345420	125.00
0.345440	116.00
0.345460	108.00
0.345480	102.00
0.345500	98.00
0.345520	97.00
0.345540	98.00
0.345560	101.00
0.345580	106.00
0.345600	113.00
0.345620	121.00
0.345640	129.00
0.345660	137.00
0.345680	143.00
0.345700	148.00
0.345720	150.00
0.345740	150.00
0.345760	148.00
0.345780	144.00
0.345800	138.00
0.345820	132.00
0.345840	125.00
0.345860	118.00
0.345880	113.00
0.345900	109.00
0.345920	106.00
0.345940	105.00
0.345960	106.00
0.345980	108.00
0.346000	112.00
0.346020	117.00
0.346040	122.00
0.346060	127.00
0.346080	131.00
0.346100	134.00
0.346120	137.00
0.346140	138.00
0.346160	139.00
0.346180	138.00
0.346200	136.00
0.346220	133.00
0.346240	130.00
0.346260	126.00
0.346280	122.00
0.346300	119.00
0.346320	117.00
0.346340	116.00
0.346360	116.00
0.346380	116.00
0.346400	117.00
0.346420	118.00
0.346440	120.00
0.346460	122.00
0.346480	124.00
0.346500	126.00
0.346520	128.00
0.346540	129.00
0.346560	130.00
0.346580	131.00
0.346600	131.00
0.346620	130.00
0.346640	129.00
0.346660	128.00
0.346680	126.00
0.346700	125.00
0.346720	124.00
0.346740	122.00
0.346760	122.00
0.346780	122.00
0.346800	122.00
0.346820	122.00
0.346840	122.00
0.346860	123.00
0.346880	124.00
0.346900	125.00
0.346920	125.00
0.346940	126.00
0.346960	127.00
0.346980	127.00
0.347000	127.00
0.347020	128.00
0.347040	128.00
0.347060	127.00
0.347080	127.00
0.347100	126.00
0.347120	125.00
0.347140	125.00
0.347160	124.00
0.347180	124.00
0.347200	124.00
0.347220	124.00
0.347240	124.00
0.347260	124.00
0.347280	124.00
0.347300	125.00
0.347320	125.00
0.347340	125.00
0.347360	126.00
0.347380	126.00
0.347400	126.00
0.347420	126.00
0.347440	126.00
0.347460	125.00
0.347480	125.00
0.347500	126.00
0.347520	126.00
0.347540	126.00
0.347560	126.00
0.347580	126.00
0.347600	125.00
0.347620	125.00
0.347640	124.00
0.347660	124.00
0.347680	124.00
0.347700	124.00
0.347720	125.00
0.347740	125.00
0.347760	125.00
0.347780	124.00
0.347800	124.00
0.347820	125.00
0.347840	125.00
0.347860	125.00
0.347880	125.00
0.347900	125.00
0.347920	125.00
0.347940	125.00
0.347960	125.00
0.347980	125.00
0.348000	125.00
0.348020	125.00
0.348040	125.00
0.348060	125.00
0.348080	125.00
0.348100	125.00
0.348120	125.00
0.348140	125.00
0.348160	125.00
0.348180	125.00
0.348200	125.00
0.348220	125.00
0.348240	124.00
0.348260	124.00
0.348280	123.00
0.348300	123.00
0.348320	124.00
0.348340	125.00
0.348360	125.00
0.348380	125.00
0.348400	125.00
0.348420	125.00
0.348440	126.00
0.348460	126.00
0.348480	127.00
0.348500	127.00
0.348520	126.00
0.348540	126.00
0.348560	125.00
0.348580	125.00
0.348600	125.00
0.348620	125.00
0.348640	124.00
0.348660	124.00
0.348680	124.00
0.348700	123.00
0.348720	123.00
0.348740	123.00
0.348760	124.00
0.348780	124.00
0.348800	125.00
0.348820	125.00
0.348840	125.00
0.348860	126.00
0.348880	127.00
0.348900	127.00
0.348920	127.00
0.348940	127.00
0.348960	126.00
0.348980	126.00
0.349000	126.00
0.349020	126.00
0.349040	125.00
0.349060	124.00
0.349080	124.00
0.349100	123.00
0.349120	123.00
0.349140	123.00
0.349160	123.00
0.349180	123.00
0.349200	123.00
0.349220	124.00
0.349240	124.00
0.349260	124.00
0.349280	125.00
0.349300	126.00
0.349320	126.00
0.349340	126.00
0.349360	126.00
0.349380	126.00
0.349400	126.00
0.349420	126.00
0.349440	126.00
0.349460	126.00
0.349480	125.00
0.349500	124.00
0.349520	124.00
0.349540	124.00
0.349560	124.00
0.349580	124.00
0.349600	124.00
0.349620	124.00
0.349640	124.00
0.349660	124.00
0.349680	124.00
0.349700	125.00
0.349720	125.00
0.349740	125.00
0.349760	126.00
0.349780	126.00
0.349800	126.00
0.349820	126.00
0.349840	126.00
0.349860	126.00
0.349880	126.00
0.349900	126.00
0.349920	125.00
0.349940	124.00
0.349960	124.00
0.349980	124.00
0.350000	125.00
0.350020	125.00
0.350040	124.00
0.350060	124.00
0.350080	124.00
0.350100	124.00
0.350120	125.00
0.350140	125.00
0.350160	125.00
0.350180	125.00
0.350200	125.00
0.350220	125.00
0.350240	125.00
0.350260	126.00
0.350280	126.00
0.350300	126.00
0.350320	126.00
0.350340	126.00
0.350360	125.00
0.350380	125.00
0.350400	125.00
0.350420	124.00
0.350440	124.00
0.350460	124.00
0.350480	124.00
0.350500	124.00
0.350520	124.00
0.350540	124.00
0.350560	125.00
0.350580	126.00
0.350600	126.00
0.350620	126.00
0.350640	127.00
0.350660	127.00
0.350680	127.00
0.350700	127.00
0.350720	126.00
0.350740	126.00
0.350760	125.00
0.350780	124.00
0.350800	123.00
0.350820	122.00
0.350840	121.00
0.350860	120.00
0.350880	120.00
0.350900	121.00
0.350920	122.00
0.350940	123.00
0.350960	124.00
0.350980	125.00
0.351000	126.00
0.351020	128.00
0.351040	129.00
0.351060	131.00
0.351080	132.00
0.351100	133.00
0.351120	132.00
0.351140	131.00
0.351160	129.00
0.351180	127.00
0.351200	124.00
0.351220	121.00
0.351240	118.00
0.351260	116.00
0.351280	114.00
0.351300	113.00
0.351320	114.00
0.351340	115.00
0.351360	118.00
0.351380	121.00
0.351400	125.00
0.351420	129.00
0.351440	133.00
0.351460	136.00
0.351480	138.00
0.351500	139.00
0.351520	138.00
0.351540	137.00
0.351560	134.00
0.351580	130.00
0.351600	126.00
0.351620	121.00
0.351640	117.00
0.351660	114.00
0.351680	111.00
0.351700	110.00
0.351720	110.00
0.351740	112.00
0.351760	115.00
0.351780	118.00
0.351800	121.00
0.351820	125.00
0.351840	129.00
0.351860	133.00
0.351880	136.00
0.351900	137.00
0.351920	137.00
0.351940	136.00
0.351960	135.00
0.351980	133.00
0.352000	130.00
0.352020	126.00
0.352040	123.00
0.352060	120.00
0.352080	118.00
0.352100	117.00
0.352120	116.00
0.352140	115.00
0.352160	116.00
0.352180	118.00
0.352200	120.00
0.352220	123.00
0.352240	125.00
0.352260	126.00
0.352280	128.00
0.352300	129.00
0.352320	130.00
0.352340	130.00
0.352360	130.00
0.352380	129.00
0.352400	128.00
0.352420	127.00
0.352440	126.00
0.352460	125.00
0.352480	124.00
0.352500	123.00
0.352520	122.00
0.352540	121.00
0.352560	121.00
0.352580	122.00
0.352600	122.00
0.352620	123.00
0.352640	124.00
0.352660	125.00
0.352680	125.00
0.352700	125.00
0.352720	126.00
0.352740	126.00
0.352760	127.00
0.352780	127.00
0.352800	127.00
0.352820	126.00
0.352840	126.00
0.352860	125.00
0.352880	124.00
0.352900	124.00
0.352920	124.00
0.352940	124.00
0.352960	124.00
0.352980	124.00
0.353000	124.00
0.353020	124.00
0.353040	124.00
0.353060	124.00
0.353080	124.00
0.353100	125.00
0.353120	125.00
0.353140	125.00
0.353160	126.00
0.353180	126.00
0.353200	126.00
0.353220	126.00
0.353240	125.00
0.353260	125.00
0.353280	124.00
0.353300	124.00
0.353320	124.00
0.353340	124.00
0.353360	125.00
0.353380	125.00
0.353400	125.00
0.353420	125.00
0.353440	124.00
0.353460	124.00
0.353480	124.00
0.353500	125.00
0.353520	125.00
0.353540	125.00
0.353560	125.00
0.353580	125.00
0.353600	125.00
0.353620	125.00
0.353640	125.00
0.353660	125.00
0.353680	125.00
0.353700	125.00
0.353720	125.00
0.353740	125.00
0.353760	124.00
0.353780	124.00
0.353800	124.00
0.353820	125.00
0.353840	125.00
0.353860	125.00
0.353880	125.00
0.353900	125.00
0.353920	125.00
0.353940	125.00
0.353960	125.00
0.353980	125.00
0.354000	125.00
0.354020	125.00
0.354040	125.00
0.354060	125.00
0.354080	126.00
0.354100	126.00
0.354120	126.00
0.354140	125.00
0.354160	125.00
0.354180	125.00
0.354200	125.00
0.354220	125.00
0.354240	125.00
0.354260	125.00
0.354280	124.00
0.354300	124.00
0.354320	125.00
0.354340	125.00
0.354360	125.00
0.354380	125.00
0.354400	125.00
0.354420	124.00
0.354440	124.00
0.354460	124.00
0.354480	124.00
0.354500	124.00
0.354520	124.00
0.354540	124.00
0.354560	125.00
0.354580	125.00
0.354600	125.00
0.354620	125.00
0.354640	125.00
0.354660	125.00
0.354680	126.00
0.354700	126.00
0.354720	126.00
0.354740	125.00
0.354760	124.00
0.354780	124.00
0.354800	124.00
0.354820	124.00
0.354840	124.00
0.354860	123.00
0.354880	123.00
0.354900	124.00
0.354920	124.00
0.354940	124.00
0.354960	124.00
0.354980	124.00
0.355000	125.00
0.355020	126.00
0.355040	126.00
0.355060	126.00
0.355080	126.00
0.355100	126.00
0.355120	127.00
0.355140	127.00
0.355160	127.00
0.355180	126.00
0.355200	126.00
0.355220	125.00
0.355240	125.00
0.355260	124.00
0.355280	123.00
0.355300	122.00
0.355320	122.00
0.355340	123.00
0.355360	124.00
0.355380	124.00
0.355400	124.00
0.355420	125.00
0.355440	126.00
0.355460	126.00
0.355480	126.00
0.355500	127.00
0.355520	127.00
0.355540	127.00
0.355560	127.00
0.355580	127.00
0.355600	127.00
0.355620	127.00
0.355640	126.00
0.355660	126.00
0.355680	125.00
0.355700	124.00
0.355720	124.00
0.355740	123.00
0.355760	123.00
0.355780	123.00
0.355800	123.00
0.355820	124.00
0.355840	124.00
0.355860	125.00
0.355880	126.00
0.355900	126.00
0.355920	126.00
0.355940	126.00
0.355960	126.00
0.355980	126.00
0.356000	126.00
0.356020	126.00
0.356040	126.00
0.356060	125.00
0.356080	125.00
0.356100	125.00
0.356120	124.00
0.356140	124.00
0.356160	124.00
0.356180	124.00
0.356200	124.00
0.356220	124.00
0.356240	124.00
0.356260	124.00
0.356280	125.00
0.356300	125.00
0.356320	126.00
0.356340	126.00
0.356360	126.00
0.356380	126.00
0.356400	126.00
0.356420	125.00
0.356440	125.00
0.356460	125.00
0.356480	125.00
0.356500	125.00
0.356520	125.00
0.356540	125.00
0.356560	125.00
0.356580	124.00
0.356600	124.00
0.356620	124.00
0.356640	124.00
0.356660	124.00
0.356680	124.00
0.356700	124.00
0.356720	124.00
0.356740	125.00
0.356760	126.00
0.356780	126.00
0.356800	126.00
0.356820	126.00
0.356840	126.00
0.356860	126.00
0.356880	126.00
0.356900	126.00
0.356920	126.00
0.356940	125.00
0.356960	124.00
0.356980	123.00
0.357000	123.00
0.357020	123.00
0.357040	123.00
0.357060	123.00
0.357080	124.00
0.357100	124.00
0.357120	124.00
0.357140	124.00
0.357160	125.00
0.357180	125.00
0.357200	125.00
0.357220	126.00
0.357240	127.00
0.357260	128.00
0.357280	128.00
0.357300	128.00
0.357320	128.00
0.357340	127.00
0.357360	126.00
0.357380	125.00
0.357400	123.00
0.357420	122.00
0.357440	121.00
0.357460	120.00
0.357480	119.00
0.357500	119.00
0.357520	119.00
0.357540	121.00
0.357560	123.00
0.357580	125.00
0.357600	126.00
0.357620	128.00
0.357640	130.00
0.357660	131.00
0.357680	132.00
0.357700	132.00
0.357720	131.00
0.357740	130.00
0.357760	128.00
0.357780	127.00
0.357800	125.00
0.357820	122.00
0.357840	120.00
0.357860	119.00
0.357880	118.00
0.357900	118.00
0.357920	119.00
0.357940	120.00
0.357960	121.00
0.357980	122.00
0.358000	124.00
0.358020	126.00
0.358040	128.00
0.358060	129.00
0.358080	130.00
0.358100	131.00
0.358120	131.00
0.358140	131.00
0.358160	130.00
0.358180	129.00
0.358200	127.00
0.358220	125.00
0.358240	124.00
0.358260	123.00
0.358280	122.00
0.358300	121.00
0.358320	121.00
0.358340	121.00
0.358360	121.00
0.358380	121.00
0.358400	122.00
0.358420	123.00
0.358440	125.00
0.358460	126.00
0.358480	126.00
0.358500	127.00
0.358520	128.00
0.358540	128.00
0.358560	128.00
0.358580	128.00
0.358600	127.00
0.358620	127.00
0.358640	126.00
0.358660	125.00
0.358680	125.00
0.358700	125.00
0.358720	124.00
0.358740	123.00
0.358760	123.00
0.358780	122.00
0.358800	122.00
0.358820	122.00
0.358840	123.00
0.358860	124.00
0.358880	124.00
0.358900	124.00
0.358920	125.00
0.358940	125.00
0.358960	126.00
0.358980	126.00
0.359000	126.00
0.359020	126.00
0.359040	126.00
0.359060	126.00
0.359080	126.00
0.359100	126.00
0.359120	126.00
0.359140	126.00
0.359160	125.00
0.359180	124.00
0.359200	123.00
0.359220	123.00
0.359240	124.00
0.359260	124.00
0.359280	124.00
0.359300	124.00
0.359320	125.00
0.359340	125.00
0.359360	125.00
0.359380	125.00
0.359400	125.00
0.359420	125.00
0.359440	125.00
0.359460	126.00
0.359480	126.00
0.359500	126.00
0.359520	125.00
0.359540	125.00
0.359560	125.00
0.359580	125.00
0.359600	125.00
0.359620	124.00
0.359640	124.00
0.359660	124.00
0.359680	124.00
0.359700	124.00
0.359720	124.00
0.359740	124.00
0.359760	124.00
0.359780	125.00
0.359800	125.00
0.359820	125.00
0.359840	125.00
0.359860	125.00
0.359880	125.00
0.359900	125.00
0.359920	125.00
0.359940	125.00
0.359960	125.00
0.359980	126.00
