0.320000	101.00
0.320020	49.00
0.320040	101.00
0.320060	140.00
0.320080	143.00
0.320100	124.00
0.320120	112.00
0.320140	118.00
0.320160	131.00
0.320180	134.00
0.320200	125.00
0.320220	118.00
0.320240	121.00
0.320260	128.00
0.320280	130.00
0.320300	125.00
0.320320	121.00
0.320340	123.00
0.320360	128.00
0.320380	128.00
0.320400	124.00
0.320420	120.00
0.320440	122.00
0.320460	127.00
0.320480	128.00
0.320500	125.00
0.320520	122.00
0.320540	123.00
0.320560	126.00
0.320580	127.00
0.320600	125.00
0.320620	122.00
0.320640	123.00
0.320660	125.00
0.320680	126.00
0.320700	125.00
0.320720	123.00
0.320740	124.00
0.320760	126.00
0.320780	127.00
0.320800	125.00
0.320820	123.00
0.320840	124.00
0.320860	126.00
0.320880	127.00
0.320900	125.00
0.320920	123.00
0.320940	123.00
0.320960	125.00
0.320980	126.00
0.321000	125.00
0.321020	124.00
0.321040	124.00
0.321060	126.00
0.321080	127.00
0.321100	125.00
0.321120	124.00
0.321140	124.00
0.321160	125.00
0.321180	126.00
0.321200	125.00
0.321220	124.00
0.321240	124.00
0.321260	125.00
0.321280	126.00
0.321300	125.00
0.321320	123.00
0.321340	124.00
0.321360	125.00
0.321380	125.00
0.321400	125.00
0.321420	124.00
0.321440	124.00
0.321460	125.00
0.321480	125.00
0.321500	124.00
0.321520	123.00
0.321540	124.00
0.321560	125.00
0.321580	125.00
0.321600	124.00
0.321620	124.00
0.321640	124.00
0.321660	126.00
0.321680	126.00
0.321700	125.00
0.321720	124.00
0.321740	124.00
0.321760	125.00
0.321780	125.00
0.321800	124.00
0.321820	123.00
0.321840	124.00
0.321860	125.00
0.321880	125.00
0.321900	125.00
0.321920	124.00
0.321940	124.00
0.321960	125.00
0.321980	126.00
0.322000	125.00
0.322020	125.00
0.322040	125.00
0.322060	125.00
0.322080	125.00
0.322100	124.00
0.322120	123.00
0.322140	124.00
0.322160	125.00
0.322180	125.00
0.322200	124.00
0.322220	124.00
0.322240	124.00
0.322260	125.00
0.322280	126.00
0.322300	125.00
0.322320	124.00
0.322340	124.00
0.322360	125.00
0.322380	126.00
0.322400	125.00
0.322420	124.00
0.322440	124.00
0.322460	125.00
0.322480	126.00
0.322500	125.00
0.322520	125.00
0.322540	125.00
0.322560	125.00
0.322580	126.00
0.322600	125.00
0.322620	125.00
0.322640	125.00
0.322660	126.00
0.322680	126.00
0.322700	125.00
0.322720	124.00
0.322740	124.00
0.322760	125.00
0.322780	125.00
0.322800	125.00
0.322820	125.00
0.322840	125.00
0.322860	126.00
0.322880	126.00
0.322900	125.00
0.322920	124.00
0.322940	125.00
0.322960	125.00
0.322980	126.00
0.323000	125.00
0.323020	125.00
0.323040	125.00
0.323060	125.00
0.323080	126.00
0.323100	125.00
0.323120	125.00
0.323140	125.00
0.323160	126.00
0.323180	126.00
0.323200	125.00
0.323220	124.00
0.323240	124.00
0.323260	124.00
0.323280	125.00
0.323300	124.00
0.323320	124.00
0.323340	124.00
0.323360	125.00
0.323380	125.00
0.323400	124.00
0.323420	124.00
0.323440	124.00
0.323460	125.00
0.323480	126.00
0.323500	125.00
0.323520	125.00
0.323540	125.00
0.323560	125.00
0.323580	125.00
0.323600	125.00
0.323620	124.00
0.323640	124.00
0.323660	125.00
0.323680	125.00
0.323700	125.00
0.323720	124.00
0.323740	124.00
0.323760	124.00
0.323780	125.00
0.323800	125.00
0.323820	124.00
0.323840	124.00
0.323860	125.00
0.323880	125.00
0.323900	125.00
0.323920	125.00
0.323940	125.00
0.323960	125.00
0.323980	125.00
0.324000	124.00
0.324020	124.00
0.324040	125.00
0.324060	125.00
0.324080	125.00
0.324100	125.00
0.324120	124.00
0.324140	124.00
0.324160	125.00
0.324180	125.00
0.324200	125.00
0.324220	124.00
0.324240	124.00
0.324260	125.00
0.324280	126.00
0.324300	126.00
0.324320	125.00
0.324340	125.00
0.324360	125.00
0.324380	125.00
0.324400	125.00
0.324420	125.00
0.324440	125.00
0.324460	126.00
0.324480	126.00
0.324500	125.00
0.324520	124.00
0.324540	124.00
0.324560	124.00
0.324580	124.00
0.324600	124.00
0.324620	124.00
0.324640	124.00
0.324660	125.00
0.324680	125.00
0.324700	125.00
0.324720	125.00
0.324740	125.00
0.324760	125.00
0.324780	125.00
0.324800	124.00
0.324820	124.00
0.324840	124.00
0.324860	124.00
0.324880	125.00
0.324900	125.00
0.324920	125.00
0.324940	125.00
0.324960	126.00
0.324980	126.00
0.325000	125.00
0.325020	125.00
0.325040	125.00
0.325060	126.00
0.325080	126.00
0.325100	125.00
0.325120	124.00
0.325140	124.00
0.325160	125.00
0.325180	125.00
0.325200	125.00
0.325220	124.00
0.325240	125.00
0.325260	126.00
0.325280	126.00
0.325300	126.00
0.325320	125.00
0.325340	124.00
0.325360	125.00
0.325380	126.00
0.325400	125.00
0.325420	125.00
0.325440	125.00
0.325460	125.00
0.325480	125.00
0.325500	125.00
0.325520	124.00
0.325540	123.00
0.325560	123.00
0.325580	122.00
0.325600	121.00
0.325620	120.00
0.325640	120.00
0.325660	122.00
0.325680	124.00
0.325700	126.00
0.325720	128.00
0.325740	132.00
0.325760	136.00
0.325780	141.00
0.325800	145.00
0.325820	147.00
0.325840	147.00
0.325860	144.00
0.325880	138.00
0.325900	128.00
0.325920	117.00
0.325940	106.00
0.325960	96.00
0.325980	88.00
0.326000	82.00
0.326020	77.00
0.326040	75.00
0.326060	78.00
0.326080	87.00
0.326100	101.00
0.326120	119.00
0.326140	139.00
0.326160	159.00
0.326180	176.00
0.326200	188.00
0.326220	196.00
0.326240	200.00
0.326260	200.00
0.326280	195.00
0.326300	182.00
0.326320	162.00
0.326340	134.00
0.326360	103.00
0.326380	70.00
0.326400	39.00
0.326420	16.00
0.326440	2.00
0.326460	0.00
0.326480	3.00
0.326500	16.00
0.326520	42.00
0.326540	82.00
0.326560	133.00
0.326580	184.00
0.326600	225.00
0.326620	248.00
0.326640	255.00
0.326660	255.00
0.326680	255.00
0.326700	248.00
0.326720	227.00
0.326740	185.00
0.326760	127.00
0.326780	65.00
0.326800	17.00
0.326820	0.00
0.326840	0.00
0.326860	4.00
0.326880	8.00
0.326900	1.00
0.326920	0.00
0.326940	3.00
0.326960	44.00
0.326980	111.00
0.327000	182.00
0.327020	234.00
0.327040	255.00
0.327060	255.00
0.327080	255.00
0.327100	254.00
0.327120	255.00
0.327140	251.00
0.327160	225.00
0.327180	177.00
0.327200	115.00
0.327220	55.00
0.327240	12.00
0.327260	0.00
0.327280	0.00
0.327300	5.00
0.327320	6.00
0.327340	0.00
0.327360	0.00
0.327380	10.00
0.327400	51.00
0.327420	109.00
0.327440	169.00
0.327460	214.00
0.327480	240.00
0.327500	251.00
0.327520	253.00
0.327540	250.00
0.327560	241.00
0.327580	224.00
0.327600	198.00
0.327620	163.00
0.327640	125.00
0.327660	86.00
0.327680	51.00
0.327700	25.00
0.327720	8.00
0.327740	3.00
0.327760	7.00
0.327780	21.00
0.327800	43.00
0.327820	69.00
0.327840	99.00
0.327860	128.00
0.327880	154.00
0.327900	176.00
0.327920	192.00
0.327940	201.00
0.327960	202.00
0.327980	197.00
0.328000	187.00
0.328020	173.00
0.328040	155.00
0.328060	137.00
0.328080	118.00
0.328100	101.00
0.328120	88.00
0.328140	78.00
0.328160	74.00
0.328180	74.00
0.328200	78.00
0.328220	86.00
0.328240	96.00
0.328260	108.00
0.328280	120.00
0.328300	132.00
0.328320	142.00
0.328340	150.00
0.328360	155.00
0.328380	157.00
0.328400	156.00
0.328420	153.00
0.328440	148.00
0.328460	142.00
0.328480	134.00
0.328500	126.00
0.328520	119.00
0.328540	113.00
0.328560	109.00
0.328580	106.00
0.328600	105.00
0.328620	105.00
0.328640	108.00
0.328660	111.00
0.328680	116.00
0.328700	120.00
0.328720	125.00
0.328740	129.00
0.328760	133.00
0.328780	136.00
0.328800	138.00
0.328820	138.00
0.328840	137.00
0.328860	136.00
0.328880	133.00
0.328900	130.00
0.328920	127.00
0.328940	125.00
0.328960	123.00
0.328980	120.00
0.329000	118.00
0.329020	117.00
0.329040	117.00
0.329060	117.00
0.329080	118.00
0.329100	120.00
0.329120	122.00
0.329140	124.00
0.329160	126.00
0.329180	128.00
0.329200	129.00
0.329220	129.00
0.329240	130.00
0.329260	130.00
0.329280	130.00
0.329300	128.00
0.329320	127.00
0.329340	126.00
0.329360	125.00
0.329380	125.00
0.329400	124.00
0.329420	122.00
0.329440	122.00
0.329460	121.00
0.329480	122.00
0.329500	122.00
0.329520	123.00
0.329540	123.00
0.329560	124.00
0.329580	125.00
0.329600	125.00
0.329620	126.00
0.329640	127.00
0.329660	127.00
0.329680	127.00
0.329700	127.00
0.329720	127.00
0.329740	127.00
0.329760	126.00
0.329780	126.00
0.329800	125.00
0.329820	124.00
0.329840	124.00
0.329860	123.00
0.329880	123.00
0.329900	123.00
0.329920	123.00
0.329940	124.00
0.329960	124.00
0.329980	125.00
0.330000	124.00
0.330020	125.00
0.330040	125.00
0.330060	126.00
0.330080	126.00
0.330100	126.00
0.330120	126.00
0.330140	126.00
0.330160	125.00
0.330180	125.00
0.330200	125.00
0.330220	125.00
0.330240	125.00
0.330260	125.00
0.330280	125.00
0.330300	125.00
0.330320	124.00
0.330340	124.00
0.330360	124.00
0.330380	125.00
0.330400	125.00
0.330420	126.00
0.330440	126.00
0.330460	126.00
0.330480	126.00
0.330500	126.00
0.330520	125.00
0.330540	125.00
0.330560	125.00
0.330580	125.00
0.330600	125.00
0.330620	125.00
0.330640	125.00
0.330660	125.00
0.330680	125.00
0.330700	124.00
0.330720	124.00
0.330740	124.00
0.330760	125.00
0.330780	125.00
0.330800	125.00
0.330820	125.00
0.330840	124.00
0.330860	124.00
0.330880	124.00
0.330900	125.00
0.330920	125.00
0.330940	125.00
0.330960	125.00
0.330980	125.00
0.331000	125.00
0.331020	125.00
0.331040	125.00
0.331060	125.00
0.331080	125.00
0.331100	125.00
0.331120	124.00
0.331140	125.00
0.331160	125.00
0.331180	125.00
0.331200	125.00
0.331220	125.00
0.331240	125.00
0.331260	125.00
0.331280	125.00
0.331300	125.00
0.331320	125.00
0.331340	126.00
0.331360	126.00
0.331380	126.00
0.331400	126.00
0.331420	125.00
0.331440	125.00
0.331460	125.00
0.331480	125.00
0.331500	125.00
0.331520	124.00
0.331540	124.00
0.331560	124.00
0.331580	125.00
0.331600	125.00
0.331620	125.00
0.331640	125.00
0.331660	125.00
0.331680	126.00
0.331700	126.00
0.331720	125.00
0.331740	125.00
0.331760	125.00
0.331780	125.00
0.331800	125.00
0.331820	125.00
0.331840	125.00
0.331860	125.00
0.331880	125.00
0.331900	124.00
0.331920	123.00
0.331940	122.00
0.331960	121.00
0.331980	120.00
0.332000	120.00
0.332020	120.00
0.332040	120.00
0.332060	121.00
0.332080	123.00
0.332100	126.00
0.332120	129.00
0.332140	132.00
0.332160	135.00
0.332180	137.00
0.332200	138.00
0.332220	138.00
0.332240	136.00
0.332260	134.00
0.332280	130.00
0.332300	125.00
0.332320	120.00
0.332340	115.00
0.332360	110.00
0.332380	106.00
0.332400	104.00
0.332420	103.00
0.332440	105.00
0.332460	108.00
0.332480	113.00
0.332500	119.00
0.332520	125.00
0.332540	132.00
0.332560	140.00
0.332580	148.00
0.332600	155.00
0.332620	159.00
0.332640	161.00
0.332660	159.00
0.332680	155.00
0.332700	146.00
0.332720	135.00
0.332740	121.00
0.332760	105.00
0.332780	91.00
0.332800	79.00
0.332820	71.00
0.332840	67.00
0.332860	68.00
0.332880	75.00
0.332900	87.00
0.332920	104.00
0.332940	124.00
0.332960	146.00
0.332980	166.00
0.333000	183.00
0.333020	194.00
0.333040	199.00
0.333060	198.00
0.333080	190.00
0.333100	177.00
0.333120	158.00
0.333140	136.00
0.333160	111.00
0.333180	88.00
0.333200	67.00
0.333220	52.00
0.333240	43.00
0.333260	42.00
0.333280	48.00
0.333300	60.00
0.333320	78.00
0.333340	99.00
0.333360	122.00
0.333380	145.00
0.333400	166.00
0.333420	182.00
0.333440	193.00
0.333460	197.00
0.333480	195.00
0.333500	187.00
0.333520	175.00
0.333540	159.00
0.333560	141.00
0.333580	121.00
0.333600	103.00
0.333620	87.00
0.333640	75.00
0.333660	68.00
0.333680	66.00
0.333700	69.00
0.333720	77.00
0.333740	88.00
0.333760	102.00
0.333780	117.00
0.333800	131.00
0.333820	144.00
0.333840	155.00
0.333860	162.00
0.333880	166.00
0.333900	166.00
0.333920	163.00
0.333940	157.00
0.333960	148.00
0.333980	138.00
0.334000	128.00
0.334020	119.00
0.334040	111.00
0.334060	104.00
0.334080	100.00
0.334100	97.00
0.334120	97.00
0.334140	100.00
0.334160	105.00
0.334180	111.00
0.334200	117.00
0.334220	124.00
0.334240	130.00
0.334260	135.00
0.334280	140.00
0.334300	142.00
0.334320	143.00
0.334340	142.00
0.334360	140.00
0.334380	137.00
0.334400	133.00
0.334420	129.00
0.334440	125.00
0.334460	121.00
0.334480	118.00
0.334500	115.00
0.334520	114.00
0.334540	114.00
0.334560	114.00
0.334580	115.00
0.334600	117.00
0.334620	119.00
0.334640	122.00
0.334660	125.00
0.334680	127.00
0.334700	129.00
0.334720	131.00
0.334740	132.00
0.334760	132.00
0.334780	132.00
0.334800	131.00
0.334820	130.00
0.334840	128.00
0.334860	127.00
0.334880	125.00
0.334900	123.00
0.334920	122.00
0.334940	121.00
0.334960	121.00
0.334980	121.00
0.335000	122.00
0.335020	122.00
0.335040	122.00
0.335060	123.00
0.335080	124.00
0.335100	125.00
0.335120	126.00
0.335140	127.00
0.335160	127.00
0.335180	127.00
0.335200	127.00
0.335220	127.00
0.335240	127.00
0.335260	127.00
0.335280	127.00
0.335300	126.00
0.335320	126.00
0.335340	125.00
0.335360	125.00
0.335380	124.00
0.335400	124.00
0.335420	123.00
0.335440	123.00
0.335460	123.00
0.335480	124.00
0.335500	124.00
0.335520	124.00
0.335540	125.00
0.335560	125.00
0.335580	126.00
0.335600	126.00
0.335620	126.00
0.335640	126.00
0.335660	126.00
0.335680	126.00
0.335700	126.00
0.335720	126.00
0.335740	125.00
0.335760	125.00
0.335780	125.00
0.335800	125.00
0.335820	125.00
0.335840	125.00
0.335860	125.00
0.335880	125.00
0.335900	124.00
0.335920	124.00
0.335940	124.00
0.335960	125.00
0.335980	125.00
0.336000	125.00
0.336020	125.00
0.336040	125.00
0.336060	125.00
0.336080	125.00
0.336100	125.00
0.336120	126.00
0.336140	126.00
0.336160	126.00
0.336180	126.00
0.336200	126.00
0.336220	126.00
0.336240	125.00
0.336260	125.00
0.336280	125.00
0.336300	125.00
0.336320	125.00
0.336340	125.00
0.336360	125.00
0.336380	125.00
0.336400	124.00
0.336420	124.00
0.336440	124.00
0.336460	124.00
0.336480	124.00
0.336500	124.00
0.336520	125.00
0.336540	125.00
0.336560	125.00
0.336580	125.00
0.336600	125.00
0.336620	125.00
0.336640	125.00
0.336660	125.00
0.336680	125.00
0.336700	125.00
0.336720	125.00
0.336740	125.00
0.336760	125.00
0.336780	125.00
0.336800	125.00
0.336820	125.00
0.336840	125.00
0.336860	125.00
0.336880	125.00
0.336900	125.00
0.336920	124.00
0.336940	124.00
0.336960	124.00
0.336980	125.00
0.337000	125.00
0.337020	125.00
0.337040	125.00
0.337060	125.00
0.337080	125.00
0.337100	125.00
0.337120	125.00
0.337140	125.00
0.337160	125.00
0.337180	125.00
0.337200	125.00
0.337220	125.00
0.337240	124.00
0.337260	125.00
0.337280	125.00
0.337300	125.00
0.337320	125.00
0.337340	125.00
0.337360	125.00
0.337380	125.00
0.337400	125.00
0.337420	125.00
0.337440	125.00
0.337460	125.00
0.337480	125.00
0.337500	125.00
0.337520	125.00
0.337540	125.00
0.337560	125.00
0.337580	125.00
0.337600	125.00
0.337620	125.00
0.337640	125.00
0.337660	125.00
0.337680	125.00
0.337700	125.00
0.337720	125.00
0.337740	125.00
0.337760	125.00
0.337780	125.00
0.337800	125.00
0.337820	125.00
0.337840	125.00
0.337860	125.00
0.337880	125.00
0.337900	125.00
0.337920	125.00
0.337940	125.00
0.337960	125.00
0.337980	125.00
0.338000	125.00
0.338020	125.00
0.338040	125.00
0.338060	125.00
0.338080	125.00
0.338100	124.00
0.338120	124.00
0.338140	124.00
0.338160	123.00
0.338180	122.00
0.338200	122.00
0.338220	122.00
0.338240	122.00
0.338260	124.00
0.338280	125.00
0.338300	127.00
0.338320	129.00
0.338340	131.00
0.338360	132.00
0.338380	132.00
0.338400	131.00
0.338420	130.00
0.338440	129.00
0.338460	128.00
0.338480	125.00
0.338500	122.00
0.338520	119.00
0.338540	116.00
0.338560	114.00
0.338580	113.00
0.338600	113.00
0.338620	115.00
0.338640	117.00
0.338660	120.00
0.338680	122.00
0.338700	125.00
0.338720	128.00
0.338740	132.00
0.338760	137.00
0.338780	141.00
0.338800	143.00
0.338820	144.00
0.338840	143.00
0.338860	141.00
0.338880	136.00
0.338900	129.00
0.338920	121.00
0.338940	113.00
0.338960	106.00
0.338980	99.00
0.339000	94.00
0.339020	92.00
0.339040	93.00
0.339060	98.00
0.339080	106.00
0.339100	116.00
0.339120	128.00
0.339140	140.00
0.339160	151.00
0.339180	160.00
0.339200	165.00
0.339220	167.00
0.339240	165.00
0.339260	159.00
0.339280	151.00
0.339300	139.00
0.339320	126.00
0.339340	112.00
0.339360	100.00
0.339380	90.00
0.339400	83.00
0.339420	80.00
0.339440	81.00
0.339460	86.00
0.339480	94.00
0.339500	105.00
0.339520	117.00
0.339540	130.00
0.339560	142.00
0.339580	153.00
0.339600	160.00
0.339620	164.00
0.339640	165.00
0.339660	162.00
0.339680	156.00
0.339700	148.00
0.339720	138.00
0.339740	127.00
0.339760	117.00
0.339780	108.00
0.339800	100.00
0.339820	95.00
0.339840	93.00
0.339860	94.00
0.339880	98.00
0.339900	103.00
0.339920	110.00
0.339940	118.00
0.339960	126.00
0.339980	133.00
0.340000	139.00
0.340020	144.00
0.340040	147.00
0.340060	148.00
0.340080	146.00
0.340100	143.00
0.340120	138.00
0.340140	133.00
0.340160	128.00
0.340180	123.00
0.340200	118.00
0.340220	114.00
0.340240	111.00
0.340260	110.00
0.340280	110.00
0.340300	112.00
0.340320	114.00
0.340340	117.00
0.340360	120.00
0.340380	124.00
0.340400	127.00
0.340420	130.00
0.340440	132.00
0.340460	134.00
0.340480	135.00
0.340500	135.00
0.340520	134.00
0.340540	132.00
0.340560	130.00
0.340580	128.00
0.340600	126.00
0.340620	124.00
0.340640	122.00
0.340660	120.00
0.340680	119.00
0.340700	119.00
0.340720	120.00
0.340740	121.00
0.340760	121.00
0.340780	122.00
0.340800	123.00
0.340820	125.00
0.340840	127.00
0.340860	128.00
0.340880	129.00
0.340900	129.00
0.340920	129.00
0.340940	128.00
0.340960	128.00
0.340980	127.00
0.341000	127.00
0.341020	126.00
0.341040	125.00
0.341060	124.00
0.341080	123.00
0.341100	123.00
0.341120	123.00
0.341140	123.00
0.341160	123.00
0.341180	123.00
0.341200	123.00
0.341220	124.00
0.341240	125.00
0.341260	125.00
0.341280	125.00
0.341300	126.00
0.341320	126.00
0.341340	126.00
0.341360	126.00
0.341380	126.00
0.341400	125.00
0.341420	125.00
0.341440	125.00
0.341460	126.00
0.341480	126.00
0.341500	125.00
0.341520	124.00
0.341540	124.00
0.341560	124.00
0.341580	124.00
0.341600	124.00
0.341620	124.00
0.341640	124.00
0.341660	124.00
0.341680	124.00
0.341700	124.00
0.341720	124.00
0.341740	125.00
0.341760	125.00
0.341780	125.00
0.341800	125.00
0.341820	125.00
0.341840	125.00
0.341860	125.00
0.341880	125.00
0.341900	125.00
0.341920	125.00
0.341940	125.00
0.341960	125.00
0.341980	125.00
0.342000	125.00
0.342020	125.00
0.342040	124.00
0.342060	124.00
0.342080	124.00
0.342100	124.00
0.342120	124.00
0.342140	124.00
0.342160	124.00
0.342180	124.00
0.342200	124.00
0.342220	124.00
0.342240	124.00
0.342260	125.00
0.342280	126.00
0.342300	126.00
0.342320	126.00
0.342340	126.00
0.342360	126.00
0.342380	126.00
0.342400	126.00
0.342420	126.00
0.342440	126.00
0.342460	126.00
0.342480	126.00
0.342500	125.00
0.342520	125.00
0.342540	124.00
0.342560	124.00
0.342580	124.00
0.342600	124.00
0.342620	124.00
0.342640	124.00
0.342660	124.00
0.342680	124.00
0.342700	124.00
0.342720	124.00
0.342740	125.00
0.342760	126.00
0.342780	126.00
0.342800	126.00
0.342820	126.00
0.342840	126.00
0.342860	126.00
0.342880	126.00
0.342900	126.00
0.342920	126.00
0.342940	125.00
0.342960	125.00
0.342980	124.00
0.343000	124.00
0.343020	124.00
0.343040	124.00
0.343060	124.00
0.343080	124.00
0.343100	124.00
0.343120	124.00
0.343140	124.00
0.343160	124.00
0.343180	124.00
0.343200	125.00
0.343220	126.00
0.343240	126.00
0.343260	126.00
0.343280	126.00
0.343300	125.00
0.343320	125.00
0.343340	125.00
0.343360	125.00
0.343380	124.00
0.343400	124.00
0.343420	124.00
0.343440	124.00
0.343460	124.00
0.343480	124.00
0.343500	124.00
0.343520	124.00
0.343540	124.00
0.343560	124.00
0.343580	124.00
0.343600	125.00
0.343620	125.00
0.343640	125.00
0.343660	126.00
0.343680	126.00
0.343700	126.00
0.343720	126.00
0.343740	126.00
0.343760	126.00
0.343780	125.00
0.343800	125.00
0.343820	125.00
0.343840	125.00
0.343860	124.00
0.343880	124.00
0.343900	124.00
0.343920	125.00
0.343940	125.00
0.343960	125.00
0.343980	125.00
0.344000	125.00
0.344020	125.00
0.344040	125.00
0.344060	125.00
0.344080	125.00
0.344100	125.00
0.344120	125.00
0.344140	125.00
0.344160	125.00
0.344180	125.00
0.344200	124.00
0.344220	125.00
0.344240	125.00
0.344260	125.00
0.344280	125.00
0.344300	125.00
0.344320	124.00
0.344340	124.00
0.344360	124.00
0.344380	123.00
0.344400	123.00
0.344420	123.00
0.344440	124.00
0.344460	125.00
0.344480	126.00
0.344500	127.00
0.344520	128.00
0.344540	128.00
0.344560	128.00
0.344580	128.00
0.344600	128.00
0.344620	128.00
0.344640	127.00
0.344660	126.00
0.344680	124.00
0.344700	122.00
0.344720	120.00
0.344740	119.00
0.344760	119.00
0.344780	119.00
0.344800	120.00
0.344820	121.00
0.344840	122.00
0.344860	123.00
0.344880	124.00
0.344900	126.00
0.344920	129.00
0.344940	132.00
0.344960	134.00
0.344980	135.00
0.345000	135.00
0.345020	134.00
0.345040	133.00
0.345060	131.00
0.345080	128.00
0.345100	124.00
0.345120	120.00
0.345140	115.00
0.345160	112.00
0.345180	109.00
0.345200	108.00
0.345220	108.00
0.345240	110.00
0.345260	115.00
0.345280	121.00
0.345300	127.00
0.345320	133.00
0.345340	138.00
0.345360	142.00
0.345380	145.00
0.345400	146.00
0.345420	145.00
0.345440	142.00
0.345460	137.00
0.345480	132.00
0.345500	126.00
0.345520	119.00
0.345540	113.00
0.345560	108.00
0.345580	105.00
0.345600	103.00
0.345620	104.00
0.345640	106.00
0.345660	110.00
0.345680	116.00
0.345700	122.00
0.345720	128.00
0.345740	134.00
0.345760	139.00
0.345780	142.00
0.345800	144.00
0.345820	143.00
0.345840	142.00
0.345860	139.00
0.345880	135.00
0.345900	130.00
0.345920	125.00
0.345940	120.00
0.345960	116.00
0.345980	113.00
0.346000	111.00
0.346020	111.00
0.346040	111.00
0.346060	113.00
0.346080	116.00
0.346100	119.00
0.346120	123.00
0.346140	126.00
0.346160	129.00
0.346180	132.00
0.346200	134.00
0.346220	135.00
0.346240	135.00
0.346260	134.00
0.346280	133.00
0.346300	131.00
0.346320	128.00
0.346340	126.00
0.346360	123.00
0.346380	121.00
0.346400	119.00
0.346420	118.00
0.346440	118.00
0.346460	118.00
0.346480	119.00
0.346500	120.00
0.346520	122.00
0.346540	124.00
0.346560	125.00
0.346580	126.00
0.346600	127.00
0.346620	128.00
0.346640	128.00
0.346660	129.00
0.346680	129.00
0.346700	128.00
0.346720	127.00
0.346740	126.00
0.346760	125.00
0.346780	124.00
0.346800	124.00
0.346820	123.00
0.346840	123.00
0.346860	123.00
0.346880	123.00
0.346900	123.00
0.346920	123.00
0.346940	124.00
0.346960	124.00
0.346980	124.00
0.347000	124.00
0.347020	125.00
0.347040	126.00
0.347060	126.00
0.347080	126.00
0.347100	126.00
0.347120	126.00
0.347140	126.00
0.347160	126.00
0.347180	126.00
0.347200	126.00
0.347220	125.00
0.347240	125.00
0.347260	125.00
0.347280	124.00
0.347300	124.00
0.347320	124.00
0.347340	124.00
0.347360	124.00
0.347380	125.00
0.347400	125.00
0.347420	125.00
0.347440	125.00
0.347460	125.00
0.347480	125.00
0.347500	125.00
0.347520	125.00
0.347540	125.00
0.347560	125.00
0.347580	125.00
0.347600	125.00
0.347620	126.00
0.347640	126.00
0.347660	125.00
0.347680	125.00
0.347700	124.00
0.347720	124.00
0.347740	125.00
0.347760	125.00
0.347780	125.00
0.347800	124.00
0.347820	124.00
0.347840	124.00
0.347860	125.00
0.347880	125.00
0.347900	125.00
0.347920	125.00
0.347940	125.00
0.347960	125.00
0.347980	125.00
0.348000	125.00
0.348020	125.00
0.348040	124.00
0.348060	124.00
0.348080	124.00
0.348100	125.00
0.348120	126.00
0.348140	126.00
0.348160	126.00
0.348180	126.00
0.348200	126.00
0.348220	126.00
0.348240	126.00
0.348260	125.00
0.348280	125.00
0.348300	125.00
0.348320	125.00
0.348340	124.00
0.348360	124.00
0.348380	124.00
0.348400	124.00
0.348420	125.00
0.348440	125.00
0.348460	125.00
0.348480	125.00
0.348500	125.00
0.348520	125.00
0.348540	126.00
0.348560	126.00
0.348580	126.00
0.348600	126.00
0.348620	126.00
0.348640	126.00
0.348660	126.00
0.348680	125.00
0.348700	124.00
0.348720	123.00
0.348740	123.00
0.348760	123.00
0.348780	123.00
0.348800	123.00
0.348820	123.00
0.348840	123.00
0.348860	124.00
0.348880	124.00
0.348900	125.00
0.348920	125.00
0.348940	126.00
0.348960	126.00
0.348980	126.00
0.349000	126.00
0.349020	126.00
0.349040	126.00
0.349060	126.00
0.349080	126.00
0.349100	125.00
0.349120	125.00
0.349140	125.00
0.349160	125.00
0.349180	124.00
0.349200	124.00
0.349220	124.00
0.349240	123.00
0.349260	123.00
0.349280	123.00
0.349300	124.00
0.349320	125.00
0.349340	125.00
0.349360	126.00
0.349380	126.00
0.349400	126.00
0.349420	127.00
0.349440	127.00
0.349460	127.00
0.349480	127.00
0.349500	127.00
0.349520	126.00
0.349540	126.00
0.349560	125.00
0.349580	124.00
0.349600	124.00
0.349620	124.00
0.349640	123.00
0.349660	123.00
0.349680	123.00
0.349700	123.00
0.349720	124.00
0.349740	124.00
0.349760	124.00
0.349780	124.00
0.349800	125.00
0.349820	125.00
0.349840	126.00
0.349860	126.00
0.349880	126.00
0.349900	126.00
0.349920	126.00
0.349940	125.00
0.349960	126.00
0.349980	126.00
0.350000	125.00
0.350020	125.00
0.350040	125.00
0.350060	125.00
0.350080	124.00
0.350100	124.00
0.350120	124.00
0.350140	125.00
0.350160	125.00
0.350180	125.00
0.350200	125.00
0.350220	125.00
0.350240	125.00
0.350260	125.00
0.350280	125.00
0.350300	125.00
0.350320	126.00
0.350340	126.00
0.350360	126.00
0.350380	126.00
0.350400	125.00
0.350420	125.00
0.350440	124.00
0.350460	124.00
0.350480	124.00
0.350500	124.00
0.350520	124.00
0.350540	124.00
0.350560	124.00
0.350580	124.00
0.350600	124.00
0.350620	124.00
0.350640	124.00
0.350660	125.00
0.350680	126.00
0.350700	126.00
0.350720	126.00
0.350740	126.00
0.350760	127.00
0.350780	127.00
0.350800	127.00
0.350820	127.00
0.350840	126.00
0.350860	125.00
0.350880	124.00
0.350900	123.00
0.350920	122.00
0.350940	123.00
0.350960	123.00
0.350980	123.00
0.351000	123.00
0.351020	123.00
0.351040	124.00
0.351060	124.00
0.351080	125.00
0.351100	126.00
0.351120	127.00
0.351140	128.00
0.351160	129.00
0.351180	130.00
0.351200	130.00
0.351220	129.00
0.351240	128.00
0.351260	127.00
0.351280	125.00
0.351300	123.00
0.351320	120.00
0.351340	118.00
0.351360	117.00
0.351380	116.00
0.351400	116.00
0.351420	117.00
0.351440	119.00
0.351460	122.00
0.351480	125.00
0.351500	128.00
0.351520	131.00
0.351540	133.00
0.351560	134.00
0.351580	135.00
0.351600	135.00
0.351620	134.00
0.351640	132.00
0.351660	130.00
0.351680	127.00
0.351700	123.00
0.351720	120.00
0.351740	118.00
0.351760	116.00
0.351780	115.00
0.351800	115.00
0.351820	116.00
0.351840	117.00
0.351860	119.00
0.351880	122.00
0.351900	125.00
0.351920	128.00
0.351940	131.00
0.351960	133.00
0.351980	134.00
0.352000	133.00
0.352020	132.00
0.352040	131.00
0.352060	129.00
0.352080	128.00
0.352100	126.00
0.352120	124.00
0.352140	122.00
0.352160	120.00
0.352180	119.00
0.352200	119.00
0.352220	119.00
0.352240	120.00
0.352260	120.00
0.352280	122.00
0.352300	123.00
0.352320	125.00
0.352340	126.00
0.352360	127.00
0.352380	128.00
0.352400	128.00
0.352420	128.00
0.352440	128.00
0.352460	128.00
0.352480	128.00
0.352500	127.00
0.352520	126.00
0.352540	126.00
0.352560	125.00
0.352580	124.00
0.352600	123.00
0.352620	123.00
0.352640	123.00
0.352660	123.00
0.352680	123.00
0.352700	123.00
0.352720	124.00
0.352740	124.00
0.352760	125.00
0.352780	125.00
0.352800	126.00
0.352820	126.00
0.352840	126.00
0.352860	126.00
0.352880	126.00
0.352900	126.00
0.352920	126.00
0.352940	126.00
0.352960	126.00
0.352980	125.00
0.353000	125.00
0.353020	124.00
0.353040	125.00
0.353060	125.00
0.353080	124.00
0.353100	124.00
0.353120	124.00
0.353140	125.00
0.353160	125.00
0.353180	125.00
0.353200	125.00
0.353220	125.00
0.353240	126.00
0.353260	126.00
0.353280	126.00
0.353300	126.00
0.353320	125.00
0.353340	125.00
0.353360	125.00
0.353380	125.00
0.353400	125.00
0.353420	125.00
0.353440	125.00
0.353460	125.00
0.353480	125.00
0.353500	125.00
0.353520	125.00
0.353540	125.00
0.353560	125.00
0.353580	125.00
0.353600	125.00
0.353620	125.00
0.353640	125.00
0.353660	125.00
0.353680	124.00
0.353700	124.00
0.353720	125.00
0.353740	125.00
0.353760	125.00
0.353780	125.00
0.353800	124.00
0.353820	124.00
0.353840	124.00
0.353860	124.00
0.353880	124.00
0.353900	124.00
0.353920	124.00
0.353940	125.00
0.353960	126.00
0.353980	126.00
0.354000	126.00
0.354020	125.00
0.354040	126.00
0.354060	126.00
0.354080	126.00
0.354100	126.00
0.354120	125.00
0.354140	124.00
0.354160	124.00
0.354180	124.00
0.354200	124.00
0.354220	125.00
0.354240	125.00
0.354260	125.00
0.354280	125.00
0.354300	125.00
0.354320	125.00
0.354340	125.00
0.354360	125.00
0.354380	126.00
0.354400	126.00
0.354420	126.00
0.354440	125.00
0.354460	125.00
0.354480	125.00
0.354500	125.00
0.354520	124.00
0.354540	124.00
0.354560	124.00
0.354580	124.00
0.354600	125.00
0.354620	125.00
0.354640	124.00
0.354660	124.00
0.354680	124.00
0.354700	124.00
0.354720	125.00
0.354740	125.00
0.354760	125.00
0.354780	125.00
0.354800	125.00
0.354820	125.00
0.354840	126.00
0.354860	126.00
0.354880	125.00
0.354900	124.00
0.354920	124.00
0.354940	123.00
0.354960	123.00
0.354980	123.00
0.355000	123.00
0.355020	124.00
0.355040	124.00
0.355060	125.00
0.355080	126.00
0.355100	126.00
0.355120	126.00
0.355140	127.00
0.355160	127.00
0.355180	127.00
0.355200	127.00
0.355220	127.00
0.355240	126.00
0.355260	126.00
0.355280	125.00
0.355300	125.00
0.355320	124.00
0.355340	123.00
0.355360	123.00
0.355380	123.00
0.355400	123.00
0.355420	123.00
0.355440	123.00
0.355460	124.00
0.355480	124.00
0.355500	125.00
0.355520	126.00
0.355540	126.00
0.355560	126.00
0.355580	126.00
0.355600	127.00
0.355620	127.00
0.355640	127.00
0.355660	127.00
0.355680	127.00
0.355700	127.00
0.355720	126.00
0.355740	125.00
0.355760	125.00
0.355780	124.00
0.355800	124.00
0.355820	124.00
0.355840	124.00
0.355860	124.00
0.355880	124.00
0.355900	124.00
0.355920	125.00
0.355940	125.00
0.355960	125.00
0.355980	126.00
0.356000	126.00
0.356020	127.00
0.356040	127.00
0.356060	127.00
0.356080	127.00
0.356100	126.00
0.356120	126.00
0.356140	125.00
0.356160	125.00
0.356180	125.00
0.356200	124.00
0.356220	124.00
0.356240	124.00
0.356260	124.00
0.356280	125.00
0.356300	125.00
0.356320	125.00
0.356340	125.00
0.356360	125.00
0.356380	124.00
0.356400	125.00
0.356420	125.00
0.356440	125.00
0.356460	125.00
0.356480	125.00
0.356500	125.00
0.356520	125.00
0.356540	125.00
0.356560	125.00
0.356580	125.00
0.356600	125.00
0.356620	125.00
0.356640	125.00
0.356660	125.00
0.356680	125.00
0.356700	125.00
0.356720	125.00
0.356740	124.00
0.356760	124.00
0.356780	124.00
0.356800	125.00
0.356820	125.00
0.356840	126.00
0.356860	126.00
0.356880	126.00
0.356900	126.00
0.356920	126.00
0.356940	126.00
0.356960	126.00
0.356980	126.00
0.357000	125.00
0.357020	125.00
0.357040	125.00
0.357060	124.00
0.357080	124.00
0.357100	123.00
0.357120	123.00
0.357140	123.00
0.357160	124.00
0.357180	124.00
0.357200	124.00
0.357220	124.00
0.357240	124.00
0.357260	125.00
0.357280	126.00
0.357300	127.00
0.357320	127.00
0.357340	127.00
0.357360	127.00
0.357380	127.00
0.357400	127.00
0.357420	127.00
0.357440	126.00
0.357460	125.00
0.357480	124.00
0.357500	123.00
0.357520	122.00
0.357540	121.00
0.357560	121.00
0.357580	120.00
0.357600	120.00
0.357620	121.00
0.357640	123.00
0.357660	125.00
0.357680	126.00
0.357700	127.00
0.357720	128.00
0.357740	129.00
0.357760	130.00
0.357780	130.00
0.357800	130.00
0.357820	129.00
0.357840	128.00
0.357860	126.00
0.357880	124.00
0.357900	123.00
0.357920	122.00
0.357940	121.00
0.357960	121.00
0.357980	120.00
0.358000	120.00
0.358020	120.00
0.358040	121.00
0.358060	123.00
0.358080	124.00
0.358100	125.00
0.358120	126.00
0.358140	127.00
0.358160	128.00
0.358180	129.00
0.358200	129.00
0.358220	129.00
0.358240	128.00
0.358260	128.00
0.358280	127.00
0.358300	126.00
0.358320	125.00
0.358340	124.00
0.358360	123.00
0.358380	122.00
0.358400	122.00
0.358420	121.00
0.358440	121.00
0.358460	122.00
0.358480	123.00
0.358500	124.00
0.358520	125.00
0.358540	126.00
0.358560	126.00
0.358580	126.00
0.358600	126.00
0.358620	127.00
0.358640	128.00
0.358660	128.00
0.358680	127.00
0.358700	127.00
0.358720	127.00
0.358740	126.00
0.358760	126.00
0.358780	125.00
0.358800	125.00
0.358820	124.00
0.358840	124.00
0.358860	124.00
0.358880	124.00
0.358900	123.00
0.358920	123.00
0.358940	124.00
0.358960	124.00
0.358980	124.00
0.359000	125.00
0.359020	125.00
0.359040	125.00
0.359060	126.00
0.359080	126.00
0.359100	126.00
0.359120	126.00
0.359140	126.00
0.359160	126.00
0.359180	126.00
0.359200	126.00
0.359220	125.00
0.359240	125.00
0.359260	124.00
0.359280	124.00
0.359300	124.00
0.359320	124.00
0.359340	124.00
0.359360	124.00
0.359380	125.00
0.359400	125.00
0.359420	125.00
0.359440	125.00
0.359460	125.00
0.359480	125.00
0.359500	125.00
0.359520	125.00
0.359540	125.00
0.359560	125.00
0.359580	125.00
0.359600	125.00
0.359620	125.00
0.359640	124.00
0.359660	124.00
0.359680	124.00
0.359700	125.00
0.359720	125.00
0.359740	124.00
0.359760	124.00
0.359780	124.00
0.359800	124.00
0.359820	124.00
0.359840	125.00
0.359860	125.00
0.359880	125.00
0.359900	125.00
0.359920	124.00
0.359940	124.00
0.359960	125.00
0.359980	126.00
