0.320000	101.00
0.320020	49.00
0.320040	102.00
0.320060	141.00
0.320080	144.00
0.320100	125.00
0.320120	112.00
0.320140	118.00
0.320160	130.00
0.320180	132.00
0.320200	124.00
0.320220	118.00
0.320240	121.00
0.320260	129.00
0.320280	130.00
0.320300	125.00
0.320320	120.00
0.320340	122.00
0.320360	127.00
0.320380	129.00
0.320400	125.00
0.320420	121.00
0.320440	123.00
0.320460	127.00
0.320480	129.00
0.320500	125.00
0.320520	122.00
0.320540	123.00
0.320560	127.00
0.320580	128.00
0.320600	125.00
0.320620	122.00
0.320640	123.00
0.320660	126.00
0.320680	127.00
0.320700	125.00
0.320720	123.00
0.320740	124.00
0.320760	126.00
0.320780	127.00
0.320800	125.00
0.320820	123.00
0.320840	124.00
0.320860	126.00
0.320880	127.00
0.320900	125.00
0.320920	123.00
0.320940	124.00
0.320960	126.00
0.320980	127.00
0.321000	125.00
0.321020	124.00
0.321040	124.00
0.321060	126.00
0.321080	126.00
0.321100	124.00
0.321120	123.00
0.321140	123.00
0.321160	125.00
0.321180	126.00
0.321200	124.00
0.321220	123.00
0.321240	123.00
0.321260	125.00
0.321280	126.00
0.321300	125.00
0.321320	123.00
0.321340	123.00
0.321360	125.00
0.321380	125.00
0.321400	125.00
0.321420	124.00
0.321440	124.00
0.321460	126.00
0.321480	126.00
0.321500	125.00
0.321520	124.00
0.321540	124.00
0.321560	125.00
0.321580	125.00
0.321600	124.00
0.321620	123.00
0.321640	123.00
0.321660	125.00
0.321680	126.00
0.321700	125.00
0.321720	124.00
0.321740	124.00
0.321760	125.00
0.321780	125.00
0.321800	124.00
0.321820	123.00
0.321840	124.00
0.321860	125.00
0.321880	125.00
0.321900	124.00
0.321920	123.00
0.321940	124.00
0.321960	125.00
0.321980	125.00
0.322000	125.00
0.322020	124.00
0.322040	124.00
0.322060	125.00
0.322080	125.00
0.322100	124.00
0.322120	123.00
0.322140	124.00
0.322160	125.00
0.322180	126.00
0.322200	125.00
0.322220	124.00
0.322240	124.00
0.322260	124.00
0.322280	125.00
0.322300	125.00
0.322320	124.00
0.322340	125.00
0.322360	125.00
0.322380	125.00
0.322400	124.00
0.322420	124.00
0.322440	124.00
0.322460	125.00
0.322480	125.00
0.322500	125.00
0.322520	124.00
0.322540	125.00
0.322560	126.00
0.322580	126.00
0.322600	125.00
0.322620	125.00
0.322640	125.00
0.322660	126.00
0.322680	126.00
0.322700	125.00
0.322720	123.00
0.322740	124.00
0.322760	125.00
0.322780	126.00
0.322800	125.00
0.322820	124.00
0.322840	124.00
0.322860	124.00
0.322880	125.00
0.322900	124.00
0.322920	124.00
0.322940	125.00
0.322960	126.00
0.322980	126.00
0.323000	125.00
0.323020	125.00
0.323040	125.00
0.323060	126.00
0.323080	126.00
0.323100	125.00
0.323120	124.00
0.323140	124.00
0.323160	124.00
0.323180	125.00
0.323200	124.00
0.323220	124.00
0.323240	124.00
0.323260	124.00
0.323280	125.00
0.323300	124.00
0.323320	124.00
0.323340	124.00
0.323360	125.00
0.323380	126.00
0.323400	125.00
0.323420	125.00
0.323440	125.00
0.323460	125.00
0.323480	125.00
0.323500	124.00
0.323520	124.00
0.323540	124.00
0.323560	125.00
0.323580	125.00
0.323600	125.00
0.323620	124.00
0.323640	124.00
0.323660	125.00
0.323680	125.00
0.323700	124.00
0.323720	124.00
0.323740	124.00
0.323760	124.00
0.323780	125.00
0.323800	125.00
0.323820	124.00
0.323840	124.00
0.323860	125.00
0.323880	125.00
0.323900	125.00
0.323920	125.00
0.323940	125.00
0.323960	125.00
0.323980	125.00
0.324000	125.00
0.324020	124.00
0.324040	124.00
0.324060	125.00
0.324080	125.00
0.324100	125.00
0.324120	124.00
0.324140	124.00
0.324160	124.00
0.324180	125.00
0.324200	125.00
0.324220	125.00
0.324240	125.00
0.324260	125.00
0.324280	125.00
0.324300	124.00
0.324320	124.00
0.324340	124.00
0.324360	124.00
0.324380	125.00
0.324400	124.00
0.324420	124.00
0.324440	124.00
0.324460	125.00
0.324480	125.00
0.324500	125.00
0.324520	125.00
0.324540	125.00
0.324560	125.00
0.324580	126.00
0.324600	125.00
0.324620	125.00
0.324640	125.00
0.324660	125.00
0.324680	125.00
0.324700	125.00
0.324720	125.00
0.324740	125.00
0.324760	125.00
0.324780	125.00
0.324800	125.00
0.324820	125.00
0.324840	125.00
0.324860	125.00
0.324880	125.00
0.324900	125.00
0.324920	124.00
0.324940	124.00
0.324960	124.00
0.324980	125.00
0.325000	124.00
0.325020	124.00
0.325040	124.00
0.325060	125.00
0.325080	125.00
0.325100	125.00
0.325120	124.00
0.325140	125.00
0.325160	125.00
0.325180	125.00
0.325200	125.00
0.325220	124.00
0.325240	124.00
0.325260	125.00
0.325280	125.00
0.325300	124.00
0.325320	124.00
0.325340	124.00
0.325360	124.00
0.325380	125.00
0.325400	124.00
0.325420	124.00
0.325440	124.00
0.325460	125.00
0.325480	125.00
0.325500	124.00
0.325520	123.00
0.325540	123.00
0.325560	122.00
0.325580	122.00
0.325600	121.00
0.325620	121.00
0.325640	121.00
0.325660	123.00
0.325680	126.00
0.325700	129.00
0.325720	132.00
0.325740	136.00
0.325760	141.00
0.325780	145.00
0.325800	148.00
0.325820	148.00
0.325840	145.00
0.325860	140.00
0.325880	131.00
0.325900	120.00
0.325920	107.00
0.325940	96.00
0.325960	87.00
0.325980	80.00
0.326000	75.00
0.326020	73.00
0.326040	76.00
0.326060	84.00
0.326080	98.00
0.326100	117.00
0.326120	137.00
0.326140	158.00
0.326160	176.00
0.326180	190.00
0.326200	199.00
0.326220	203.00
0.326240	202.00
0.326260	197.00
0.326280	184.00
0.326300	164.00
0.326320	137.00
0.326340	104.00
0.326360	69.00
0.326380	38.00
0.326400	15.00
0.326420	2.00
0.326440	0.00
0.326460	0.00
0.326480	10.00
0.326500	33.00
0.326520	73.00
0.326540	126.00
0.326560	181.00
0.326580	224.00
0.326600	248.00
0.326620	255.00
0.326640	255.00
0.326660	255.00
0.326680	252.00
0.326700	233.00
0.326720	192.00
0.326740	132.00
0.326760	68.00
0.326780	18.00
0.326800	0.00
0.326820	0.00
0.326840	4.00
0.326860	9.00
0.326880	2.00
0.326900	0.00
0.326920	0.00
0.326940	37.00
0.326960	105.00
0.326980	180.00
0.327000	236.00
0.327020	255.00
0.327040	255.00
0.327060	253.00
0.327080	253.00
0.327100	255.00
0.327120	255.00
0.327140	228.00
0.327160	177.00
0.327180	112.00
0.327200	51.00
0.327220	10.00
0.327240	0.00
0.327260	0.00
0.327280	5.00
0.327300	6.00
0.327320	0.00
0.327340	0.00
0.327360	9.00
0.327380	50.00
0.327400	111.00
0.327420	173.00
0.327440	220.00
0.327460	246.00
0.327480	255.00
0.327500	255.00
0.327520	253.00
0.327540	245.00
0.327560	228.00
0.327580	200.00
0.327600	163.00
0.327620	121.00
0.327640	80.00
0.327660	44.00
0.327680	17.00
0.327700	2.00
0.327720	0.00
0.327740	2.00
0.327760	15.00
0.327780	36.00
0.327800	64.00
0.327820	97.00
0.327840	130.00
0.327860	159.00
0.327880	181.00
0.327900	197.00
0.327920	205.00
0.327940	207.00
0.327960	201.00
0.327980	190.00
0.328000	174.00
0.328020	156.00
0.328040	136.00
0.328060	117.00
0.328080	98.00
0.328100	83.00
0.328120	73.00
0.328140	69.00
0.328160	69.00
0.328180	74.00
0.328200	83.00
0.328220	94.00
0.328240	107.00
0.328260	121.00
0.328280	133.00
0.328300	144.00
0.328320	152.00
0.328340	158.00
0.328360	160.00
0.328380	159.00
0.328400	155.00
0.328420	149.00
0.328440	142.00
0.328460	134.00
0.328480	126.00
0.328500	118.00
0.328520	111.00
0.328540	106.00
0.328560	104.00
0.328580	103.00
0.328600	104.00
0.328620	106.00
0.328640	110.00
0.328660	115.00
0.328680	120.00
0.328700	125.00
0.328720	130.00
0.328740	133.00
0.328760	136.00
0.328780	138.00
0.328800	139.00
0.328820	138.00
0.328840	136.00
0.328860	134.00
0.328880	131.00
0.328900	128.00
0.328920	125.00
0.328940	122.00
0.328960	120.00
0.328980	118.00
0.329000	117.00
0.329020	117.00
0.329040	117.00
0.329060	118.00
0.329080	120.00
0.329100	121.00
0.329120	123.00
0.329140	125.00
0.329160	127.00
0.329180	129.00
0.329200	130.00
0.329220	130.00
0.329240	130.00
0.329260	129.00
0.329280	128.00
0.329300	127.00
0.329320	126.00
0.329340	125.00
0.329360	124.00
0.329380	123.00
0.329400	122.00
0.329420	122.00
0.329440	122.00
0.329460	122.00
0.329480	122.00
0.329500	122.00
0.329520	123.00
0.329540	124.00
0.329560	125.00
0.329580	126.00
0.329600	127.00
0.329620	127.00
0.329640	127.00
0.329660	127.00
0.329680	127.00
0.329700	127.00
0.329720	126.00
0.329740	126.00
0.329760	125.00
0.329780	125.00
0.329800	124.00
0.329820	124.00
0.329840	124.00
0.329860	124.00
0.329880	124.00
0.329900	124.00
0.329920	124.00
0.329940	124.00
0.329960	125.00
0.329980	125.00
0.330000	125.00
0.330020	125.00
0.330040	126.00
0.330060	126.00
0.330080	126.00
0.330100	126.00
0.330120	126.00
0.330140	126.00
0.330160	126.00
0.330180	125.00
0.330200	125.00
0.330220	125.00
0.330240	125.00
0.330260	125.00
0.330280	125.00
0.330300	125.00
0.330320	125.00
0.330340	125.00
0.330360	125.00
0.330380	125.00
0.330400	125.00
0.330420	125.00
0.330440	125.00
0.330460	126.00
0.330480	126.00
0.330500	125.00
0.330520	125.00
0.330540	125.00
0.330560	125.00
0.330580	125.00
0.330600	125.00
0.330620	125.00
0.330640	125.00
0.330660	125.00
0.330680	125.00
0.330700	125.00
0.330720	125.00
0.330740	125.00
0.330760	125.00
0.330780	125.00
0.330800	125.00
0.330820	125.00
0.330840	125.00
0.330860	125.00
0.330880	125.00
0.330900	125.00
0.330920	125.00
0.330940	125.00
0.330960	125.00
0.330980	125.00
0.331000	125.00
0.331020	125.00
0.331040	125.00
0.331060	125.00
0.331080	125.00
0.331100	125.00
0.331120	125.00
0.331140	125.00
0.331160	125.00
0.331180	125.00
0.331200	125.00
0.331220	125.00
0.331240	125.00
0.331260	125.00
0.331280	125.00
0.331300	125.00
0.331320	125.00
0.331340	126.00
0.331360	126.00
0.331380	125.00
0.331400	125.00
0.331420	125.00
0.331440	125.00
0.331460	125.00
0.331480	125.00
0.331500	125.00
0.331520	125.00
0.331540	125.00
0.331560	126.00
0.331580	126.00
0.331600	126.00
0.331620	125.00
0.331640	125.00
0.331660	125.00
0.331680	125.00
0.331700	125.00
0.331720	125.00
0.331740	126.00
0.331760	126.00
0.331780	126.00
0.331800	126.00
0.331820	125.00
0.331840	125.00
0.331860	125.00
0.331880	124.00
0.331900	124.00
0.331920	123.00
0.331940	122.00
0.331960	121.00
0.331980	120.00
0.332000	119.00
0.332020	120.00
0.332040	121.00
0.332060	123.00
0.332080	126.00
0.332100	130.00
0.332120	133.00
0.332140	136.00
0.332160	137.00
0.332180	137.00
0.332200	136.00
0.332220	134.00
0.332240	132.00
0.332260	129.00
0.332280	124.00
0.332300	119.00
0.332320	114.00
0.332340	110.00
0.332360	107.00
0.332380	106.00
0.332400	106.00
0.332420	108.00
0.332440	111.00
0.332460	115.00
0.332480	120.00
0.332500	126.00
0.332520	133.00
0.332540	141.00
0.332560	149.00
0.332580	155.00
0.332600	159.00
0.332620	160.00
0.332640	157.00
0.332660	151.00
0.332680	142.00
0.332700	130.00
0.332720	117.00
0.332740	103.00
0.332760	90.00
0.332780	79.00
0.332800	71.00
0.332820	68.00
0.332840	71.00
0.332860	80.00
0.332880	94.00
0.332900	112.00
0.332920	132.00
0.332940	152.00
0.332960	170.00
0.332980	184.00
0.333000	193.00
0.333020	196.00
0.333040	193.00
0.333060	184.00
0.333080	169.00
0.333100	149.00
0.333120	127.00
0.333140	104.00
0.333160	83.00
0.333180	66.00
0.333200	54.00
0.333220	48.00
0.333240	49.00
0.333260	57.00
0.333280	70.00
0.333300	88.00
0.333320	109.00
0.333340	131.00
0.333360	152.00
0.333380	170.00
0.333400	183.00
0.333420	190.00
0.333440	192.00
0.333460	188.00
0.333480	179.00
0.333500	166.00
0.333520	149.00
0.333540	131.00
0.333560	113.00
0.333580	97.00
0.333600	84.00
0.333620	75.00
0.333640	71.00
0.333660	71.00
0.333680	76.00
0.333700	84.00
0.333720	95.00
0.333740	108.00
0.333760	122.00
0.333780	135.00
0.333800	147.00
0.333820	155.00
0.333840	161.00
0.333860	163.00
0.333880	162.00
0.333900	158.00
0.333920	151.00
0.333940	143.00
0.333960	134.00
0.333980	125.00
0.334000	116.00
0.334020	108.00
0.334040	103.00
0.334060	100.00
0.334080	100.00
0.334100	102.00
0.334120	105.00
0.334140	109.00
0.334160	115.00
0.334180	121.00
0.334200	127.00
0.334220	132.00
0.334240	136.00
0.334260	138.00
0.334280	140.00
0.334300	141.00
0.334320	140.00
0.334340	138.00
0.334360	135.00
0.334380	131.00
0.334400	128.00
0.334420	124.00
0.334440	121.00
0.334460	118.00
0.334480	116.00
0.334500	115.00
0.334520	115.00
0.334540	116.00
0.334560	117.00
0.334580	119.00
0.334600	121.00
0.334620	124.00
0.334640	126.00
0.334660	128.00
0.334680	130.00
0.334700	131.00
0.334720	131.00
0.334740	131.00
0.334760	131.00
0.334780	130.00
0.334800	129.00
0.334820	127.00
0.334840	125.00
0.334860	124.00
0.334880	124.00
0.334900	123.00
0.334920	122.00
0.334940	122.00
0.334960	121.00
0.334980	122.00
0.335000	122.00
0.335020	123.00
0.335040	124.00
0.335060	125.00
0.335080	126.00
0.335100	126.00
0.335120	127.00
0.335140	127.00
0.335160	128.00
0.335180	128.00
0.335200	128.00
0.335220	127.00
0.335240	127.00
0.335260	127.00
0.335280	126.00
0.335300	125.00
0.335320	125.00
0.335340	124.00
0.335360	124.00
0.335380	124.00
0.335400	124.00
0.335420	124.00
0.335440	124.00
0.335460	125.00
0.335480	125.00
0.335500	125.00
0.335520	125.00
0.335540	125.00
0.335560	125.00
0.335580	126.00
0.335600	126.00
0.335620	126.00
0.335640	126.00
0.335660	125.00
0.335680	125.00
0.335700	125.00
0.335720	125.00
0.335740	125.00
0.335760	125.00
0.335780	125.00
0.335800	125.00
0.335820	125.00
0.335840	125.00
0.335860	124.00
0.335880	124.00
0.335900	125.00
0.335920	125.00
0.335940	125.00
0.335960	125.00
0.335980	125.00
0.336000	126.00
0.336020	126.00
0.336040	125.00
0.336060	125.00
0.336080	125.00
0.336100	125.00
0.336120	125.00
0.336140	125.00
0.336160	124.00
0.336180	124.00
0.336200	124.00
0.336220	124.00
0.336240	124.00
0.336260	124.00
0.336280	124.00
0.336300	125.00
0.336320	125.00
0.336340	125.00
0.336360	125.00
0.336380	125.00
0.336400	125.00
0.336420	125.00
0.336440	125.00
0.336460	125.00
0.336480	125.00
0.336500	125.00
0.336520	125.00
0.336540	125.00
0.336560	126.00
0.336580	126.00
0.336600	126.00
0.336620	126.00
0.336640	125.00
0.336660	125.00
0.336680	125.00
0.336700	125.00
0.336720	125.00
0.336740	125.00
0.336760	125.00
0.336780	126.00
0.336800	126.00
0.336820	125.00
0.336840	125.00
0.336860	124.00
0.336880	124.00
0.336900	125.00
0.336920	125.00
0.336940	125.00
0.336960	125.00
0.336980	125.00
0.337000	125.00
0.337020	125.00
0.337040	125.00
0.337060	125.00
0.337080	125.00
0.337100	125.00
0.337120	126.00
0.337140	126.00
0.337160	126.00
0.337180	126.00
0.337200	126.00
0.337220	125.00
0.337240	125.00
0.337260	125.00
0.337280	125.00
0.337300	125.00
0.337320	125.00
0.337340	125.00
0.337360	125.00
0.337380	125.00
0.337400	125.00
0.337420	125.00
0.337440	125.00
0.337460	125.00
0.337480	125.00
0.337500	126.00
0.337520	126.00
0.337540	125.00
0.337560	125.00
0.337580	125.00
0.337600	125.00
0.337620	125.00
0.337640	125.00
0.337660	125.00
0.337680	125.00
0.337700	125.00
0.337720	125.00
0.337740	125.00
0.337760	125.00
0.337780	125.00
0.337800	125.00
0.337820	125.00
0.337840	124.00
0.337860	124.00
0.337880	125.00
0.337900	125.00
0.337920	126.00
0.337940	126.00
0.337960	126.00
0.337980	126.00
0.338000	126.00
0.338020	126.00
0.338040	125.00
0.338060	125.00
0.338080	124.00
0.338100	123.00
0.338120	123.00
0.338140	122.00
0.338160	122.00
0.338180	122.00
0.338200	122.00
0.338220	123.00
0.338240	125.00
0.338260	126.00
0.338280	128.00
0.338300	130.00
0.338320	131.00
0.338340	131.00
0.338360	131.00
0.338380	130.00
0.338400	129.00
0.338420	128.00
0.338440	126.00
0.338460	123.00
0.338480	121.00
0.338500	118.00
0.338520	116.00
0.338540	115.00
0.338560	115.00
0.338580	116.00
0.338600	118.00
0.338620	119.00
0.338640	121.00
0.338660	123.00
0.338680	125.00
0.338700	129.00
0.338720	134.00
0.338740	138.00
0.338760	141.00
0.338780	143.00
0.338800	143.00
0.338820	141.00
0.338840	138.00
0.338860	133.00
0.338880	126.00
0.338900	119.00
0.338920	112.00
0.338940	105.00
0.338960	100.00
0.338980	96.00
0.339000	95.00
0.339020	98.00
0.339040	104.00
0.339060	112.00
0.339080	122.00
0.339100	132.00
0.339120	142.00
0.339140	150.00
0.339160	156.00
0.339180	160.00
0.339200	161.00
0.339220	158.00
0.339240	152.00
0.339260	144.00
0.339280	133.00
0.339300	121.00
0.339320	110.00
0.339340	100.00
0.339360	92.00
0.339380	87.00
0.339400	86.00
0.339420	88.00
0.339440	94.00
0.339460	102.00
0.339480	112.00
0.339500	123.00
0.339520	134.00
0.339540	144.00
0.339560	152.00
0.339580	157.00
0.339600	159.00
0.339620	158.00
0.339640	155.00
0.339660	149.00
0.339680	141.00
0.339700	132.00
0.339720	123.00
0.339740	114.00
0.339760	107.00
0.339780	101.00
0.339800	98.00
0.339820	98.00
0.339840	100.00
0.339860	103.00
0.339880	109.00
0.339900	115.00
0.339920	121.00
0.339940	128.00
0.339960	134.00
0.339980	139.00
0.340000	143.00
0.340020	144.00
0.340040	144.00
0.340060	142.00
0.340080	139.00
0.340100	135.00
0.340120	130.00
0.340140	126.00
0.340160	121.00
0.340180	118.00
0.340200	115.00
0.340220	113.00
0.340240	112.00
0.340260	113.00
0.340280	114.00
0.340300	116.00
0.340320	119.00
0.340340	123.00
0.340360	126.00
0.340380	129.00
0.340400	131.00
0.340420	133.00
0.340440	133.00
0.340460	133.00
0.340480	132.00
0.340500	131.00
0.340520	130.00
0.340540	128.00
0.340560	126.00
0.340580	124.00
0.340600	122.00
0.340620	120.00
0.340640	120.00
0.340660	120.00
0.340680	121.00
0.340700	121.00
0.340720	122.00
0.340740	122.00
0.340760	123.00
0.340780	124.00
0.340800	125.00
0.340820	126.00
0.340840	127.00
0.340860	127.00
0.340880	128.00
0.340900	128.00
0.340920	128.00
0.340940	127.00
0.340960	127.00
0.340980	127.00
0.341000	126.00
0.341020	125.00
0.341040	124.00
0.341060	124.00
0.341080	123.00
0.341100	123.00
0.341120	123.00
0.341140	123.00
0.341160	124.00
0.341180	124.00
0.341200	124.00
0.341220	124.00
0.341240	124.00
0.341260	124.00
0.341280	125.00
0.341300	126.00
0.341320	126.00
0.341340	126.00
0.341360	126.00
0.341380	126.00
0.341400	126.00
0.341420	126.00
0.341440	126.00
0.341460	125.00
0.341480	125.00
0.341500	125.00
0.341520	124.00
0.341540	124.00
0.341560	124.00
0.341580	124.00
0.341600	124.00
0.341620	124.00
0.341640	125.00
0.341660	125.00
0.341680	125.00
0.341700	125.00
0.341720	125.00
0.341740	125.00
0.341760	125.00
0.341780	125.00
0.341800	125.00
0.341820	125.00
0.341840	125.00
0.341860	125.00
0.341880	125.00
0.341900	124.00
0.341920	124.00
0.341940	124.00
0.341960	125.00
0.341980	125.00
0.342000	125.00
0.342020	125.00
0.342040	125.00
0.342060	125.00
0.342080	125.00
0.342100	125.00
0.342120	125.00
0.342140	125.00
0.342160	124.00
0.342180	124.00
0.342200	124.00
0.342220	124.00
0.342240	125.00
0.342260	125.00
0.342280	125.00
0.342300	125.00
0.342320	125.00
0.342340	125.00
0.342360	125.00
0.342380	126.00
0.342400	126.00
0.342420	126.00
0.342440	126.00
0.342460	126.00
0.342480	125.00
0.342500	125.00
0.342520	124.00
0.342540	124.00
0.342560	123.00
0.342580	124.00
0.342600	124.00
0.342620	124.00
0.342640	124.00
0.342660	124.00
0.342680	124.00
0.342700	125.00
0.342720	126.00
0.342740	126.00
0.342760	126.00
0.342780	126.00
0.342800	126.00
0.342820	126.00
0.342840	126.00
0.342860	126.00
0.342880	126.00
0.342900	126.00
0.342920	126.00
0.342940	126.00
0.342960	125.00
0.342980	124.00
0.343000	124.00
0.343020	124.00
0.343040	124.00
0.343060	124.00
0.343080	124.00
0.343100	124.00
0.343120	124.00
0.343140	125.00
0.343160	125.00
0.343180	126.00
0.343200	126.00
0.343220	126.00
0.343240	126.00
0.343260	126.00
0.343280	126.00
0.343300	126.00
0.343320	126.00
0.343340	125.00
0.343360	125.00
0.343380	125.00
0.343400	125.00
0.343420	125.00
0.343440	125.00
0.343460	125.00
0.343480	124.00
0.343500	124.00
0.343520	124.00
0.343540	125.00
0.343560	125.00
0.343580	125.00
0.343600	124.00
0.343620	124.00
0.343640	125.00
0.343660	125.00
0.343680	126.00
0.343700	125.00
0.343720	125.00
0.343740	125.00
0.343760	125.00
0.343780	125.00
0.343800	125.00
0.343820	124.00
0.343840	125.00
0.343860	125.00
0.343880	125.00
0.343900	125.00
0.343920	125.00
0.343940	125.00
0.343960	125.00
0.343980	125.00
0.344000	125.00
0.344020	125.00
0.344040	124.00
0.344060	124.00
0.344080	125.00
0.344100	126.00
0.344120	126.00
0.344140	126.00
0.344160	126.00
0.344180	125.00
0.344200	125.00
0.344220	125.00
0.344240	125.00
0.344260	125.00
0.344280	124.00
0.344300	124.00
0.344320	123.00
0.344340	123.00
0.344360	123.00
0.344380	123.00
0.344400	124.00
0.344420	124.00
0.344440	125.00
0.344460	126.00
0.344480	127.00
0.344500	128.00
0.344520	128.00
0.344540	128.00
0.344560	128.00
0.344580	127.00
0.344600	126.00
0.344620	125.00
0.344640	124.00
0.344660	123.00
0.344680	121.00
0.344700	120.00
0.344720	120.00
0.344740	120.00
0.344760	121.00
0.344780	122.00
0.344800	122.00
0.344820	122.00
0.344840	123.00
0.344860	124.00
0.344880	126.00
0.344900	129.00
0.344920	131.00
0.344940	133.00
0.344960	134.00
0.344980	134.00
0.345000	133.00
0.345020	131.00
0.345040	129.00
0.345060	126.00
0.345080	123.00
0.345100	119.00
0.345120	115.00
0.345140	112.00
0.345160	111.00
0.345180	110.00
0.345200	112.00
0.345220	114.00
0.345240	118.00
0.345260	123.00
0.345280	128.00
0.345300	133.00
0.345320	137.00
0.345340	141.00
0.345360	143.00
0.345380	143.00
0.345400	142.00
0.345420	139.00
0.345440	134.00
0.345460	129.00
0.345480	123.00
0.345500	118.00
0.345520	113.00
0.345540	109.00
0.345560	107.00
0.345580	106.00
0.345600	107.00
0.345620	110.00
0.345640	114.00
0.345660	119.00
0.345680	124.00
0.345700	129.00
0.345720	134.00
0.345740	138.00
0.345760	140.00
0.345780	141.00
0.345800	141.00
0.345820	139.00
0.345840	136.00
0.345860	133.00
0.345880	129.00
0.345900	125.00
0.345920	120.00
0.345940	117.00
0.345960	115.00
0.345980	114.00
0.346000	114.00
0.346020	114.00
0.346040	116.00
0.346060	118.00
0.346080	121.00
0.346100	124.00
0.346120	127.00
0.346140	129.00
0.346160	132.00
0.346180	133.00
0.346200	134.00
0.346220	133.00
0.346240	132.00
0.346260	131.00
0.346280	129.00
0.346300	127.00
0.346320	125.00
0.346340	123.00
0.346360	121.00
0.346380	120.00
0.346400	119.00
0.346420	119.00
0.346440	119.00
0.346460	120.00
0.346480	122.00
0.346500	123.00
0.346520	124.00
0.346540	125.00
0.346560	126.00
0.346580	127.00
0.346600	128.00
0.346620	128.00
0.346640	128.00
0.346660	128.00
0.346680	127.00
0.346700	127.00
0.346720	126.00
0.346740	125.00
0.346760	125.00
0.346780	124.00
0.346800	123.00
0.346820	123.00
0.346840	123.00
0.346860	123.00
0.346880	123.00
0.346900	123.00
0.346920	123.00
0.346940	124.00
0.346960	125.00
0.346980	125.00
0.347000	126.00
0.347020	126.00
0.347040	126.00
0.347060	126.00
0.347080	126.00
0.347100	126.00
0.347120	126.00
0.347140	126.00
0.347160	126.00
0.347180	125.00
0.347200	125.00
0.347220	124.00
0.347240	124.00
0.347260	123.00
0.347280	123.00
0.347300	123.00
0.347320	123.00
0.347340	124.00
0.347360	125.00
0.347380	125.00
0.347400	125.00
0.347420	125.00
0.347440	126.00
0.347460	126.00
0.347480	126.00
0.347500	126.00
0.347520	125.00
0.347540	125.00
0.347560	124.00
0.347580	124.00
0.347600	125.00
0.347620	125.00
0.347640	125.00
0.347660	125.00
0.347680	125.00
0.347700	125.00
0.347720	125.00
0.347740	125.00
0.347760	125.00
0.347780	125.00
0.347800	125.00
0.347820	125.00
0.347840	125.00
0.347860	125.00
0.347880	125.00
0.347900	125.00
0.347920	125.00
0.347940	125.00
0.347960	125.00
0.347980	125.00
0.348000	125.00
0.348020	125.00
0.348040	125.00
0.348060	125.00
0.348080	125.00
0.348100	125.00
0.348120	126.00
0.348140	126.00
0.348160	125.00
0.348180	125.00
0.348200	125.00
0.348220	125.00
0.348240	125.00
0.348260	125.00
0.348280	125.00
0.348300	124.00
0.348320	124.00
0.348340	124.00
0.348360	124.00
0.348380	125.00
0.348400	125.00
0.348420	125.00
0.348440	125.00
0.348460	126.00
0.348480	126.00
0.348500	126.00
0.348520	126.00
0.348540	126.00
0.348560	127.00
0.348580	127.00
0.348600	126.00
0.348620	126.00
0.348640	125.00
0.348660	125.00
0.348680	125.00
0.348700	125.00
0.348720	124.00
0.348740	124.00
0.348760	123.00
0.348780	123.00
0.348800	123.00
0.348820	123.00
0.348840	124.00
0.348860	124.00
0.348880	125.00
0.348900	125.00
0.348920	126.00
0.348940	126.00
0.348960	126.00
0.348980	126.00
0.349000	126.00
0.349020	126.00
0.349040	126.00
0.349060	126.00
0.349080	126.00
0.349100	125.00
0.349120	124.00
0.349140	124.00
0.349160	124.00
0.349180	124.00
0.349200	124.00
0.349220	124.00
0.349240	124.00
0.349260	123.00
0.349280	123.00
0.349300	124.00
0.349320	124.00
0.349340	125.00
0.349360	125.00
0.349380	126.00
0.349400	127.00
0.349420	127.00
0.349440	127.00
0.349460	127.00
0.349480	127.00
0.349500	126.00
0.349520	125.00
0.349540	125.00
0.349560	125.00
0.349580	125.00
0.349600	124.00
0.349620	124.00
0.349640	124.00
0.349660	124.00
0.349680	124.00
0.349700	124.00
0.349720	124.00
0.349740	125.00
0.349760	125.00
0.349780	125.00
0.349800	126.00
0.349820	126.00
0.349840	126.00
0.349860	126.00
0.349880	126.00
0.349900	126.00
0.349920	126.00
0.349940	126.00
0.349960	126.00
0.349980	125.00
0.350000	125.00
0.350020	125.00
0.350040	125.00
0.350060	124.00
0.350080	124.00
0.350100	124.00
0.350120	124.00
0.350140	124.00
0.350160	124.00
0.350180	124.00
0.350200	124.00
0.350220	124.00
0.350240	125.00
0.350260	125.00
0.350280	125.00
0.350300	125.00
0.350320	126.00
0.350340	126.00
0.350360	126.00
0.350380	126.00
0.350400	125.00
0.350420	124.00
0.350440	124.00
0.350460	124.00
0.350480	124.00
0.350500	124.00
0.350520	123.00
0.350540	123.00
0.350560	123.00
0.350580	124.00
0.350600	125.00
0.350620	126.00
0.350640	126.00
0.350660	126.00
0.350680	127.00
0.350700	127.00
0.350720	127.00
0.350740	127.00
0.350760	127.00
0.350780	127.00
0.350800	126.00
0.350820	125.00
0.350840	124.00
0.350860	123.00
0.350880	123.00
0.350900	123.00
0.350920	123.00
0.350940	123.00
0.350960	124.00
0.350980	124.00
0.351000	124.00
0.351020	124.00
0.351040	125.00
0.351060	126.00
0.351080	127.00
0.351100	128.00
0.351120	129.00
0.351140	129.00
0.351160	129.00
0.351180	129.00
0.351200	129.00
0.351220	128.00
0.351240	126.00
0.351260	124.00
0.351280	122.00
0.351300	120.00
0.351320	119.00
0.351340	118.00
0.351360	118.00
0.351380	118.00
0.351400	119.00
0.351420	121.00
0.351440	123.00
0.351460	126.00
0.351480	128.00
0.351500	130.00
0.351520	132.00
0.351540	133.00
0.351560	133.00
0.351580	133.00
0.351600	131.00
0.351620	129.00
0.351640	127.00
0.351660	124.00
0.351680	122.00
0.351700	120.00
0.351720	118.00
0.351740	117.00
0.351760	116.00
0.351780	116.00
0.351800	117.00
0.351820	119.00
0.351840	121.00
0.351860	124.00
0.351880	126.00
0.351900	128.00
0.351920	130.00
0.351940	132.00
0.351960	133.00
0.351980	132.00
0.352000	131.00
0.352020	130.00
0.352040	129.00
0.352060	127.00
0.352080	126.00
0.352100	124.00
0.352120	122.00
0.352140	121.00
0.352160	120.00
0.352180	120.00
0.352200	120.00
0.352220	120.00
0.352240	121.00
0.352260	122.00
0.352280	124.00
0.352300	125.00
0.352320	126.00
0.352340	127.00
0.352360	128.00
0.352380	128.00
0.352400	128.00
0.352420	128.00
0.352440	127.00
0.352460	127.00
0.352480	126.00
0.352500	126.00
0.352520	126.00
0.352540	125.00
0.352560	124.00
0.352580	124.00
0.352600	123.00
0.352620	123.00
0.352640	123.00
0.352660	124.00
0.352680	124.00
0.352700	125.00
0.352720	126.00
0.352740	126.00
0.352760	126.00
0.352780	126.00
0.352800	126.00
0.352820	126.00
0.352840	126.00
0.352860	126.00
0.352880	126.00
0.352900	125.00
0.352920	125.00
0.352940	125.00
0.352960	125.00
0.352980	125.00
0.353000	125.00
0.353020	124.00
0.353040	124.00
0.353060	124.00
0.353080	125.00
0.353100	125.00
0.353120	125.00
0.353140	125.00
0.353160	125.00
0.353180	125.00
0.353200	125.00
0.353220	126.00
0.353240	126.00
0.353260	126.00
0.353280	126.00
0.353300	126.00
0.353320	125.00
0.353340	125.00
0.353360	125.00
0.353380	125.00
0.353400	125.00
0.353420	125.00
0.353440	125.00
0.353460	125.00
0.353480	125.00
0.353500	125.00
0.353520	125.00
0.353540	125.00
0.353560	125.00
0.353580	125.00
0.353600	125.00
0.353620	125.00
0.353640	125.00
0.353660	124.00
0.353680	124.00
0.353700	125.00
0.353720	125.00
0.353740	125.00
0.353760	125.00
0.353780	125.00
0.353800	124.00
0.353820	124.00
0.353840	124.00
0.353860	125.00
0.353880	125.00
0.353900	125.00
0.353920	125.00
0.353940	125.00
0.353960	126.00
0.353980	126.00
0.354000	126.00
0.354020	126.00
0.354040	125.00
0.354060	125.00
0.354080	125.00
0.354100	125.00
0.354120	125.00
0.354140	125.00
0.354160	125.00
0.354180	125.00
0.354200	125.00
0.354220	125.00
0.354240	125.00
0.354260	126.00
0.354280	126.00
0.354300	126.00
0.354320	126.00
0.354340	126.00
0.354360	126.00
0.354380	126.00
0.354400	126.00
0.354420	125.00
0.354440	124.00
0.354460	124.00
0.354480	124.00
0.354500	124.00
0.354520	124.00
0.354540	124.00
0.354560	124.00
0.354580	124.00
0.354600	124.00
0.354620	125.00
0.354640	125.00
0.354660	126.00
0.354680	125.00
0.354700	125.00
0.354720	126.00
0.354740	126.00
0.354760	126.00
0.354780	126.00
0.354800	126.00
0.354820	125.00
0.354840	125.00
0.354860	124.00
0.354880	123.00
0.354900	123.00
0.354920	123.00
0.354940	124.00
0.354960	124.00
0.354980	124.00
0.355000	124.00
0.355020	125.00
0.355040	125.00
0.355060	126.00
0.355080	126.00
0.355100	127.00
0.355120	127.00
0.355140	127.00
0.355160	127.00
0.355180	126.00
0.355200	126.00
0.355220	126.00
0.355240	126.00
0.355260	125.00
0.355280	124.00
0.355300	124.00
0.355320	124.00
0.355340	123.00
0.355360	123.00
0.355380	123.00
0.355400	123.00
0.355420	123.00
0.355440	124.00
0.355460	124.00
0.355480	125.00
0.355500	126.00
0.355520	126.00
0.355540	126.00
0.355560	126.00
0.355580	126.00
0.355600	126.00
0.355620	126.00
0.355640	126.00
0.355660	126.00
0.355680	125.00
0.355700	125.00
0.355720	124.00
0.355740	124.00
0.355760	124.00
0.355780	124.00
0.355800	124.00
0.355820	124.00
0.355840	124.00
0.355860	124.00
0.355880	124.00
0.355900	125.00
0.355920	125.00
0.355940	125.00
0.355960	125.00
0.355980	126.00
0.356000	126.00
0.356020	126.00
0.356040	126.00
0.356060	126.00
0.356080	125.00
0.356100	125.00
0.356120	125.00
0.356140	125.00
0.356160	124.00
0.356180	124.00
0.356200	124.00
0.356220	124.00
0.356240	124.00
0.356260	124.00
0.356280	124.00
0.356300	124.00
0.356320	125.00
0.356340	125.00
0.356360	125.00
0.356380	125.00
0.356400	125.00
0.356420	125.00
0.356440	125.00
0.356460	125.00
0.356480	125.00
0.356500	125.00
0.356520	125.00
0.356540	125.00
0.356560	125.00
0.356580	125.00
0.356600	124.00
0.356620	124.00
0.356640	124.00
0.356660	124.00
0.356680	124.00
0.356700	124.00
0.356720	124.00
0.356740	124.00
0.356760	124.00
0.356780	125.00
0.356800	125.00
0.356820	125.00
0.356840	126.00
0.356860	126.00
0.356880	126.00
0.356900	126.00
0.356920	126.00
0.356940	126.00
0.356960	126.00
0.356980	126.00
0.357000	125.00
0.357020	125.00
0.357040	124.00
0.357060	124.00
0.357080	124.00
0.357100	124.00
0.357120	124.00
0.357140	124.00
0.357160	124.00
0.357180	124.00
0.357200	124.00
0.357220	124.00
0.357240	125.00
0.357260	125.00
0.357280	126.00
0.357300	126.00
0.357320	127.00
0.357340	127.00
0.357360	127.00
0.357380	127.00
0.357400	127.00
0.357420	126.00
0.357440	125.00
0.357460	124.00
0.357480	123.00
0.357500	122.00
0.357520	121.00
0.357540	121.00
0.357560	121.00
0.357580	122.00
0.357600	123.00
0.357620	124.00
0.357640	125.00
0.357660	126.00
0.357680	127.00
0.357700	128.00
0.357720	129.00
0.357740	129.00
0.357760	129.00
0.357780	128.00
0.357800	127.00
0.357820	126.00
0.357840	125.00
0.357860	125.00
0.357880	124.00
0.357900	123.00
0.357920	122.00
0.357940	121.00
0.357960	121.00
0.357980	121.00
0.358000	122.00
0.358020	123.00
0.358040	124.00
0.358060	125.00
0.358080	126.00
0.358100	127.00
0.358120	128.00
0.358140	128.00
0.358160	128.00
0.358180	128.00
0.358200	128.00
0.358220	128.00
0.358240	127.00
0.358260	126.00
0.358280	125.00
0.358300	124.00
0.358320	124.00
0.358340	123.00
0.358360	123.00
0.358380	123.00
0.358400	123.00
0.358420	123.00
0.358440	123.00
0.358460	123.00
0.358480	124.00
0.358500	125.00
0.358520	126.00
0.358540	126.00
0.358560	126.00
0.358580	126.00
0.358600	126.00
0.358620	126.00
0.358640	127.00
0.358660	127.00
0.358680	126.00
0.358700	126.00
0.358720	125.00
0.358740	125.00
0.358760	124.00
0.358780	124.00
0.358800	124.00
0.358820	124.00
0.358840	123.00
0.358860	123.00
0.358880	123.00
0.358900	123.00
0.358920	124.00
0.358940	124.00
0.358960	124.00
0.358980	125.00
0.359000	125.00
0.359020	125.00
0.359040	125.00
0.359060	125.00
0.359080	126.00
0.359100	126.00
0.359120	126.00
0.359140	126.00
0.359160	126.00
0.359180	125.00
0.359200	125.00
0.359220	125.00
0.359240	125.00
0.359260	125.00
0.359280	124.00
0.359300	124.00
0.359320	124.00
0.359340	124.00
0.359360	124.00
0.359380	125.00
0.359400	125.00
0.359420	125.00
0.359440	125.00
0.359460	125.00
0.359480	125.00
0.359500	125.00
0.359520	125.00
0.359540	125.00
0.359560	125.00
0.359580	125.00
0.359600	125.00
0.359620	125.00
0.359640	125.00
0.359660	125.00
0.359680	125.00
0.359700	125.00
0.359720	125.00
0.359740	125.00
0.359760	125.00
0.359780	125.00
0.359800	125.00
0.359820	125.00
0.359840	125.00
0.359860	125.00
0.359880	125.00
0.359900	125.00
0.359920	125.00
0.359940	125.00
0.359960	125.00
0.359980	126.00
