0.320000	101.00
0.320020	49.00
0.320040	101.00
0.320060	140.00
0.320080	143.00
0.320100	124.00
0.320120	112.00
0.320140	117.00
0.320160	130.00
0.320180	133.00
0.320200	124.00
0.320220	118.00
0.320240	121.00
0.320260	129.00
0.320280	130.00
0.320300	125.00
0.320320	120.00
0.320340	122.00
0.320360	127.00
0.320380	128.00
0.320400	124.00
0.320420	121.00
0.320440	122.00
0.320460	126.00
0.320480	127.00
0.320500	124.00
0.320520	122.00
0.320540	124.00
0.320560	127.00
0.320580	127.00
0.320600	124.00
0.320620	122.00
0.320640	123.00
0.320660	126.00
0.320680	127.00
0.320700	125.00
0.320720	123.00
0.320740	124.00
0.320760	126.00
0.320780	127.00
0.320800	125.00
0.320820	123.00
0.320840	123.00
0.320860	125.00
0.320880	126.00
0.320900	124.00
0.320920	122.00
0.320940	124.00
0.320960	126.00
0.320980	127.00
0.321000	125.00
0.321020	124.00
0.321040	124.00
0.321060	126.00
0.321080	127.00
0.321100	125.00
0.321120	123.00
0.321140	123.00
0.321160	125.00
0.321180	126.00
0.321200	125.00
0.321220	124.00
0.321240	124.00
0.321260	126.00
0.321280	126.00
0.321300	125.00
0.321320	124.00
0.321340	125.00
0.321360	126.00
0.321380	126.00
0.321400	125.00
0.321420	124.00
0.321440	124.00
0.321460	125.00
0.321480	126.00
0.321500	124.00
0.321520	123.00
0.321540	124.00
0.321560	125.00
0.321580	125.00
0.321600	125.00
0.321620	124.00
0.321640	124.00
0.321660	125.00
0.321680	125.00
0.321700	124.00
0.321720	123.00
0.321740	124.00
0.321760	125.00
0.321780	126.00
0.321800	125.00
0.321820	124.00
0.321840	124.00
0.321860	125.00
0.321880	125.00
0.321900	124.00
0.321920	123.00
0.321940	123.00
0.321960	125.00
0.321980	125.00
0.322000	124.00
0.322020	124.00
0.322040	124.00
0.322060	125.00
0.322080	126.00
0.322100	125.00
0.322120	124.00
0.322140	124.00
0.322160	125.00
0.322180	125.00
0.322200	125.00
0.322220	125.00
0.322240	125.00
0.322260	126.00
0.322280	126.00
0.322300	125.00
0.322320	124.00
0.322340	124.00
0.322360	125.00
0.322380	126.00
0.322400	125.00
0.322420	124.00
0.322440	124.00
0.322460	125.00
0.322480	125.00
0.322500	125.00
0.322520	125.00
0.322540	125.00
0.322560	125.00
0.322580	126.00
0.322600	125.00
0.322620	125.00
0.322640	125.00
0.322660	126.00
0.322680	126.00
0.322700	125.00
0.322720	124.00
0.322740	124.00
0.322760	125.00
0.322780	125.00
0.322800	125.00
0.322820	124.00
0.322840	125.00
0.322860	125.00
0.322880	126.00
0.322900	125.00
0.322920	125.00
0.322940	125.00
0.322960	126.00
0.322980	126.00
0.323000	125.00
0.323020	124.00
0.323040	125.00
0.323060	125.00
0.323080	126.00
0.323100	125.00
0.323120	124.00
0.323140	124.00
0.323160	125.00
0.323180	126.00
0.323200	125.00
0.323220	125.00
0.323240	125.00
0.323260	125.00
0.323280	125.00
0.323300	125.00
0.323320	125.00
0.323340	124.00
0.323360	124.00
0.323380	124.00
0.323400	125.00
0.323420	125.00
0.323440	125.00
0.323460	125.00
0.323480	125.00
0.323500	124.00
0.323520	125.00
0.323540	125.00
0.323560	125.00
0.323580	125.00
0.323600	124.00
0.323620	124.00
0.323640	124.00
0.323660	125.00
0.323680	125.00
0.323700	124.00
0.323720	124.00
0.323740	125.00
0.323760	126.00
0.323780	126.00
0.323800	125.00
0.323820	125.00
0.323840	125.00
0.323860	125.00
0.323880	125.00
0.323900	125.00
0.323920	124.00
0.323940	125.00
0.323960	125.00
0.323980	125.00
0.324000	125.00
0.324020	124.00
0.324040	124.00
0.324060	125.00
0.324080	125.00
0.324100	125.00
0.324120	124.00
0.324140	125.00
0.324160	125.00
0.324180	125.00
0.324200	125.00
0.324220	124.00
0.324240	124.00
0.324260	125.00
0.324280	125.00
0.324300	125.00
0.324320	125.00
0.324340	125.00
0.324360	125.00
0.324380	125.00
0.324400	125.00
0.324420	125.00
0.324440	124.00
0.324460	124.00
0.324480	124.00
0.324500	124.00
0.324520	124.00
0.324540	124.00
0.324560	124.00
0.324580	124.00
0.324600	124.00
0.324620	125.00
0.324640	125.00
0.324660	126.00
0.324680	125.00
0.324700	125.00
0.324720	124.00
0.324740	124.00
0.324760	124.00
0.324780	124.00
0.324800	124.00
0.324820	124.00
0.324840	124.00
0.324860	125.00
0.324880	125.00
0.324900	125.00
0.324920	125.00
0.324940	125.00
0.324960	125.00
0.324980	125.00
0.325000	125.00
0.325020	125.00
0.325040	125.00
0.325060	125.00
0.325080	125.00
0.325100	124.00
0.325120	124.00
0.325140	124.00
0.325160	124.00
0.325180	124.00
0.325200	124.00
0.325220	124.00
0.325240	125.00
0.325260	125.00
0.325280	125.00
0.325300	125.00
0.325320	125.00
0.325340	125.00
0.325360	125.00
0.325380	125.00
0.325400	125.00
0.325420	124.00
0.325440	124.00
0.325460	124.00
0.325480	124.00
0.325500	123.00
0.325520	122.00
0.325540	121.00
0.325560	121.00
0.325580	121.00
0.325600	121.00
0.325620	122.00
0.325640	125.00
0.325660	128.00
0.325680	132.00
0.325700	136.00
0.325720	140.00
0.325740	144.00
0.325760	148.00
0.325780	148.00
0.325800	146.00
0.325820	139.00
0.325840	130.00
0.325860	118.00
0.325880	106.00
0.325900	94.00
0.325920	85.00
0.325940	78.00
0.325960	74.00
0.325980	73.00
0.326000	76.00
0.326020	84.00
0.326040	99.00
0.326060	119.00
0.326080	141.00
0.326100	161.00
0.326120	179.00
0.326140	193.00
0.326160	202.00
0.326180	205.00
0.326200	203.00
0.326220	196.00
0.326240	183.00
0.326260	163.00
0.326280	135.00
0.326300	101.00
0.326320	65.00
0.326340	33.00
0.326360	12.00
0.326380	1.00
0.326400	0.00
0.326420	0.00
0.326440	11.00
0.326460	36.00
0.326480	77.00
0.326500	132.00
0.326520	188.00
0.326540	229.00
0.326560	250.00
0.326580	255.00
0.326600	255.00
0.326620	255.00
0.326640	251.00
0.326660	229.00
0.326680	186.00
0.326700	124.00
0.326720	61.00
0.326740	14.00
0.326760	0.00
0.326780	0.00
0.326800	5.00
0.326820	8.00
0.326840	0.00
0.326860	0.00
0.326880	1.00
0.326900	44.00
0.326920	113.00
0.326940	187.00
0.326960	240.00
0.326980	255.00
0.327000	255.00
0.327020	252.00
0.327040	253.00
0.327060	255.00
0.327080	253.00
0.327100	223.00
0.327120	170.00
0.327140	105.00
0.327160	46.00
0.327180	8.00
0.327200	0.00
0.327220	0.00
0.327240	6.00
0.327260	6.00
0.327280	0.00
0.327300	0.00
0.327320	10.00
0.327340	55.00
0.327360	118.00
0.327380	180.00
0.327400	225.00
0.327420	248.00
0.327440	255.00
0.327460	255.00
0.327480	253.00
0.327500	243.00
0.327520	225.00
0.327540	196.00
0.327560	159.00
0.327580	117.00
0.327600	75.00
0.327620	40.00
0.327640	15.00
0.327660	1.00
0.327680	0.00
0.327700	3.00
0.327720	16.00
0.327740	38.00
0.327760	68.00
0.327780	101.00
0.327800	133.00
0.327820	161.00
0.327840	183.00
0.327860	199.00
0.327880	207.00
0.327900	208.00
0.327920	201.00
0.327940	189.00
0.327960	173.00
0.327980	155.00
0.328000	135.00
0.328020	114.00
0.328040	96.00
0.328060	82.00
0.328080	73.00
0.328100	69.00
0.328120	70.00
0.328140	75.00
0.328160	84.00
0.328180	96.00
0.328200	109.00
0.328220	122.00
0.328240	135.00
0.328260	145.00
0.328280	154.00
0.328300	159.00
0.328320	160.00
0.328340	159.00
0.328360	155.00
0.328380	149.00
0.328400	142.00
0.328420	133.00
0.328440	125.00
0.328460	117.00
0.328480	111.00
0.328500	106.00
0.328520	103.00
0.328540	103.00
0.328560	104.00
0.328580	107.00
0.328600	111.00
0.328620	116.00
0.328640	121.00
0.328660	126.00
0.328680	131.00
0.328700	134.00
0.328720	136.00
0.328740	138.00
0.328760	139.00
0.328780	139.00
0.328800	136.00
0.328820	133.00
0.328840	130.00
0.328860	127.00
0.328880	125.00
0.328900	122.00
0.328920	119.00
0.328940	117.00
0.328960	116.00
0.328980	117.00
0.329000	118.00
0.329020	118.00
0.329040	120.00
0.329060	122.00
0.329080	125.00
0.329100	127.00
0.329120	128.00
0.329140	129.00
0.329160	130.00
0.329180	131.00
0.329200	131.00
0.329220	130.00
0.329240	129.00
0.329260	128.00
0.329280	127.00
0.329300	127.00
0.329320	125.00
0.329340	124.00
0.329360	123.00
0.329380	122.00
0.329400	122.00
0.329420	122.00
0.329440	122.00
0.329460	122.00
0.329480	123.00
0.329500	125.00
0.329520	126.00
0.329540	127.00
0.329560	127.00
0.329580	127.00
0.329600	127.00
0.329620	127.00
0.329640	127.00
0.329660	127.00
0.329680	126.00
0.329700	126.00
0.329720	125.00
0.329740	124.00
0.329760	124.00
0.329780	124.00
0.329800	123.00
0.329820	123.00
0.329840	123.00
0.329860	123.00
0.329880	124.00
0.329900	125.00
0.329920	125.00
0.329940	125.00
0.329960	125.00
0.329980	126.00
0.330000	126.00
0.330020	126.00
0.330040	126.00
0.330060	126.00
0.330080	126.00
0.330100	126.00
0.330120	126.00
0.330140	125.00
0.330160	125.00
0.330180	125.00
0.330200	125.00
0.330220	125.00
0.330240	125.00
0.330260	125.00
0.330280	125.00
0.330300	125.00
0.330320	125.00
0.330340	125.00
0.330360	125.00
0.330380	125.00
0.330400	125.00
0.330420	125.00
0.330440	125.00
0.330460	125.00
0.330480	126.00
0.330500	126.00
0.330520	126.00
0.330540	126.00
0.330560	125.00
0.330580	125.00
0.330600	125.00
0.330620	125.00
0.330640	125.00
0.330660	125.00
0.330680	124.00
0.330700	124.00
0.330720	125.00
0.330740	125.00
0.330760	125.00
0.330780	125.00
0.330800	125.00
0.330820	125.00
0.330840	125.00
0.330860	126.00
0.330880	126.00
0.330900	126.00
0.330920	126.00
0.330940	125.00
0.330960	125.00
0.330980	125.00
0.331000	125.00
0.331020	125.00
0.331040	125.00
0.331060	125.00
0.331080	125.00
0.331100	125.00
0.331120	125.00
0.331140	125.00
0.331160	125.00
0.331180	125.00
0.331200	125.00
0.331220	125.00
0.331240	125.00
0.331260	125.00
0.331280	125.00
0.331300	125.00
0.331320	125.00
0.331340	125.00
0.331360	125.00
0.331380	125.00
0.331400	125.00
0.331420	125.00
0.331440	125.00
0.331460	125.00
0.331480	125.00
0.331500	125.00
0.331520	125.00
0.331540	125.00
0.331560	125.00
0.331580	125.00
0.331600	125.00
0.331620	125.00
0.331640	125.00
0.331660	125.00
0.331680	125.00
0.331700	125.00
0.331720	125.00
0.331740	126.00
0.331760	126.00
0.331780	126.00
0.331800	126.00
0.331820	126.00
0.331840	125.00
0.331860	124.00
0.331880	123.00
0.331900	121.00
0.331920	120.00
0.331940	120.00
0.331960	120.00
0.331980	120.00
0.332000	122.00
0.332020	124.00
0.332040	127.00
0.332060	131.00
0.332080	134.00
0.332100	136.00
0.332120	137.00
0.332140	137.00
0.332160	137.00
0.332180	135.00
0.332200	132.00
0.332220	128.00
0.332240	123.00
0.332260	118.00
0.332280	113.00
0.332300	108.00
0.332320	105.00
0.332340	105.00
0.332360	106.00
0.332380	109.00
0.332400	112.00
0.332420	116.00
0.332440	120.00
0.332460	126.00
0.332480	133.00
0.332500	141.00
0.332520	149.00
0.332540	155.00
0.332560	159.00
0.332580	160.00
0.332600	157.00
0.332620	151.00
0.332640	142.00
0.332660	130.00
0.332680	116.00
0.332700	102.00
0.332720	88.00
0.332740	77.00
0.332760	70.00
0.332780	68.00
0.332800	71.00
0.332820	80.00
0.332840	95.00
0.332860	113.00
0.332880	134.00
0.332900	154.00
0.332920	172.00
0.332940	186.00
0.332960	194.00
0.332980	196.00
0.333000	192.00
0.333020	182.00
0.333040	166.00
0.333060	147.00
0.333080	124.00
0.333100	101.00
0.333120	80.00
0.333140	63.00
0.333160	52.00
0.333180	47.00
0.333200	49.00
0.333220	58.00
0.333240	72.00
0.333260	90.00
0.333280	111.00
0.333300	133.00
0.333320	153.00
0.333340	171.00
0.333360	184.00
0.333380	191.00
0.333400	192.00
0.333420	187.00
0.333440	178.00
0.333460	165.00
0.333480	148.00
0.333500	130.00
0.333520	112.00
0.333540	96.00
0.333560	83.00
0.333580	75.00
0.333600	71.00
0.333620	72.00
0.333640	77.00
0.333660	86.00
0.333680	98.00
0.333700	110.00
0.333720	124.00
0.333740	137.00
0.333760	148.00
0.333780	157.00
0.333800	162.00
0.333820	164.00
0.333840	162.00
0.333860	157.00
0.333880	150.00
0.333900	142.00
0.333920	132.00
0.333940	123.00
0.333960	115.00
0.333980	108.00
0.334000	103.00
0.334020	100.00
0.334040	100.00
0.334060	101.00
0.334080	105.00
0.334100	110.00
0.334120	116.00
0.334140	122.00
0.334160	128.00
0.334180	132.00
0.334200	136.00
0.334220	139.00
0.334240	141.00
0.334260	141.00
0.334280	140.00
0.334300	138.00
0.334320	135.00
0.334340	131.00
0.334360	127.00
0.334380	124.00
0.334400	120.00
0.334420	118.00
0.334440	116.00
0.334460	115.00
0.334480	115.00
0.334500	116.00
0.334520	117.00
0.334540	119.00
0.334560	122.00
0.334580	124.00
0.334600	126.00
0.334620	128.00
0.334640	130.00
0.334660	131.00
0.334680	131.00
0.334700	131.00
0.334720	130.00
0.334740	130.00
0.334760	129.00
0.334780	127.00
0.334800	126.00
0.334820	125.00
0.334840	124.00
0.334860	123.00
0.334880	122.00
0.334900	122.00
0.334920	121.00
0.334940	121.00
0.334960	121.00
0.334980	122.00
0.335000	123.00
0.335020	124.00
0.335040	125.00
0.335060	126.00
0.335080	127.00
0.335100	127.00
0.335120	127.00
0.335140	127.00
0.335160	127.00
0.335180	127.00
0.335200	127.00
0.335220	126.00
0.335240	126.00
0.335260	126.00
0.335280	125.00
0.335300	124.00
0.335320	123.00
0.335340	123.00
0.335360	123.00
0.335380	124.00
0.335400	124.00
0.335420	124.00
0.335440	124.00
0.335460	124.00
0.335480	125.00
0.335500	125.00
0.335520	125.00
0.335540	126.00
0.335560	126.00
0.335580	126.00
0.335600	126.00
0.335620	126.00
0.335640	126.00
0.335660	126.00
0.335680	126.00
0.335700	126.00
0.335720	125.00
0.335740	125.00
0.335760	125.00
0.335780	125.00
0.335800	125.00
0.335820	125.00
0.335840	124.00
0.335860	125.00
0.335880	125.00
0.335900	125.00
0.335920	125.00
0.335940	125.00
0.335960	125.00
0.335980	125.00
0.336000	125.00
0.336020	125.00
0.336040	125.00
0.336060	125.00
0.336080	125.00
0.336100	125.00
0.336120	125.00
0.336140	125.00
0.336160	125.00
0.336180	126.00
0.336200	126.00
0.336220	126.00
0.336240	126.00
0.336260	126.00
0.336280	126.00
0.336300	126.00
0.336320	125.00
0.336340	125.00
0.336360	125.00
0.336380	125.00
0.336400	125.00
0.336420	125.00
0.336440	124.00
0.336460	124.00
0.336480	125.00
0.336500	125.00
0.336520	125.00
0.336540	125.00
0.336560	125.00
0.336580	126.00
0.336600	126.00
0.336620	126.00
0.336640	126.00
0.336660	126.00
0.336680	125.00
0.336700	125.00
0.336720	125.00
0.336740	124.00
0.336760	124.00
0.336780	124.00
0.336800	125.00
0.336820	125.00
0.336840	125.00
0.336860	125.00
0.336880	125.00
0.336900	125.00
0.336920	125.00
0.336940	125.00
0.336960	125.00
0.336980	125.00
0.337000	125.00
0.337020	125.00
0.337040	126.00
0.337060	126.00
0.337080	125.00
0.337100	125.00
0.337120	125.00
0.337140	125.00
0.337160	125.00
0.337180	125.00
0.337200	125.00
0.337220	125.00
0.337240	125.00
0.337260	125.00
0.337280	125.00
0.337300	125.00
0.337320	125.00
0.337340	125.00
0.337360	125.00
0.337380	125.00
0.337400	125.00
0.337420	125.00
0.337440	125.00
0.337460	125.00
0.337480	125.00
0.337500	125.00
0.337520	125.00
0.337540	125.00
0.337560	125.00
0.337580	125.00
0.337600	124.00
0.337620	124.00
0.337640	124.00
0.337660	124.00
0.337680	124.00
0.337700	124.00
0.337720	125.00
0.337740	125.00
0.337760	125.00
0.337780	125.00
0.337800	125.00
0.337820	125.00
0.337840	125.00
0.337860	126.00
0.337880	126.00
0.337900	126.00
0.337920	126.00
0.337940	126.00
0.337960	126.00
0.337980	125.00
0.338000	125.00
0.338020	124.00
0.338040	124.00
0.338060	124.00
0.338080	123.00
0.338100	123.00
0.338120	122.00
0.338140	122.00
0.338160	122.00
0.338180	123.00
0.338200	124.00
0.338220	126.00
0.338240	129.00
0.338260	131.00
0.338280	132.00
0.338300	132.00
0.338320	131.00
0.338340	130.00
0.338360	129.00
0.338380	128.00
0.338400	126.00
0.338420	124.00
0.338440	121.00
0.338460	118.00
0.338480	116.00
0.338500	115.00
0.338520	115.00
0.338540	116.00
0.338560	118.00
0.338580	120.00
0.338600	121.00
0.338620	122.00
0.338640	125.00
0.338660	129.00
0.338680	134.00
0.338700	138.00
0.338720	141.00
0.338740	143.00
0.338760	143.00
0.338780	141.00
0.338800	138.00
0.338820	132.00
0.338840	126.00
0.338860	120.00
0.338880	112.00
0.338900	105.00
0.338920	99.00
0.338940	95.00
0.338960	95.00
0.338980	98.00
0.339000	104.00
0.339020	112.00
0.339040	123.00
0.339060	134.00
0.339080	144.00
0.339100	152.00
0.339120	158.00
0.339140	162.00
0.339160	162.00
0.339180	158.00
0.339200	152.00
0.339220	143.00
0.339240	132.00
0.339260	120.00
0.339280	109.00
0.339300	99.00
0.339320	91.00
0.339340	87.00
0.339360	86.00
0.339380	89.00
0.339400	94.00
0.339420	102.00
0.339440	112.00
0.339460	123.00
0.339480	134.00
0.339500	144.00
0.339520	152.00
0.339540	157.00
0.339560	159.00
0.339580	159.00
0.339600	155.00
0.339620	149.00
0.339640	141.00
0.339660	131.00
0.339680	122.00
0.339700	113.00
0.339720	106.00
0.339740	101.00
0.339760	98.00
0.339780	98.00
0.339800	100.00
0.339820	103.00
0.339840	109.00
0.339860	115.00
0.339880	122.00
0.339900	129.00
0.339920	135.00
0.339940	140.00
0.339960	143.00
0.339980	144.00
0.340000	144.00
0.340020	142.00
0.340040	139.00
0.340060	135.00
0.340080	130.00
0.340100	125.00
0.340120	121.00
0.340140	118.00
0.340160	115.00
0.340180	113.00
0.340200	112.00
0.340220	113.00
0.340240	114.00
0.340260	117.00
0.340280	119.00
0.340300	122.00
0.340320	125.00
0.340340	128.00
0.340360	130.00
0.340380	132.00
0.340400	132.00
0.340420	132.00
0.340440	132.00
0.340460	131.00
0.340480	130.00
0.340500	128.00
0.340520	126.00
0.340540	125.00
0.340560	123.00
0.340580	122.00
0.340600	121.00
0.340620	120.00
0.340640	120.00
0.340660	121.00
0.340680	122.00
0.340700	123.00
0.340720	124.00
0.340740	125.00
0.340760	126.00
0.340780	127.00
0.340800	128.00
0.340820	128.00
0.340840	128.00
0.340860	128.00
0.340880	128.00
0.340900	127.00
0.340920	126.00
0.340940	126.00
0.340960	126.00
0.340980	125.00
0.341000	124.00
0.341020	123.00
0.341040	123.00
0.341060	123.00
0.341080	123.00
0.341100	123.00
0.341120	123.00
0.341140	123.00
0.341160	124.00
0.341180	125.00
0.341200	126.00
0.341220	126.00
0.341240	126.00
0.341260	126.00
0.341280	127.00
0.341300	127.00
0.341320	127.00
0.341340	126.00
0.341360	126.00
0.341380	126.00
0.341400	126.00
0.341420	125.00
0.341440	125.00
0.341460	125.00
0.341480	125.00
0.341500	124.00
0.341520	124.00
0.341540	124.00
0.341560	124.00
0.341580	125.00
0.341600	125.00
0.341620	125.00
0.341640	124.00
0.341660	124.00
0.341680	125.00
0.341700	125.00
0.341720	125.00
0.341740	125.00
0.341760	125.00
0.341780	126.00
0.341800	126.00
0.341820	126.00
0.341840	126.00
0.341860	125.00
0.341880	125.00
0.341900	125.00
0.341920	125.00
0.341940	125.00
0.341960	125.00
0.341980	125.00
0.342000	125.00
0.342020	125.00
0.342040	125.00
0.342060	124.00
0.342080	124.00
0.342100	124.00
0.342120	124.00
0.342140	124.00
0.342160	124.00
0.342180	124.00
0.342200	124.00
0.342220	125.00
0.342240	125.00
0.342260	126.00
0.342280	126.00
0.342300	126.00
0.342320	126.00
0.342340	126.00
0.342360	126.00
0.342380	126.00
0.342400	126.00
0.342420	126.00
0.342440	125.00
0.342460	125.00
0.342480	124.00
0.342500	124.00
0.342520	124.00
0.342540	124.00
0.342560	123.00
0.342580	123.00
0.342600	123.00
0.342620	123.00
0.342640	124.00
0.342660	124.00
0.342680	125.00
0.342700	126.00
0.342720	126.00
0.342740	126.00
0.342760	126.00
0.342780	126.00
0.342800	126.00
0.342820	126.00
0.342840	126.00
0.342860	125.00
0.342880	125.00
0.342900	125.00
0.342920	125.00
0.342940	125.00
0.342960	124.00
0.342980	124.00
0.343000	124.00
0.343020	124.00
0.343040	124.00
0.343060	124.00
0.343080	124.00
0.343100	124.00
0.343120	125.00
0.343140	125.00
0.343160	125.00
0.343180	125.00
0.343200	126.00
0.343220	126.00
0.343240	126.00
0.343260	126.00
0.343280	126.00
0.343300	126.00
0.343320	126.00
0.343340	126.00
0.343360	126.00
0.343380	125.00
0.343400	125.00
0.343420	125.00
0.343440	125.00
0.343460	125.00
0.343480	125.00
0.343500	125.00
0.343520	125.00
0.343540	125.00
0.343560	125.00
0.343580	125.00
0.343600	124.00
0.343620	124.00
0.343640	125.00
0.343660	126.00
0.343680	126.00
0.343700	126.00
0.343720	126.00
0.343740	125.00
0.343760	125.00
0.343780	125.00
0.343800	125.00
0.343820	125.00
0.343840	125.00
0.343860	125.00
0.343880	125.00
0.343900	125.00
0.343920	125.00
0.343940	125.00
0.343960	125.00
0.343980	125.00
0.344000	125.00
0.344020	125.00
0.344040	125.00
0.344060	125.00
0.344080	125.00
0.344100	126.00
0.344120	126.00
0.344140	126.00
0.344160	126.00
0.344180	125.00
0.344200	125.00
0.344220	125.00
0.344240	125.00
0.344260	124.00
0.344280	123.00
0.344300	123.00
0.344320	123.00
0.344340	124.00
0.344360	124.00
0.344380	125.00
0.344400	126.00
0.344420	127.00
0.344440	128.00
0.344460	129.00
0.344480	129.00
0.344500	128.00
0.344520	128.00
0.344540	127.00
0.344560	127.00
0.344580	126.00
0.344600	125.00
0.344620	123.00
0.344640	121.00
0.344660	120.00
0.344680	120.00
0.344700	120.00
0.344720	121.00
0.344740	122.00
0.344760	122.00
0.344780	123.00
0.344800	123.00
0.344820	124.00
0.344840	126.00
0.344860	128.00
0.344880	131.00
0.344900	133.00
0.344920	134.00
0.344940	134.00
0.344960	133.00
0.344980	132.00
0.345000	129.00
0.345020	126.00
0.345040	123.00
0.345060	119.00
0.345080	115.00
0.345100	112.00
0.345120	110.00
0.345140	110.00
0.345160	111.00
0.345180	114.00
0.345200	119.00
0.345220	124.00
0.345240	129.00
0.345260	134.00
0.345280	139.00
0.345300	142.00
0.345320	143.00
0.345340	143.00
0.345360	141.00
0.345380	138.00
0.345400	134.00
0.345420	128.00
0.345440	122.00
0.345460	117.00
0.345480	112.00
0.345500	109.00
0.345520	107.00
0.345540	107.00
0.345560	108.00
0.345580	110.00
0.345600	114.00
0.345620	119.00
0.345640	125.00
0.345660	130.00
0.345680	135.00
0.345700	138.00
0.345720	140.00
0.345740	141.00
0.345760	140.00
0.345780	138.00
0.345800	135.00
0.345820	131.00
0.345840	127.00
0.345860	123.00
0.345880	120.00
0.345900	117.00
0.345920	114.00
0.345940	113.00
0.345960	113.00
0.345980	114.00
0.346000	116.00
0.346020	118.00
0.346040	121.00
0.346060	124.00
0.346080	127.00
0.346100	129.00
0.346120	131.00
0.346140	132.00
0.346160	133.00
0.346180	133.00
0.346200	132.00
0.346220	130.00
0.346240	128.00
0.346260	127.00
0.346280	125.00
0.346300	124.00
0.346320	122.00
0.346340	120.00
0.346360	119.00
0.346380	119.00
0.346400	120.00
0.346420	121.00
0.346440	122.00
0.346460	123.00
0.346480	124.00
0.346500	125.00
0.346520	126.00
0.346540	127.00
0.346560	128.00
0.346580	128.00
0.346600	128.00
0.346620	128.00
0.346640	128.00
0.346660	128.00
0.346680	127.00
0.346700	126.00
0.346720	125.00
0.346740	124.00
0.346760	123.00
0.346780	123.00
0.346800	123.00
0.346820	123.00
0.346840	124.00
0.346860	124.00
0.346880	125.00
0.346900	125.00
0.346920	125.00
0.346940	125.00
0.346960	125.00
0.346980	126.00
0.347000	126.00
0.347020	126.00
0.347040	126.00
0.347060	126.00
0.347080	126.00
0.347100	126.00
0.347120	125.00
0.347140	125.00
0.347160	125.00
0.347180	124.00
0.347200	124.00
0.347220	124.00
0.347240	124.00
0.347260	124.00
0.347280	124.00
0.347300	124.00
0.347320	124.00
0.347340	125.00
0.347360	125.00
0.347380	125.00
0.347400	125.00
0.347420	125.00
0.347440	125.00
0.347460	125.00
0.347480	125.00
0.347500	125.00
0.347520	125.00
0.347540	126.00
0.347560	125.00
0.347580	125.00
0.347600	125.00
0.347620	125.00
0.347640	125.00
0.347660	125.00
0.347680	126.00
0.347700	126.00
0.347720	125.00
0.347740	125.00
0.347760	125.00
0.347780	125.00
0.347800	125.00
0.347820	125.00
0.347840	125.00
0.347860	125.00
0.347880	125.00
0.347900	125.00
0.347920	125.00
0.347940	125.00
0.347960	124.00
0.347980	125.00
0.348000	125.00
0.348020	126.00
0.348040	126.00
0.348060	126.00
0.348080	126.00
0.348100	125.00
0.348120	125.00
0.348140	125.00
0.348160	125.00
0.348180	125.00
0.348200	125.00
0.348220	124.00
0.348240	124.00
0.348260	124.00
0.348280	125.00
0.348300	124.00
0.348320	124.00
0.348340	124.00
0.348360	124.00
0.348380	125.00
0.348400	125.00
0.348420	125.00
0.348440	125.00
0.348460	125.00
0.348480	126.00
0.348500	126.00
0.348520	126.00
0.348540	126.00
0.348560	126.00
0.348580	125.00
0.348600	125.00
0.348620	125.00
0.348640	125.00
0.348660	125.00
0.348680	124.00
0.348700	123.00
0.348720	123.00
0.348740	123.00
0.348760	124.00
0.348780	124.00
0.348800	124.00
0.348820	124.00
0.348840	124.00
0.348860	125.00
0.348880	125.00
0.348900	126.00
0.348920	126.00
0.348940	127.00
0.348960	127.00
0.348980	127.00
0.349000	127.00
0.349020	126.00
0.349040	125.00
0.349060	125.00
0.349080	124.00
0.349100	124.00
0.349120	124.00
0.349140	124.00
0.349160	123.00
0.349180	123.00
0.349200	123.00
0.349220	123.00
0.349240	124.00
0.349260	124.00
0.349280	125.00
0.349300	125.00
0.349320	126.00
0.349340	126.00
0.349360	126.00
0.349380	126.00
0.349400	126.00
0.349420	126.00
0.349440	126.00
0.349460	126.00
0.349480	126.00
0.349500	126.00
0.349520	125.00
0.349540	125.00
0.349560	124.00
0.349580	124.00
0.349600	124.00
0.349620	124.00
0.349640	124.00
0.349660	124.00
0.349680	125.00
0.349700	125.00
0.349720	125.00
0.349740	125.00
0.349760	125.00
0.349780	125.00
0.349800	125.00
0.349820	125.00
0.349840	125.00
0.349860	125.00
0.349880	125.00
0.349900	125.00
0.349920	125.00
0.349940	125.00
0.349960	125.00
0.349980	125.00
0.350000	124.00
0.350020	124.00
0.350040	124.00
0.350060	124.00
0.350080	124.00
0.350100	124.00
0.350120	124.00
0.350140	124.00
0.350160	124.00
0.350180	124.00
0.350200	124.00
0.350220	125.00
0.350240	125.00
0.350260	125.00
0.350280	125.00
0.350300	125.00
0.350320	126.00
0.350340	126.00
0.350360	126.00
0.350380	126.00
0.350400	125.00
0.350420	124.00
0.350440	124.00
0.350460	124.00
0.350480	124.00
0.350500	123.00
0.350520	123.00
0.350540	123.00
0.350560	124.00
0.350580	125.00
0.350600	126.00
0.350620	126.00
0.350640	126.00
0.350660	127.00
0.350680	127.00
0.350700	126.00
0.350720	126.00
0.350740	125.00
0.350760	125.00
0.350780	125.00
0.350800	125.00
0.350820	124.00
0.350840	123.00
0.350860	123.00
0.350880	123.00
0.350900	124.00
0.350920	124.00
0.350940	124.00
0.350960	124.00
0.350980	124.00
0.351000	125.00
0.351020	126.00
0.351040	127.00
0.351060	128.00
0.351080	129.00
0.351100	129.00
0.351120	129.00
0.351140	129.00
0.351160	128.00
0.351180	127.00
0.351200	126.00
0.351220	124.00
0.351240	122.00
0.351260	120.00
0.351280	119.00
0.351300	118.00
0.351320	118.00
0.351340	119.00
0.351360	120.00
0.351380	122.00
0.351400	125.00
0.351420	127.00
0.351440	129.00
0.351460	131.00
0.351480	132.00
0.351500	133.00
0.351520	133.00
0.351540	133.00
0.351560	132.00
0.351580	130.00
0.351600	128.00
0.351620	125.00
0.351640	123.00
0.351660	120.00
0.351680	118.00
0.351700	117.00
0.351720	117.00
0.351740	117.00
0.351760	118.00
0.351780	119.00
0.351800	121.00
0.351820	123.00
0.351840	126.00
0.351860	128.00
0.351880	130.00
0.351900	131.00
0.351920	132.00
0.351940	132.00
0.351960	131.00
0.351980	130.00
0.352000	128.00
0.352020	127.00
0.352040	125.00
0.352060	124.00
0.352080	122.00
0.352100	121.00
0.352120	120.00
0.352140	120.00
0.352160	120.00
0.352180	121.00
0.352200	122.00
0.352220	123.00
0.352240	124.00
0.352260	125.00
0.352280	126.00
0.352300	127.00
0.352320	128.00
0.352340	128.00
0.352360	128.00
0.352380	128.00
0.352400	127.00
0.352420	127.00
0.352440	126.00
0.352460	126.00
0.352480	125.00
0.352500	125.00
0.352520	125.00
0.352540	124.00
0.352560	123.00
0.352580	123.00
0.352600	123.00
0.352620	123.00
0.352640	124.00
0.352660	125.00
0.352680	125.00
0.352700	125.00
0.352720	125.00
0.352740	126.00
0.352760	126.00
0.352780	126.00
0.352800	126.00
0.352820	126.00
0.352840	126.00
0.352860	126.00
0.352880	126.00
0.352900	125.00
0.352920	124.00
0.352940	124.00
0.352960	124.00
0.352980	125.00
0.353000	125.00
0.353020	125.00
0.353040	124.00
0.353060	124.00
0.353080	124.00
0.353100	125.00
0.353120	124.00
0.353140	124.00
0.353160	124.00
0.353180	125.00
0.353200	125.00
0.353220	125.00
0.353240	125.00
0.353260	124.00
0.353280	124.00
0.353300	125.00
0.353320	125.00
0.353340	125.00
0.353360	125.00
0.353380	125.00
0.353400	124.00
0.353420	125.00
0.353440	125.00
0.353460	125.00
0.353480	125.00
0.353500	125.00
0.353520	125.00
0.353540	125.00
0.353560	125.00
0.353580	126.00
0.353600	126.00
0.353620	125.00
0.353640	125.00
0.353660	124.00
0.353680	124.00
0.353700	124.00
0.353720	124.00
0.353740	124.00
0.353760	124.00
0.353780	124.00
0.353800	125.00
0.353820	126.00
0.353840	126.00
0.353860	126.00
0.353880	125.00
0.353900	125.00
0.353920	125.00
0.353940	126.00
0.353960	126.00
0.353980	126.00
0.354000	125.00
0.354020	125.00
0.354040	125.00
0.354060	124.00
0.354080	124.00
0.354100	124.00
0.354120	124.00
0.354140	125.00
0.354160	125.00
0.354180	125.00
0.354200	125.00
0.354220	125.00
0.354240	125.00
0.354260	126.00
0.354280	126.00
0.354300	126.00
0.354320	126.00
0.354340	126.00
0.354360	125.00
0.354380	125.00
0.354400	124.00
0.354420	124.00
0.354440	124.00
0.354460	124.00
0.354480	124.00
0.354500	124.00
0.354520	124.00
0.354540	124.00
0.354560	124.00
0.354580	124.00
0.354600	124.00
0.354620	125.00
0.354640	126.00
0.354660	126.00
0.354680	126.00
0.354700	126.00
0.354720	126.00
0.354740	126.00
0.354760	126.00
0.354780	126.00
0.354800	125.00
0.354820	124.00
0.354840	124.00
0.354860	124.00
0.354880	124.00
0.354900	124.00
0.354920	124.00
0.354940	124.00
0.354960	124.00
0.354980	124.00
0.355000	125.00
0.355020	125.00
0.355040	126.00
0.355060	126.00
0.355080	126.00
0.355100	126.00
0.355120	126.00
0.355140	126.00
0.355160	126.00
0.355180	126.00
0.355200	126.00
0.355220	125.00
0.355240	125.00
0.355260	125.00
0.355280	124.00
0.355300	123.00
0.355320	123.00
0.355340	123.00
0.355360	124.00
0.355380	124.00
0.355400	124.00
0.355420	124.00
0.355440	125.00
0.355460	125.00
0.355480	126.00
0.355500	126.00
0.355520	126.00
0.355540	126.00
0.355560	126.00
0.355580	126.00
0.355600	126.00
0.355620	125.00
0.355640	125.00
0.355660	125.00
0.355680	125.00
0.355700	125.00
0.355720	124.00
0.355740	124.00
0.355760	124.00
0.355780	124.00
0.355800	124.00
0.355820	124.00
0.355840	124.00
0.355860	124.00
0.355880	125.00
0.355900	125.00
0.355920	126.00
0.355940	126.00
0.355960	126.00
0.355980	126.00
0.356000	126.00
0.356020	126.00
0.356040	126.00
0.356060	125.00
0.356080	125.00
0.356100	125.00
0.356120	124.00
0.356140	124.00
0.356160	124.00
0.356180	124.00
0.356200	125.00
0.356220	125.00
0.356240	125.00
0.356260	125.00
0.356280	125.00
0.356300	125.00
0.356320	125.00
0.356340	125.00
0.356360	125.00
0.356380	125.00
0.356400	125.00
0.356420	125.00
0.356440	125.00
0.356460	125.00
0.356480	125.00
0.356500	125.00
0.356520	125.00
0.356540	125.00
0.356560	125.00
0.356580	125.00
0.356600	124.00
0.356620	124.00
0.356640	124.00
0.356660	124.00
0.356680	124.00
0.356700	124.00
0.356720	124.00
0.356740	125.00
0.356760	125.00
0.356780	126.00
0.356800	126.00
0.356820	126.00
0.356840	126.00
0.356860	126.00
0.356880	126.00
0.356900	125.00
0.356920	125.00
0.356940	125.00
0.356960	125.00
0.356980	124.00
0.357000	124.00
0.357020	124.00
0.357040	124.00
0.357060	124.00
0.357080	125.00
0.357100	125.00
0.357120	125.00
0.357140	125.00
0.357160	124.00
0.357180	124.00
0.357200	124.00
0.357220	125.00
0.357240	126.00
0.357260	127.00
0.357280	127.00
0.357300	127.00
0.357320	126.00
0.357340	126.00
0.357360	126.00
0.357380	126.00
0.357400	125.00
0.357420	124.00
0.357440	123.00
0.357460	122.00
0.357480	122.00
0.357500	121.00
0.357520	121.00
0.357540	122.00
0.357560	123.00
0.357580	124.00
0.357600	125.00
0.357620	126.00
0.357640	126.00
0.357660	127.00
0.357680	128.00
0.357700	129.00
0.357720	129.00
0.357740	129.00
0.357760	128.00
0.357780	127.00
0.357800	126.00
0.357820	125.00
0.357840	124.00
0.357860	123.00
0.357880	122.00
0.357900	122.00
0.357920	121.00
0.357940	122.00
0.357960	122.00
0.357980	123.00
0.358000	124.00
0.358020	124.00
0.358040	125.00
0.358060	126.00
0.358080	127.00
0.358100	128.00
0.358120	128.00
0.358140	128.00
0.358160	128.00
0.358180	128.00
0.358200	127.00
0.358220	126.00
0.358240	126.00
0.358260	125.00
0.358280	124.00
0.358300	123.00
0.358320	123.00
0.358340	122.00
0.358360	122.00
0.358380	122.00
0.358400	122.00
0.358420	123.00
0.358440	123.00
0.358460	124.00
0.358480	125.00
0.358500	126.00
0.358520	126.00
0.358540	126.00
0.358560	126.00
0.358580	127.00
0.358600	127.00
0.358620	127.00
0.358640	126.00
0.358660	125.00
0.358680	125.00
0.358700	124.00
0.358720	124.00
0.358740	124.00
0.358760	124.00
0.358780	124.00
0.358800	124.00
0.358820	124.00
0.358840	124.00
0.358860	124.00
0.358880	124.00
0.358900	124.00
0.358920	124.00
0.358940	125.00
0.358960	125.00
0.358980	126.00
0.359000	126.00
0.359020	126.00
0.359040	126.00
0.359060	126.00
0.359080	125.00
0.359100	125.00
0.359120	125.00
0.359140	125.00
0.359160	125.00
0.359180	125.00
0.359200	125.00
0.359220	124.00
0.359240	124.00
0.359260	124.00
0.359280	124.00
0.359300	124.00
0.359320	124.00
0.359340	124.00
0.359360	124.00
0.359380	125.00
0.359400	125.00
0.359420	125.00
0.359440	125.00
0.359460	125.00
0.359480	125.00
0.359500	125.00
0.359520	125.00
0.359540	125.00
0.359560	125.00
0.359580	125.00
0.359600	125.00
0.359620	125.00
0.359640	125.00
0.359660	125.00
0.359680	125.00
0.359700	125.00
0.359720	125.00
0.359740	125.00
0.359760	125.00
0.359780	125.00
0.359800	125.00
0.359820	125.00
0.359840	125.00
0.359860	125.00
0.359880	125.00
0.359900	125.00
0.359920	125.00
0.359940	125.00
0.359960	125.00
0.359980	126.00
