0.410000	101.00
0.410020	49.00
0.410040	102.00
0.410060	141.00
0.410080	144.00
0.410100	125.00
0.410120	112.00
0.410140	118.00
0.410160	130.00
0.410180	133.00
0.410200	125.00
0.410220	118.00
0.410240	121.00
0.410260	128.00
0.410280	130.00
0.410300	124.00
0.410320	120.00
0.410340	122.00
0.410360	128.00
0.410380	129.00
0.410400	125.00
0.410420	121.00
0.410440	122.00
0.410460	127.00
0.410480	128.00
0.410500	125.00
0.410520	122.00
0.410540	123.00
0.410560	126.00
0.410580	127.00
0.410600	124.00
0.410620	122.00
0.410640	123.00
0.410660	126.00
0.410680	127.00
0.410700	125.00
0.410720	124.00
0.410740	125.00
0.410760	127.00
0.410780	127.00
0.410800	125.00
0.410820	123.00
0.410840	124.00
0.410860	126.00
0.410880	126.00
0.410900	124.00
0.410920	123.00
0.410940	124.00
0.410960	126.00
0.410980	127.00
0.411000	125.00
0.411020	123.00
0.411040	123.00
0.411060	125.00
0.411080	126.00
0.411100	125.00
0.411120	124.00
0.411140	124.00
0.411160	125.00
0.411180	125.00
0.411200	124.00
0.411220	123.00
0.411240	124.00
0.411260	125.00
0.411280	125.00
0.411300	124.00
0.411320	123.00
0.411340	124.00
0.411360	125.00
0.411380	125.00
0.411400	124.00
0.411420	123.00
0.411440	123.00
0.411460	125.00
0.411480	126.00
0.411500	125.00
0.411520	124.00
0.411540	124.00
0.411560	125.00
0.411580	125.00
0.411600	124.00
0.411620	123.00
0.411640	124.00
0.411660	125.00
0.411680	125.00
0.411700	124.00
0.411720	124.00
0.411740	125.00
0.411760	126.00
0.411780	126.00
0.411800	125.00
0.411820	124.00
0.411840	124.00
0.411860	126.00
0.411880	126.00
0.411900	125.00
0.411920	123.00
0.411940	124.00
0.411960	125.00
0.411980	125.00
0.412000	124.00
0.412020	123.00
0.412040	124.00
0.412060	125.00
0.412080	126.00
0.412100	125.00
0.412120	124.00
0.412140	124.00
0.412160	125.00
0.412180	126.00
0.412200	125.00
0.412220	125.00
0.412240	125.00
0.412260	125.00
0.412280	125.00
0.412300	125.00
0.412320	124.00
0.412340	124.00
0.412360	125.00
0.412380	125.00
0.412400	125.00
0.412420	124.00
0.412440	125.00
0.412460	126.00
0.412480	126.00
0.412500	125.00
0.412520	124.00
0.412540	124.00
0.412560	125.00
0.412580	125.00
0.412600	124.00
0.412620	124.00
0.412640	124.00
0.412660	125.00
0.412680	125.00
0.412700	124.00
0.412720	124.00
0.412740	124.00
0.412760	125.00
0.412780	125.00
0.412800	125.00
0.412820	124.00
0.412840	124.00
0.412860	124.00
0.412880	125.00
0.412900	124.00
0.412920	124.00
0.412940	124.00
0.412960	124.00
0.412980	125.00
0.413000	125.00
0.413020	125.00
0.413040	125.00
0.413060	125.00
0.413080	125.00
0.413100	124.00
0.413120	124.00
0.413140	124.00
0.413160	125.00
0.413180	125.00
0.413200	124.00
0.413220	124.00
0.413240	125.00
0.413260	126.00
0.413280	126.00
0.413300	125.00
0.413320	125.00
0.413340	125.00
0.413360	125.00
0.413380	125.00
0.413400	124.00
0.413420	124.00
0.413440	125.00
0.413460	125.00
0.413480	125.00
0.413500	125.00
0.413520	124.00
0.413540	125.00
0.413560	126.00
0.413580	125.00
0.413600	125.00
0.413620	124.00
0.413640	125.00
0.413660	125.00
0.413680	125.00
0.413700	124.00
0.413720	124.00
0.413740	124.00
0.413760	125.00
0.413780	125.00
0.413800	125.00
0.413820	124.00
0.413840	124.00
0.413860	125.00
0.413880	125.00
0.413900	124.00
0.413920	124.00
0.413940	124.00
0.413960	125.00
0.413980	126.00
0.414000	125.00
0.414020	125.00
0.414040	124.00
0.414060	125.00
0.414080	125.00
0.414100	125.00
0.414120	124.00
0.414140	124.00
0.414160	124.00
0.414180	125.00
0.414200	124.00
0.414220	124.00
0.414240	124.00
0.414260	125.00
0.414280	125.00
0.414300	125.00
0.414320	124.00
0.414340	124.00
0.414360	124.00
0.414380	125.00
0.414400	124.00
0.414420	124.00
0.414440	124.00
0.414460	125.00
0.414480	125.00
0.414500	124.00
0.414520	124.00
0.414540	124.00
0.414560	125.00
0.414580	125.00
0.414600	125.00
0.414620	124.00
0.414640	124.00
0.414660	125.00
0.414680	125.00
0.414700	125.00
0.414720	124.00
0.414740	124.00
0.414760	125.00
0.414780	125.00
0.414800	125.00
0.414820	125.00
0.414840	125.00
0.414860	125.00
0.414880	125.00
0.414900	124.00
0.414920	124.00
0.414940	125.00
0.414960	125.00
0.414980	126.00
0.415000	125.00
0.415020	125.00
0.415040	125.00
0.415060	125.00
0.415080	126.00
0.415100	125.00
0.415120	125.00
0.415140	125.00
0.415160	125.00
0.415180	125.00
0.415200	125.00
0.415220	125.00
0.415240	125.00
0.415260	126.00
0.415280	126.00
0.415300	125.00
0.415320	125.00
0.415340	125.00
0.415360	125.00
0.415380	125.00
0.415400	125.00
0.415420	124.00
0.415440	124.00
0.415460	124.00
0.415480	124.00
0.415500	124.00
0.415520	124.00
0.415540	124.00
0.415560	124.00
0.415580	125.00
0.415600	124.00
0.415620	124.00
0.415640	124.00
0.415660	125.00
0.415680	125.00
0.415700	125.00
0.415720	124.00
0.415740	124.00
0.415760	124.00
0.415780	124.00
0.415800	124.00
0.415820	124.00
0.415840	124.00
0.415860	124.00
0.415880	124.00
0.415900	125.00
0.415920	125.00
0.415940	125.00
0.415960	126.00
0.415980	126.00
0.416000	125.00
0.416020	125.00
0.416040	125.00
0.416060	126.00
0.416080	125.00
0.416100	125.00
0.416120	124.00
0.416140	124.00
0.416160	124.00
0.416180	124.00
0.416200	124.00
0.416220	124.00
0.416240	124.00
0.416260	124.00
0.416280	124.00
0.416300	124.00
0.416320	124.00
0.416340	125.00
0.416360	125.00
0.416380	125.00
0.416400	124.00
0.416420	124.00
0.416440	124.00
0.416460	124.00
0.416480	125.00
0.416500	124.00
0.416520	124.00
0.416540	124.00
0.416560	124.00
0.416580	125.00
0.416600	124.00
0.416620	124.00
0.416640	124.00
0.416660	125.00
0.416680	125.00
0.416700	125.00
0.416720	124.00
0.416740	124.00
0.416760	124.00
0.416780	124.00
0.416800	124.00
0.416820	124.00
0.416840	124.00
0.416860	124.00
0.416880	125.00
0.416900	124.00
0.416920	124.00
0.416940	124.00
0.416960	125.00
0.416980	125.00
0.417000	125.00
0.417020	125.00
0.417040	125.00
0.417060	125.00
0.417080	126.00
0.417100	125.00
0.417120	125.00
0.417140	125.00
0.417160	125.00
0.417180	124.00
0.417200	124.00
0.417220	124.00
0.417240	124.00
0.417260	125.00
0.417280	126.00
0.417300	125.00
0.417320	125.00
0.417340	124.00
0.417360	124.00
0.417380	124.00
0.417400	125.00
0.417420	125.00
0.417440	125.00
0.417460	125.00
0.417480	125.00
0.417500	125.00
0.417520	125.00
0.417540	125.00
0.417560	126.00
0.417580	125.00
0.417600	125.00
0.417620	125.00
0.417640	125.00
0.417660	125.00
0.417680	125.00
0.417700	125.00
0.417720	125.00
0.417740	125.00
0.417760	126.00
0.417780	125.00
0.417800	125.00
0.417820	125.00
0.417840	125.00
0.417860	125.00
0.417880	125.00
0.417900	125.00
0.417920	125.00
0.417940	125.00
0.417960	125.00
0.417980	125.00
0.418000	124.00
0.418020	124.00
0.418040	124.00
0.418060	125.00
0.418080	125.00
0.418100	125.00
0.418120	125.00
0.418140	124.00
0.418160	124.00
0.418180	124.00
0.418200	124.00
0.418220	124.00
0.418240	124.00
0.418260	124.00
0.418280	125.00
0.418300	125.00
0.418320	125.00
0.418340	125.00
0.418360	125.00
0.418380	125.00
0.418400	125.00
0.418420	124.00
0.418440	124.00
0.418460	124.00
0.418480	124.00
0.418500	124.00
0.418520	124.00
0.418540	124.00
0.418560	124.00
0.418580	124.00
0.418600	124.00
0.418620	124.00
0.418640	124.00
0.418660	125.00
0.418680	125.00
0.418700	124.00
0.418720	124.00
0.418740	124.00
0.418760	124.00
0.418780	124.00
0.418800	125.00
0.418820	125.00
0.418840	125.00
0.418860	126.00
0.418880	125.00
0.418900	125.00
0.418920	125.00
0.418940	125.00
0.418960	126.00
0.418980	125.00
0.419000	125.00
0.419020	124.00
0.419040	124.00
0.419060	124.00
0.419080	124.00
0.419100	124.00
0.419120	124.00
0.419140	125.00
0.419160	125.00
0.419180	125.00
0.419200	125.00
0.419220	124.00
0.419240	124.00
0.419260	124.00
0.419280	125.00
0.419300	125.00
0.419320	125.00
0.419340	125.00
0.419360	125.00
0.419380	125.00
0.419400	125.00
0.419420	125.00
0.419440	125.00
0.419460	125.00
0.419480	125.00
0.419500	125.00
0.419520	125.00
0.419540	124.00
0.419560	124.00
0.419580	124.00
0.419600	124.00
0.419620	124.00
0.419640	124.00
0.419660	125.00
0.419680	125.00
0.419700	125.00
0.419720	125.00
0.419740	124.00
0.419760	124.00
0.419780	124.00
0.419800	124.00
0.419820	124.00
0.419840	124.00
0.419860	124.00
0.419880	124.00
0.419900	124.00
0.419920	125.00
0.419940	125.00
0.419960	125.00
0.419980	126.00
0.420000	125.00
0.420020	125.00
0.420040	125.00
0.420060	125.00
0.420080	125.00
0.420100	125.00
0.420120	125.00
0.420140	125.00
0.420160	125.00
0.420180	125.00
0.420200	125.00
0.420220	125.00
0.420240	125.00
0.420260	125.00
0.420280	125.00
0.420300	124.00
0.420320	124.00
0.420340	125.00
0.420360	125.00
0.420380	125.00
0.420400	124.00
0.420420	124.00
0.420440	124.00
0.420460	124.00
0.420480	124.00
0.420500	125.00
0.420520	125.00
0.420540	125.00
0.420560	125.00
0.420580	125.00
0.420600	124.00
0.420620	124.00
0.420640	124.00
0.420660	124.00
0.420680	124.00
0.420700	124.00
0.420720	125.00
0.420740	125.00
0.420760	125.00
0.420780	125.00
0.420800	125.00
0.420820	124.00
0.420840	124.00
0.420860	124.00
0.420880	124.00
0.420900	124.00
0.420920	124.00
0.420940	125.00
0.420960	125.00
0.420980	125.00
0.421000	124.00
0.421020	124.00
0.421040	124.00
0.421060	125.00
0.421080	125.00
0.421100	125.00
0.421120	125.00
0.421140	125.00
0.421160	125.00
0.421180	125.00
0.421200	125.00
0.421220	125.00
0.421240	125.00
0.421260	125.00
0.421280	124.00
0.421300	124.00
0.421320	124.00
0.421340	125.00
0.421360	125.00
0.421380	125.00
0.421400	124.00
0.421420	124.00
0.421440	124.00
0.421460	125.00
0.421480	125.00
0.421500	125.00
0.421520	125.00
0.421540	125.00
0.421560	125.00
0.421580	125.00
0.421600	125.00
0.421620	125.00
0.421640	125.00
0.421660	125.00
0.421680	125.00
0.421700	124.00
0.421720	124.00
0.421740	125.00
0.421760	125.00
0.421780	125.00
0.421800	125.00
0.421820	125.00
0.421840	125.00
0.421860	125.00
0.421880	125.00
0.421900	125.00
0.421920	125.00
0.421940	125.00
0.421960	125.00
0.421980	126.00
0.422000	125.00
0.422020	125.00
0.422040	125.00
0.422060	125.00
0.422080	124.00
0.422100	124.00
0.422120	124.00
0.422140	124.00
0.422160	125.00
0.422180	125.00
0.422200	125.00
0.422220	125.00
0.422240	125.00
0.422260	125.00
0.422280	125.00
0.422300	125.00
0.422320	125.00
0.422340	125.00
0.422360	125.00
0.422380	124.00
0.422400	124.00
0.422420	124.00
0.422440	125.00
0.422460	125.00
0.422480	125.00
0.422500	125.00
0.422520	125.00
0.422540	125.00
0.422560	125.00
0.422580	125.00
0.422600	125.00
0.422620	125.00
0.422640	125.00
0.422660	125.00
0.422680	125.00
0.422700	124.00
0.422720	124.00
0.422740	124.00
0.422760	124.00
0.422780	124.00
0.422800	124.00
0.422820	124.00
0.422840	125.00
0.422860	125.00
0.422880	124.00
0.422900	124.00
0.422920	124.00
0.422940	125.00
0.422960	125.00
0.422980	125.00
0.423000	125.00
0.423020	125.00
0.423040	125.00
0.423060	125.00
0.423080	124.00
0.423100	124.00
0.423120	124.00
0.423140	124.00
0.423160	125.00
0.423180	125.00
0.423200	125.00
0.423220	124.00
0.423240	124.00
0.423260	124.00
0.423280	124.00
0.423300	124.00
0.423320	124.00
0.423340	124.00
0.423360	124.00
0.423380	124.00
0.423400	124.00
0.423420	124.00
0.423440	124.00
0.423460	124.00
0.423480	124.00
0.423500	124.00
0.423520	124.00
0.423540	124.00
0.423560	124.00
0.423580	124.00
0.423600	124.00
0.423620	124.00
0.423640	124.00
0.423660	125.00
0.423680	125.00
0.423700	126.00
0.423720	126.00
0.423740	126.00
0.423760	126.00
0.423780	125.00
0.423800	125.00
0.423820	125.00
0.423840	125.00
0.423860	125.00
0.423880	125.00
0.423900	124.00
0.423920	124.00
0.423940	124.00
0.423960	124.00
0.423980	124.00
0.424000	124.00
0.424020	125.00
0.424040	125.00
0.424060	125.00
0.424080	124.00
0.424100	124.00
0.424120	123.00
0.424140	123.00
0.424160	123.00
0.424180	122.00
0.424200	122.00
0.424220	122.00
0.424240	123.00
0.424260	125.00
0.424280	126.00
0.424300	129.00
0.424320	132.00
0.424340	136.00
0.424360	139.00
0.424380	141.00
0.424400	141.00
0.424420	140.00
0.424440	137.00
0.424460	132.00
0.424480	124.00
0.424500	116.00
0.424520	108.00
0.424540	101.00
0.424560	94.00
0.424580	89.00
0.424600	87.00
0.424620	88.00
0.424640	93.00
0.424660	102.00
0.424680	113.00
0.424700	127.00
0.424720	141.00
0.424740	155.00
0.424760	168.00
0.424780	177.00
0.424800	183.00
0.424820	185.00
0.424840	183.00
0.424860	174.00
0.424880	160.00
0.424900	142.00
0.424920	119.00
0.424940	96.00
0.424960	72.00
0.424980	52.00
0.425000	36.00
0.425020	27.00
0.425040	27.00
0.425060	35.00
0.425080	53.00
0.425100	80.00
0.425120	114.00
0.425140	153.00
0.425160	190.00
0.425180	221.00
0.425200	242.00
0.425220	251.00
0.425240	250.00
0.425260	242.00
0.425280	224.00
0.425300	196.00
0.425320	152.00
0.425340	99.00
0.425360	47.00
0.425380	10.00
0.425400	0.00
0.425420	0.00
0.425440	5.00
0.425460	2.00
0.425480	0.00
0.425500	5.00
0.425520	38.00
0.425540	95.00
0.425560	160.00
0.425580	212.00
0.425600	243.00
0.425620	255.00
0.425640	255.00
0.425660	255.00
0.425680	255.00
0.425700	246.00
0.425720	225.00
0.425740	189.00
0.425760	139.00
0.425780	83.00
0.425800	35.00
0.425820	7.00
0.425840	0.00
0.425860	1.00
0.425880	2.00
0.425900	0.00
0.425920	1.00
0.425940	18.00
0.425960	54.00
0.425980	102.00
0.426000	151.00
0.426020	191.00
0.426040	218.00
0.426060	235.00
0.426080	243.00
0.426100	242.00
0.426120	233.00
0.426140	217.00
0.426160	194.00
0.426180	166.00
0.426200	134.00
0.426220	102.00
0.426240	73.00
0.426260	51.00
0.426280	37.00
0.426300	30.00
0.426320	30.00
0.426340	39.00
0.426360	55.00
0.426380	76.00
0.426400	99.00
0.426420	122.00
0.426440	142.00
0.426460	161.00
0.426480	175.00
0.426500	184.00
0.426520	186.00
0.426540	183.00
0.426560	176.00
0.426580	166.00
0.426600	154.00
0.426620	139.00
0.426640	124.00
0.426660	110.00
0.426680	99.00
0.426700	91.00
0.426720	86.00
0.426740	85.00
0.426760	88.00
0.426780	93.00
0.426800	101.00
0.426820	109.00
0.426840	119.00
0.426860	128.00
0.426880	136.00
0.426900	143.00
0.426920	147.00
0.426940	149.00
0.426960	149.00
0.426980	147.00
0.427000	144.00
0.427020	138.00
0.427040	133.00
0.427060	127.00
0.427080	122.00
0.427100	117.00
0.427120	113.00
0.427140	110.00
0.427160	109.00
0.427180	109.00
0.427200	110.00
0.427220	112.00
0.427240	115.00
0.427260	119.00
0.427280	123.00
0.427300	127.00
0.427320	130.00
0.427340	132.00
0.427360	134.00
0.427380	135.00
0.427400	135.00
0.427420	134.00
0.427440	132.00
0.427460	130.00
0.427480	128.00
0.427500	125.00
0.427520	123.00
0.427540	121.00
0.427560	119.00
0.427580	119.00
0.427600	118.00
0.427620	118.00
0.427640	119.00
0.427660	120.00
0.427680	122.00
0.427700	123.00
0.427720	125.00
0.427740	127.00
0.427760	128.00
0.427780	129.00
0.427800	130.00
0.427820	129.00
0.427840	129.00
0.427860	129.00
0.427880	128.00
0.427900	128.00
0.427920	127.00
0.427940	126.00
0.427960	125.00
0.427980	124.00
0.428000	123.00
0.428020	122.00
0.428040	122.00
0.428060	122.00
0.428080	123.00
0.428100	123.00
0.428120	123.00
0.428140	123.00
0.428160	124.00
0.428180	124.00
0.428200	125.00
0.428220	125.00
0.428240	126.00
0.428260	126.00
0.428280	126.00
0.428300	126.00
0.428320	126.00
0.428340	126.00
0.428360	127.00
0.428380	127.00
0.428400	126.00
0.428420	125.00
0.428440	124.00
0.428460	124.00
0.428480	124.00
0.428500	124.00
0.428520	123.00
0.428540	123.00
0.428560	123.00
0.428580	123.00
0.428600	123.00
0.428620	123.00
0.428640	124.00
0.428660	125.00
0.428680	125.00
0.428700	125.00
0.428720	125.00
0.428740	125.00
0.428760	126.00
0.428780	126.00
0.428800	126.00
0.428820	126.00
0.428840	125.00
0.428860	125.00
0.428880	125.00
0.428900	125.00
0.428920	124.00
0.428940	124.00
0.428960	124.00
0.428980	124.00
0.429000	124.00
0.429020	124.00
0.429040	124.00
0.429060	124.00
0.429080	125.00
0.429100	125.00
0.429120	125.00
0.429140	125.00
0.429160	125.00
0.429180	125.00
0.429200	125.00
0.429220	125.00
0.429240	125.00
0.429260	125.00
0.429280	125.00
0.429300	125.00
0.429320	125.00
0.429340	124.00
0.429360	124.00
0.429380	124.00
0.429400	124.00
0.429420	124.00
0.429440	124.00
0.429460	124.00
0.429480	125.00
0.429500	125.00
0.429520	125.00
0.429540	125.00
0.429560	125.00
0.429580	125.00
0.429600	125.00
0.429620	125.00
0.429640	125.00
0.429660	125.00
0.429680	125.00
0.429700	125.00
0.429720	124.00
0.429740	125.00
0.429760	125.00
0.429780	125.00
0.429800	125.00
0.429820	125.00
0.429840	125.00
0.429860	125.00
0.429880	125.00
0.429900	125.00
0.429920	125.00
0.429940	125.00
0.429960	125.00
0.429980	125.00
0.430000	125.00
0.430020	125.00
0.430040	125.00
0.430060	125.00
0.430080	125.00
0.430100	125.00
0.430120	124.00
0.430140	124.00
0.430160	125.00
0.430180	125.00
0.430200	124.00
0.430220	124.00
0.430240	124.00
0.430260	124.00
0.430280	124.00
0.430300	124.00
0.430320	124.00
0.430340	124.00
0.430360	125.00
0.430380	125.00
0.430400	126.00
0.430420	126.00
0.430440	126.00
0.430460	126.00
0.430480	126.00
0.430500	125.00
0.430520	125.00
0.430540	124.00
0.430560	123.00
0.430580	122.00
0.430600	121.00
0.430620	120.00
0.430640	120.00
0.430660	121.00
0.430680	122.00
0.430700	125.00
0.430720	127.00
0.430740	130.00
0.430760	132.00
0.430780	134.00
0.430800	136.00
0.430820	136.00
0.430840	135.00
0.430860	134.00
0.430880	132.00
0.430900	129.00
0.430920	125.00
0.430940	119.00
0.430960	114.00
0.430980	109.00
0.431000	107.00
0.431020	105.00
0.431040	106.00
0.431060	108.00
0.431080	110.00
0.431100	114.00
0.431120	119.00
0.431140	125.00
0.431160	132.00
0.431180	141.00
0.431200	148.00
0.431220	154.00
0.431240	158.00
0.431260	158.00
0.431280	156.00
0.431300	150.00
0.431320	141.00
0.431340	130.00
0.431360	117.00
0.431380	104.00
0.431400	91.00
0.431420	80.00
0.431440	73.00
0.431460	70.00
0.431480	73.00
0.431500	82.00
0.431520	96.00
0.431540	113.00
0.431560	132.00
0.431580	151.00
0.431600	169.00
0.431620	183.00
0.431640	192.00
0.431660	195.00
0.431680	192.00
0.431700	183.00
0.431720	169.00
0.431740	149.00
0.431760	126.00
0.431780	103.00
0.431800	81.00
0.431820	64.00
0.431840	52.00
0.431860	46.00
0.431880	47.00
0.431900	54.00
0.431920	68.00
0.431940	86.00
0.431960	107.00
0.431980	129.00
0.432000	151.00
0.432020	169.00
0.432040	184.00
0.432060	192.00
0.432080	195.00
0.432100	193.00
0.432120	185.00
0.432140	172.00
0.432160	156.00
0.432180	137.00
0.432200	119.00
0.432220	101.00
0.432240	86.00
0.432260	75.00
0.432280	69.00
0.432300	68.00
0.432320	71.00
0.432340	79.00
0.432360	90.00
0.432380	103.00
0.432400	117.00
0.432420	131.00
0.432440	143.00
0.432460	153.00
0.432480	160.00
0.432500	163.00
0.432520	163.00
0.432540	160.00
0.432560	155.00
0.432580	147.00
0.432600	138.00
0.432620	128.00
0.432640	119.00
0.432660	111.00
0.432680	105.00
0.432700	101.00
0.432720	99.00
0.432740	99.00
0.432760	101.00
0.432780	106.00
0.432800	111.00
0.432820	118.00
0.432840	125.00
0.432860	130.00
0.432880	135.00
0.432900	138.00
0.432920	140.00
0.432940	141.00
0.432960	141.00
0.432980	139.00
0.433000	136.00
0.433020	132.00
0.433040	128.00
0.433060	124.00
0.433080	121.00
0.433100	118.00
0.433120	116.00
0.433140	115.00
0.433160	114.00
0.433180	115.00
0.433200	116.00
0.433220	118.00
0.433240	120.00
0.433260	123.00
0.433280	125.00
0.433300	127.00
0.433320	129.00
0.433340	131.00
0.433360	132.00
0.433380	132.00
0.433400	131.00
0.433420	130.00
0.433440	129.00
0.433460	128.00
0.433480	127.00
0.433500	125.00
0.433520	123.00
0.433540	122.00
0.433560	121.00
0.433580	121.00
0.433600	121.00
0.433620	121.00
0.433640	122.00
0.433660	123.00
0.433680	123.00
0.433700	124.00
0.433720	125.00
0.433740	126.00
0.433760	127.00
0.433780	128.00
0.433800	128.00
0.433820	128.00
0.433840	127.00
0.433860	127.00
0.433880	126.00
0.433900	125.00
0.433920	124.00
0.433940	124.00
0.433960	124.00
0.433980	124.00
0.434000	124.00
0.434020	123.00
0.434040	123.00
0.434060	124.00
0.434080	124.00
0.434100	124.00
0.434120	125.00
0.434140	125.00
0.434160	126.00
0.434180	127.00
0.434200	127.00
0.434220	127.00
0.434240	126.00
0.434260	126.00
0.434280	125.00
0.434300	124.00
0.434320	123.00
0.434340	122.00
0.434360	122.00
0.434380	122.00
0.434400	123.00
0.434420	123.00
0.434440	124.00
0.434460	125.00
0.434480	125.00
0.434500	126.00
0.434520	127.00
0.434540	128.00
0.434560	127.00
0.434580	127.00
0.434600	126.00
0.434620	125.00
0.434640	125.00
0.434660	124.00
0.434680	123.00
0.434700	123.00
0.434720	123.00
0.434740	123.00
0.434760	123.00
0.434780	123.00
0.434800	123.00
0.434820	123.00
0.434840	123.00
0.434860	124.00
0.434880	125.00
0.434900	125.00
0.434920	126.00
0.434940	126.00
0.434960	127.00
0.434980	127.00
0.435000	127.00
0.435020	127.00
0.435040	126.00
0.435060	126.00
0.435080	125.00
0.435100	125.00
0.435120	124.00
0.435140	123.00
0.435160	123.00
0.435180	123.00
0.435200	124.00
0.435220	124.00
0.435240	125.00
0.435260	125.00
0.435280	125.00
0.435300	125.00
0.435320	125.00
0.435340	125.00
0.435360	125.00
0.435380	124.00
0.435400	124.00
0.435420	125.00
0.435440	125.00
0.435460	125.00
0.435480	125.00
0.435500	125.00
0.435520	125.00
0.435540	124.00
0.435560	124.00
0.435580	124.00
0.435600	124.00
0.435620	125.00
0.435640	125.00
0.435660	125.00
0.435680	125.00
0.435700	125.00
0.435720	125.00
0.435740	125.00
0.435760	125.00
0.435780	125.00
0.435800	125.00
0.435820	124.00
0.435840	125.00
0.435860	125.00
0.435880	126.00
0.435900	125.00
0.435920	124.00
0.435940	124.00
0.435960	124.00
0.435980	125.00
0.436000	126.00
0.436020	125.00
0.436040	125.00
0.436060	124.00
0.436080	124.00
0.436100	124.00
0.436120	125.00
0.436140	125.00
0.436160	125.00
0.436180	126.00
0.436200	126.00
0.436220	126.00
0.436240	126.00
0.436260	125.00
0.436280	125.00
0.436300	125.00
0.436320	125.00
0.436340	124.00
0.436360	124.00
0.436380	125.00
0.436400	125.00
0.436420	125.00
0.436440	125.00
0.436460	125.00
0.436480	125.00
0.436500	125.00
0.436520	125.00
0.436540	125.00
0.436560	125.00
0.436580	125.00
0.436600	124.00
0.436620	124.00
0.436640	124.00
0.436660	124.00
0.436680	125.00
0.436700	125.00
0.436720	125.00
0.436740	124.00
0.436760	124.00
0.436780	123.00
0.436800	123.00
0.436820	123.00
0.436840	122.00
0.436860	122.00
0.436880	123.00
0.436900	124.00
0.436920	126.00
0.436940	127.00
0.436960	128.00
0.436980	130.00
0.437000	131.00
0.437020	131.00
0.437040	131.00
0.437060	130.00
0.437080	129.00
0.437100	128.00
0.437120	126.00
0.437140	123.00
0.437160	120.00
0.437180	117.00
0.437200	115.00
0.437220	114.00
0.437240	114.00
0.437260	115.00
0.437280	117.00
0.437300	119.00
0.437320	121.00
0.437340	123.00
0.437360	126.00
0.437380	130.00
0.437400	135.00
0.437420	139.00
0.437440	143.00
0.437460	145.00
0.437480	144.00
0.437500	143.00
0.437520	139.00
0.437540	134.00
0.437560	128.00
0.437580	120.00
0.437600	112.00
0.437620	104.00
0.437640	97.00
0.437660	92.00
0.437680	90.00
0.437700	91.00
0.437720	96.00
0.437740	105.00
0.437760	116.00
0.437780	128.00
0.437800	140.00
0.437820	152.00
0.437840	161.00
0.437860	168.00
0.437880	171.00
0.437900	170.00
0.437920	165.00
0.437940	155.00
0.437960	142.00
0.437980	127.00
0.438000	112.00
0.438020	97.00
0.438040	85.00
0.438060	76.00
0.438080	72.00
0.438100	73.00
0.438120	77.00
0.438140	86.00
0.438160	98.00
0.438180	112.00
0.438200	127.00
0.438220	142.00
0.438240	155.00
0.438260	166.00
0.438280	172.00
0.438300	174.00
0.438320	172.00
0.438340	167.00
0.438360	158.00
0.438380	146.00
0.438400	133.00
0.438420	120.00
0.438440	107.00
0.438460	96.00
0.438480	89.00
0.438500	84.00
0.438520	83.00
0.438540	86.00
0.438560	92.00
0.438580	100.00
0.438600	110.00
0.438620	121.00
0.438640	131.00
0.438660	140.00
0.438680	147.00
0.438700	152.00
0.438720	154.00
0.438740	154.00
0.438760	152.00
0.438780	148.00
0.438800	141.00
0.438820	134.00
0.438840	127.00
0.438860	120.00
0.438880	115.00
0.438900	110.00
0.438920	107.00
0.438940	106.00
0.438960	106.00
0.438980	108.00
0.439000	111.00
0.439020	115.00
0.439040	120.00
0.439060	124.00
0.439080	129.00
0.439100	133.00
0.439120	135.00
0.439140	137.00
0.439160	137.00
0.439180	137.00
0.439200	136.00
0.439220	134.00
0.439240	131.00
0.439260	128.00
0.439280	125.00
0.439300	122.00
0.439320	119.00
0.439340	118.00
0.439360	117.00
0.439380	117.00
0.439400	117.00
0.439420	118.00
0.439440	120.00
0.439460	122.00
0.439480	123.00
0.439500	125.00
0.439520	127.00
0.439540	128.00
0.439560	130.00
0.439580	130.00
0.439600	130.00
0.439620	130.00
0.439640	129.00
0.439660	128.00
0.439680	127.00
0.439700	126.00
0.439720	125.00
0.439740	124.00
0.439760	122.00
0.439780	120.00
0.439800	120.00
0.439820	119.00
0.439840	120.00
0.439860	121.00
0.439880	122.00
0.439900	123.00
0.439920	124.00
0.439940	126.00
0.439960	127.00
0.439980	129.00
0.440000	129.00
0.440020	129.00
0.440040	129.00
0.440060	128.00
0.440080	127.00
0.440100	126.00
0.440120	125.00
0.440140	123.00
0.440160	122.00
0.440180	121.00
0.440200	121.00
0.440220	121.00
0.440240	122.00
0.440260	122.00
0.440280	122.00
0.440300	122.00
0.440320	123.00
0.440340	124.00
0.440360	125.00
0.440380	126.00
0.440400	127.00
0.440420	128.00
0.440440	129.00
0.440460	129.00
0.440480	128.00
0.440500	127.00
0.440520	126.00
0.440540	125.00
0.440560	124.00
0.440580	122.00
0.440600	121.00
0.440620	120.00
0.440640	120.00
0.440660	121.00
0.440680	122.00
0.440700	124.00
0.440720	125.00
0.440740	126.00
0.440760	127.00
0.440780	128.00
0.440800	128.00
0.440820	128.00
0.440840	128.00
0.440860	127.00
0.440880	126.00
0.440900	125.00
0.440920	124.00
0.440940	124.00
0.440960	124.00
0.440980	123.00
0.441000	122.00
0.441020	122.00
0.441040	122.00
0.441060	123.00
0.441080	124.00
0.441100	124.00
0.441120	125.00
0.441140	125.00
0.441160	125.00
0.441180	126.00
0.441200	126.00
0.441220	126.00
0.441240	127.00
0.441260	127.00
0.441280	126.00
0.441300	125.00
0.441320	124.00
0.441340	124.00
0.441360	124.00
0.441380	123.00
0.441400	123.00
0.441420	123.00
0.441440	123.00
0.441460	124.00
0.441480	124.00
0.441500	125.00
0.441520	125.00
0.441540	125.00
0.441560	126.00
0.441580	126.00
0.441600	126.00
0.441620	126.00
0.441640	126.00
0.441660	126.00
0.441680	126.00
0.441700	126.00
0.441720	125.00
0.441740	125.00
0.441760	124.00
0.441780	124.00
0.441800	124.00
0.441820	124.00
0.441840	124.00
0.441860	124.00
0.441880	124.00
0.441900	125.00
0.441920	125.00
0.441940	126.00
0.441960	126.00
0.441980	126.00
0.442000	125.00
0.442020	125.00
0.442040	125.00
0.442060	125.00
0.442080	125.00
0.442100	124.00
0.442120	124.00
0.442140	124.00
0.442160	124.00
0.442180	124.00
0.442200	124.00
0.442220	124.00
0.442240	124.00
0.442260	124.00
0.442280	125.00
0.442300	125.00
0.442320	126.00
0.442340	126.00
0.442360	126.00
0.442380	126.00
0.442400	126.00
0.442420	125.00
0.442440	125.00
0.442460	125.00
0.442480	125.00
0.442500	125.00
0.442520	124.00
0.442540	124.00
0.442560	124.00
0.442580	123.00
0.442600	123.00
0.442620	123.00
0.442640	124.00
0.442660	125.00
0.442680	125.00
0.442700	126.00
0.442720	127.00
0.442740	127.00
0.442760	128.00
0.442780	128.00
0.442800	128.00
0.442820	127.00
0.442840	126.00
0.442860	125.00
0.442880	124.00
0.442900	124.00
0.442920	123.00
0.442940	122.00
0.442960	122.00
0.442980	122.00
0.443000	122.00
0.443020	122.00
0.443040	122.00
0.443060	122.00
0.443080	123.00
0.443100	124.00
0.443120	126.00
0.443140	127.00
0.443160	128.00
0.443180	129.00
0.443200	130.00
0.443220	130.00
0.443240	130.00
0.443260	129.00
0.443280	128.00
0.443300	127.00
0.443320	126.00
0.443340	124.00
0.443360	122.00
0.443380	120.00
0.443400	118.00
0.443420	117.00
0.443440	117.00
0.443460	118.00
0.443480	120.00
0.443500	121.00
0.443520	122.00
0.443540	124.00
0.443560	125.00
0.443580	127.00
0.443600	129.00
0.443620	132.00
0.443640	134.00
0.443660	136.00
0.443680	136.00
0.443700	136.00
0.443720	134.00
0.443740	132.00
0.443760	129.00
0.443780	126.00
0.443800	123.00
0.443820	118.00
0.443840	114.00
0.443860	110.00
0.443880	107.00
0.443900	105.00
0.443920	105.00
0.443940	108.00
0.443960	112.00
0.443980	118.00
0.444000	126.00
0.444020	133.00
0.444040	140.00
0.444060	146.00
0.444080	151.00
0.444100	153.00
0.444120	153.00
0.444140	150.00
0.444160	145.00
0.444180	138.00
0.444200	128.00
0.444220	118.00
0.444240	109.00
0.444260	101.00
0.444280	95.00
0.444300	91.00
0.444320	91.00
0.444340	93.00
0.444360	99.00
0.444380	106.00
0.444400	115.00
0.444420	125.00
0.444440	135.00
0.444460	144.00
0.444480	151.00
0.444500	155.00
0.444520	156.00
0.444540	155.00
0.444560	152.00
0.444580	147.00
0.444600	140.00
0.444620	131.00
0.444640	122.00
0.444660	114.00
0.444680	107.00
0.444700	102.00
0.444720	99.00
0.444740	98.00
0.444760	99.00
0.444780	103.00
0.444800	109.00
0.444820	116.00
0.444840	123.00
0.444860	130.00
0.444880	136.00
0.444900	141.00
0.444920	144.00
0.444940	145.00
0.444960	144.00
0.444980	141.00
0.445000	137.00
0.445020	133.00
0.445040	128.00
0.445060	124.00
0.445080	119.00
0.445100	116.00
0.445120	114.00
0.445140	112.00
0.445160	112.00
0.445180	113.00
0.445200	114.00
0.445220	116.00
0.445240	119.00
0.445260	122.00
0.445280	125.00
0.445300	128.00
0.445320	130.00
0.445340	132.00
0.445360	133.00
0.445380	133.00
0.445400	133.00
0.445420	132.00
0.445440	130.00
0.445460	128.00
0.445480	126.00
0.445500	124.00
0.445520	122.00
0.445540	121.00
0.445560	119.00
0.445580	119.00
0.445600	119.00
0.445620	119.00
0.445640	120.00
0.445660	121.00
0.445680	122.00
0.445700	123.00
0.445720	125.00
0.445740	126.00
0.445760	127.00
0.445780	128.00
0.445800	129.00
0.445820	129.00
0.445840	129.00
0.445860	129.00
0.445880	128.00
0.445900	127.00
0.445920	126.00
0.445940	125.00
0.445960	124.00
0.445980	122.00
0.446000	121.00
0.446020	120.00
0.446040	120.00
0.446060	120.00
0.446080	120.00
0.446100	121.00
0.446120	123.00
0.446140	124.00
0.446160	126.00
0.446180	127.00
0.446200	129.00
0.446220	129.00
0.446240	130.00
0.446260	130.00
0.446280	129.00
0.446300	128.00
0.446320	127.00
0.446340	126.00
0.446360	124.00
0.446380	123.00
0.446400	121.00
0.446420	121.00
0.446440	121.00
0.446460	121.00
0.446480	121.00
0.446500	121.00
0.446520	122.00
0.446540	123.00
0.446560	124.00
0.446580	125.00
0.446600	126.00
0.446620	128.00
0.446640	129.00
0.446660	129.00
0.446680	130.00
0.446700	129.00
0.446720	128.00
0.446740	127.00
0.446760	126.00
0.446780	124.00
0.446800	123.00
0.446820	122.00
0.446840	121.00
0.446860	120.00
0.446880	120.00
0.446900	120.00
0.446920	121.00
0.446940	123.00
0.446960	124.00
0.446980	126.00
0.447000	127.00
0.447020	128.00
0.447040	129.00
0.447060	129.00
0.447080	129.00
0.447100	128.00
0.447120	128.00
0.447140	127.00
0.447160	126.00
0.447180	125.00
0.447200	123.00
0.447220	122.00
0.447240	121.00
0.447260	121.00
0.447280	121.00
0.447300	122.00
0.447320	123.00
0.447340	124.00
0.447360	124.00
0.447380	125.00
0.447400	125.00
0.447420	126.00
0.447440	126.00
0.447460	127.00
0.447480	127.00
0.447500	127.00
0.447520	127.00
0.447540	127.00
0.447560	127.00
0.447580	126.00
0.447600	126.00
0.447620	126.00
0.447640	125.00
0.447660	124.00
0.447680	123.00
0.447700	123.00
0.447720	122.00
0.447740	123.00
0.447760	123.00
0.447780	124.00
0.447800	125.00
0.447820	125.00
0.447840	126.00
0.447860	126.00
0.447880	126.00
0.447900	126.00
0.447920	126.00
0.447940	126.00
0.447960	126.00
0.447980	126.00
0.448000	125.00
0.448020	125.00
0.448040	124.00
0.448060	124.00
0.448080	123.00
0.448100	123.00
0.448120	124.00
0.448140	124.00
0.448160	125.00
0.448180	125.00
0.448200	125.00
0.448220	126.00
0.448240	126.00
0.448260	126.00
0.448280	126.00
0.448300	125.00
0.448320	125.00
0.448340	125.00
0.448360	125.00
0.448380	124.00
0.448400	124.00
0.448420	123.00
0.448440	123.00
0.448460	123.00
0.448480	124.00
0.448500	124.00
0.448520	125.00
0.448540	125.00
0.448560	125.00
0.448580	126.00
0.448600	126.00
0.448620	126.00
0.448640	127.00
0.448660	127.00
0.448680	126.00
0.448700	125.00
0.448720	125.00
0.448740	124.00
0.448760	124.00
0.448780	123.00
0.448800	122.00
0.448820	122.00
0.448840	123.00
0.448860	124.00
0.448880	124.00
0.448900	125.00
0.448920	125.00
0.448940	126.00
0.448960	127.00
0.448980	128.00
0.449000	128.00
0.449020	128.00
0.449040	128.00
0.449060	127.00
0.449080	126.00
0.449100	125.00
0.449120	124.00
0.449140	123.00
0.449160	123.00
0.449180	122.00
0.449200	121.00
0.449220	121.00
0.449240	121.00
0.449260	122.00
0.449280	123.00
0.449300	124.00
0.449320	125.00
0.449340	126.00
0.449360	127.00
0.449380	128.00
0.449400	129.00
0.449420	129.00
0.449440	129.00
0.449460	128.00
0.449480	128.00
0.449500	127.00
0.449520	126.00
0.449540	124.00
0.449560	123.00
0.449580	122.00
0.449600	121.00
0.449620	120.00
0.449640	120.00
0.449660	119.00
0.449680	120.00
0.449700	121.00
0.449720	123.00
0.449740	124.00
0.449760	125.00
0.449780	126.00
0.449800	127.00
0.449820	128.00
0.449840	129.00
0.449860	130.00
0.449880	131.00
0.449900	130.00
0.449920	129.00
0.449940	128.00
0.449960	128.00
0.449980	128.00
