0.320000	101.00
0.320020	49.00
0.320040	101.00
0.320060	140.00
0.320080	143.00
0.320100	125.00
0.320120	112.00
0.320140	119.00
0.320160	131.00
0.320180	133.00
0.320200	125.00
0.320220	118.00
0.320240	121.00
0.320260	129.00
0.320280	130.00
0.320300	125.00
0.320320	120.00
0.320340	122.00
0.320360	127.00
0.320380	128.00
0.320400	124.00
0.320420	121.00
0.320440	122.00
0.320460	126.00
0.320480	128.00
0.320500	125.00
0.320520	122.00
0.320540	123.00
0.320560	126.00
0.320580	127.00
0.320600	125.00
0.320620	122.00
0.320640	124.00
0.320660	127.00
0.320680	127.00
0.320700	125.00
0.320720	123.00
0.320740	124.00
0.320760	126.00
0.320780	127.00
0.320800	125.00
0.320820	124.00
0.320840	124.00
0.320860	126.00
0.320880	127.00
0.320900	125.00
0.320920	124.00
0.320940	124.00
0.320960	126.00
0.320980	127.00
0.321000	125.00
0.321020	124.00
0.321040	124.00
0.321060	126.00
0.321080	126.00
0.321100	125.00
0.321120	123.00
0.321140	124.00
0.321160	126.00
0.321180	126.00
0.321200	125.00
0.321220	124.00
0.321240	124.00
0.321260	126.00
0.321280	126.00
0.321300	125.00
0.321320	124.00
0.321340	125.00
0.321360	126.00
0.321380	126.00
0.321400	124.00
0.321420	123.00
0.321440	124.00
0.321460	125.00
0.321480	125.00
0.321500	124.00
0.321520	123.00
0.321540	124.00
0.321560	125.00
0.321580	126.00
0.321600	124.00
0.321620	123.00
0.321640	124.00
0.321660	125.00
0.321680	125.00
0.321700	124.00
0.321720	123.00
0.321740	124.00
0.321760	125.00
0.321780	125.00
0.321800	124.00
0.321820	123.00
0.321840	124.00
0.321860	126.00
0.321880	126.00
0.321900	125.00
0.321920	124.00
0.321940	125.00
0.321960	126.00
0.321980	126.00
0.322000	125.00
0.322020	124.00
0.322040	124.00
0.322060	125.00
0.322080	126.00
0.322100	126.00
0.322120	125.00
0.322140	124.00
0.322160	125.00
0.322180	125.00
0.322200	125.00
0.322220	125.00
0.322240	125.00
0.322260	125.00
0.322280	125.00
0.322300	124.00
0.322320	124.00
0.322340	125.00
0.322360	125.00
0.322380	125.00
0.322400	124.00
0.322420	124.00
0.322440	124.00
0.322460	125.00
0.322480	125.00
0.322500	124.00
0.322520	124.00
0.322540	125.00
0.322560	126.00
0.322580	126.00
0.322600	125.00
0.322620	124.00
0.322640	125.00
0.322660	125.00
0.322680	126.00
0.322700	125.00
0.322720	125.00
0.322740	125.00
0.322760	125.00
0.322780	125.00
0.322800	124.00
0.322820	124.00
0.322840	124.00
0.322860	125.00
0.322880	126.00
0.322900	125.00
0.322920	125.00
0.322940	125.00
0.322960	125.00
0.322980	125.00
0.323000	125.00
0.323020	124.00
0.323040	124.00
0.323060	125.00
0.323080	125.00
0.323100	124.00
0.323120	124.00
0.323140	124.00
0.323160	125.00
0.323180	125.00
0.323200	124.00
0.323220	124.00
0.323240	124.00
0.323260	125.00
0.323280	125.00
0.323300	125.00
0.323320	124.00
0.323340	125.00
0.323360	125.00
0.323380	125.00
0.323400	125.00
0.323420	124.00
0.323440	125.00
0.323460	125.00
0.323480	126.00
0.323500	125.00
0.323520	125.00
0.323540	125.00
0.323560	126.00
0.323580	126.00
0.323600	125.00
0.323620	124.00
0.323640	124.00
0.323660	124.00
0.323680	125.00
0.323700	124.00
0.323720	124.00
0.323740	125.00
0.323760	125.00
0.323780	125.00
0.323800	125.00
0.323820	125.00
0.323840	125.00
0.323860	125.00
0.323880	125.00
0.323900	124.00
0.323920	124.00
0.323940	124.00
0.323960	125.00
0.323980	125.00
0.324000	125.00
0.324020	125.00
0.324040	125.00
0.324060	125.00
0.324080	125.00
0.324100	124.00
0.324120	123.00
0.324140	124.00
0.324160	124.00
0.324180	125.00
0.324200	125.00
0.324220	124.00
0.324240	124.00
0.324260	124.00
0.324280	124.00
0.324300	124.00
0.324320	124.00
0.324340	124.00
0.324360	125.00
0.324380	125.00
0.324400	125.00
0.324420	125.00
0.324440	125.00
0.324460	125.00
0.324480	125.00
0.324500	124.00
0.324520	124.00
0.324540	124.00
0.324560	125.00
0.324580	125.00
0.324600	125.00
0.324620	125.00
0.324640	125.00
0.324660	126.00
0.324680	126.00
0.324700	125.00
0.324720	125.00
0.324740	125.00
0.324760	125.00
0.324780	125.00
0.324800	125.00
0.324820	125.00
0.324840	125.00
0.324860	125.00
0.324880	125.00
0.324900	124.00
0.324920	124.00
0.324940	124.00
0.324960	124.00
0.324980	124.00
0.325000	125.00
0.325020	125.00
0.325040	125.00
0.325060	125.00
0.325080	125.00
0.325100	124.00
0.325120	124.00
0.325140	124.00
0.325160	125.00
0.325180	124.00
0.325200	124.00
0.325220	124.00
0.325240	125.00
0.325260	125.00
0.325280	126.00
0.325300	125.00
0.325320	125.00
0.325340	125.00
0.325360	125.00
0.325380	125.00
0.325400	125.00
0.325420	124.00
0.325440	124.00
0.325460	124.00
0.325480	124.00
0.325500	124.00
0.325520	124.00
0.325540	124.00
0.325560	123.00
0.325580	122.00
0.325600	121.00
0.325620	121.00
0.325640	122.00
0.325660	123.00
0.325680	125.00
0.325700	128.00
0.325720	131.00
0.325740	135.00
0.325760	138.00
0.325780	139.00
0.325800	140.00
0.325820	138.00
0.325840	135.00
0.325860	131.00
0.325880	124.00
0.325900	116.00
0.325920	108.00
0.325940	102.00
0.325960	97.00
0.325980	95.00
0.326000	94.00
0.326020	96.00
0.326040	100.00
0.326060	107.00
0.326080	116.00
0.326100	127.00
0.326120	139.00
0.326140	151.00
0.326160	161.00
0.326180	169.00
0.326200	173.00
0.326220	175.00
0.326240	173.00
0.326260	167.00
0.326280	156.00
0.326300	141.00
0.326320	122.00
0.326340	101.00
0.326360	79.00
0.326380	60.00
0.326400	45.00
0.326420	38.00
0.326440	38.00
0.326460	46.00
0.326480	62.00
0.326500	86.00
0.326520	117.00
0.326540	150.00
0.326560	183.00
0.326580	211.00
0.326600	230.00
0.326620	238.00
0.326640	237.00
0.326660	227.00
0.326680	210.00
0.326700	185.00
0.326720	148.00
0.326740	102.00
0.326760	56.00
0.326780	21.00
0.326800	4.00
0.326820	0.00
0.326840	1.00
0.326860	0.00
0.326880	3.00
0.326900	19.00
0.326920	56.00
0.326940	107.00
0.326960	159.00
0.326980	201.00
0.327000	229.00
0.327020	245.00
0.327040	252.00
0.327060	251.00
0.327080	243.00
0.327100	227.00
0.327120	203.00
0.327140	170.00
0.327160	129.00
0.327180	84.00
0.327200	43.00
0.327220	15.00
0.327240	2.00
0.327260	0.00
0.327280	0.00
0.327300	4.00
0.327320	18.00
0.327340	45.00
0.327360	82.00
0.327380	122.00
0.327400	157.00
0.327420	186.00
0.327440	207.00
0.327460	220.00
0.327480	225.00
0.327500	221.00
0.327520	210.00
0.327540	193.00
0.327560	173.00
0.327580	148.00
0.327600	121.00
0.327620	95.00
0.327640	74.00
0.327660	59.00
0.327680	51.00
0.327700	48.00
0.327720	51.00
0.327740	61.00
0.327760	76.00
0.327780	94.00
0.327800	112.00
0.327820	130.00
0.327840	146.00
0.327860	159.00
0.327880	169.00
0.327900	174.00
0.327920	174.00
0.327940	170.00
0.327960	163.00
0.327980	154.00
0.328000	142.00
0.328020	130.00
0.328040	119.00
0.328060	109.00
0.328080	101.00
0.328100	95.00
0.328120	92.00
0.328140	92.00
0.328160	96.00
0.328180	102.00
0.328200	108.00
0.328220	115.00
0.328240	122.00
0.328260	130.00
0.328280	137.00
0.328300	141.00
0.328320	143.00
0.328340	144.00
0.328360	144.00
0.328380	142.00
0.328400	138.00
0.328420	133.00
0.328440	129.00
0.328460	125.00
0.328480	121.00
0.328500	117.00
0.328520	114.00
0.328540	113.00
0.328560	112.00
0.328580	113.00
0.328600	114.00
0.328620	116.00
0.328640	119.00
0.328660	123.00
0.328680	126.00
0.328700	128.00
0.328720	130.00
0.328740	132.00
0.328760	133.00
0.328780	133.00
0.328800	133.00
0.328820	131.00
0.328840	129.00
0.328860	128.00
0.328880	127.00
0.328900	125.00
0.328920	123.00
0.328940	121.00
0.328960	120.00
0.328980	120.00
0.329000	120.00
0.329020	120.00
0.329040	121.00
0.329060	122.00
0.329080	124.00
0.329100	125.00
0.329120	126.00
0.329140	126.00
0.329160	127.00
0.329180	128.00
0.329200	128.00
0.329220	128.00
0.329240	128.00
0.329260	128.00
0.329280	127.00
0.329300	125.00
0.329320	124.00
0.329340	124.00
0.329360	124.00
0.329380	124.00
0.329400	123.00
0.329420	122.00
0.329440	122.00
0.329460	123.00
0.329480	124.00
0.329500	124.00
0.329520	124.00
0.329540	124.00
0.329560	125.00
0.329580	126.00
0.329600	126.00
0.329620	126.00
0.329640	126.00
0.329660	126.00
0.329680	126.00
0.329700	126.00
0.329720	126.00
0.329740	125.00
0.329760	125.00
0.329780	125.00
0.329800	125.00
0.329820	124.00
0.329840	124.00
0.329860	123.00
0.329880	123.00
0.329900	124.00
0.329920	124.00
0.329940	125.00
0.329960	125.00
0.329980	125.00
0.330000	125.00
0.330020	125.00
0.330040	125.00
0.330060	126.00
0.330080	126.00
0.330100	125.00
0.330120	125.00
0.330140	125.00
0.330160	126.00
0.330180	126.00
0.330200	125.00
0.330220	124.00
0.330240	124.00
0.330260	124.00
0.330280	124.00
0.330300	124.00
0.330320	124.00
0.330340	125.00
0.330360	125.00
0.330380	126.00
0.330400	125.00
0.330420	125.00
0.330440	125.00
0.330460	125.00
0.330480	126.00
0.330500	125.00
0.330520	125.00
0.330540	125.00
0.330560	125.00
0.330580	125.00
0.330600	124.00
0.330620	124.00
0.330640	124.00
0.330660	125.00
0.330680	126.00
0.330700	125.00
0.330720	125.00
0.330740	125.00
0.330760	125.00
0.330780	126.00
0.330800	125.00
0.330820	125.00
0.330840	125.00
0.330860	125.00
0.330880	126.00
0.330900	125.00
0.330920	124.00
0.330940	124.00
0.330960	124.00
0.330980	125.00
0.331000	125.00
0.331020	125.00
0.331040	125.00
0.331060	125.00
0.331080	125.00
0.331100	125.00
0.331120	124.00
0.331140	124.00
0.331160	125.00
0.331180	125.00
0.331200	124.00
0.331220	124.00
0.331240	124.00
0.331260	125.00
0.331280	126.00
0.331300	126.00
0.331320	125.00
0.331340	125.00
0.331360	125.00
0.331380	125.00
0.331400	125.00
0.331420	125.00
0.331440	125.00
0.331460	125.00
0.331480	125.00
0.331500	124.00
0.331520	124.00
0.331540	124.00
0.331560	124.00
0.331580	124.00
0.331600	124.00
0.331620	124.00
0.331640	124.00
0.331660	125.00
0.331680	125.00
0.331700	125.00
0.331720	125.00
0.331740	125.00
0.331760	125.00
0.331780	125.00
0.331800	125.00
0.331820	125.00
0.331840	125.00
0.331860	125.00
0.331880	124.00
0.331900	124.00
0.331920	123.00
0.331940	123.00
0.331960	123.00
0.331980	123.00
0.332000	123.00
0.332020	123.00
0.332040	124.00
0.332060	125.00
0.332080	126.00
0.332100	127.00
0.332120	128.00
0.332140	129.00
0.332160	129.00
0.332180	128.00
0.332200	128.00
0.332220	127.00
0.332240	126.00
0.332260	125.00
0.332280	124.00
0.332300	123.00
0.332320	121.00
0.332340	120.00
0.332360	119.00
0.332380	118.00
0.332400	118.00
0.332420	119.00
0.332440	120.00
0.332460	122.00
0.332480	124.00
0.332500	127.00
0.332520	129.00
0.332540	131.00
0.332560	134.00
0.332580	136.00
0.332600	136.00
0.332620	136.00
0.332640	134.00
0.332660	132.00
0.332680	128.00
0.332700	123.00
0.332720	119.00
0.332740	115.00
0.332760	111.00
0.332780	109.00
0.332800	107.00
0.332820	108.00
0.332840	110.00
0.332860	115.00
0.332880	120.00
0.332900	125.00
0.332920	131.00
0.332940	136.00
0.332960	141.00
0.332980	145.00
0.333000	146.00
0.333020	145.00
0.333040	143.00
0.333060	139.00
0.333080	135.00
0.333100	129.00
0.333120	122.00
0.333140	116.00
0.333160	111.00
0.333180	107.00
0.333200	104.00
0.333220	103.00
0.333240	104.00
0.333260	108.00
0.333280	112.00
0.333300	117.00
0.333320	123.00
0.333340	129.00
0.333360	134.00
0.333380	139.00
0.333400	142.00
0.333420	143.00
0.333440	143.00
0.333460	142.00
0.333480	139.00
0.333500	135.00
0.333520	130.00
0.333540	125.00
0.333560	121.00
0.333580	117.00
0.333600	114.00
0.333620	112.00
0.333640	111.00
0.333660	112.00
0.333680	114.00
0.333700	116.00
0.333720	119.00
0.333740	122.00
0.333760	125.00
0.333780	129.00
0.333800	131.00
0.333820	133.00
0.333840	134.00
0.333860	134.00
0.333880	134.00
0.333900	133.00
0.333920	131.00
0.333940	129.00
0.333960	126.00
0.333980	124.00
0.334000	121.00
0.334020	120.00
0.334040	119.00
0.334060	119.00
0.334080	119.00
0.334100	119.00
0.334120	120.00
0.334140	122.00
0.334160	123.00
0.334180	125.00
0.334200	126.00
0.334220	127.00
0.334240	128.00
0.334260	129.00
0.334280	130.00
0.334300	129.00
0.334320	128.00
0.334340	128.00
0.334360	127.00
0.334380	127.00
0.334400	125.00
0.334420	124.00
0.334440	123.00
0.334460	123.00
0.334480	123.00
0.334500	122.00
0.334520	122.00
0.334540	122.00
0.334560	123.00
0.334580	124.00
0.334600	125.00
0.334620	125.00
0.334640	125.00
0.334660	126.00
0.334680	126.00
0.334700	126.00
0.334720	126.00
0.334740	126.00
0.334760	126.00
0.334780	126.00
0.334800	126.00
0.334820	126.00
0.334840	126.00
0.334860	125.00
0.334880	125.00
0.334900	124.00
0.334920	124.00
0.334940	124.00
0.334960	124.00
0.334980	124.00
0.335000	124.00
0.335020	125.00
0.335040	125.00
0.335060	125.00
0.335080	125.00
0.335100	125.00
0.335120	125.00
0.335140	125.00
0.335160	126.00
0.335180	126.00
0.335200	125.00
0.335220	125.00
0.335240	125.00
0.335260	125.00
0.335280	125.00
0.335300	125.00
0.335320	125.00
0.335340	124.00
0.335360	124.00
0.335380	124.00
0.335400	124.00
0.335420	124.00
0.335440	125.00
0.335460	125.00
0.335480	125.00
0.335500	125.00
0.335520	125.00
0.335540	125.00
0.335560	125.00
0.335580	125.00
0.335600	124.00
0.335620	125.00
0.335640	125.00
0.335660	126.00
0.335680	125.00
0.335700	125.00
0.335720	125.00
0.335740	125.00
0.335760	125.00
0.335780	126.00
0.335800	125.00
0.335820	124.00
0.335840	124.00
0.335860	124.00
0.335880	124.00
0.335900	124.00
0.335920	124.00
0.335940	125.00
0.335960	125.00
0.335980	125.00
0.336000	124.00
0.336020	124.00
0.336040	124.00
0.336060	125.00
0.336080	125.00
0.336100	125.00
0.336120	124.00
0.336140	125.00
0.336160	125.00
0.336180	126.00
0.336200	126.00
0.336220	125.00
0.336240	125.00
0.336260	125.00
0.336280	125.00
0.336300	125.00
0.336320	124.00
0.336340	124.00
0.336360	125.00
0.336380	125.00
0.336400	125.00
0.336420	124.00
0.336440	125.00
0.336460	125.00
0.336480	125.00
0.336500	125.00
0.336520	125.00
0.336540	125.00
0.336560	125.00
0.336580	125.00
0.336600	125.00
0.336620	125.00
0.336640	125.00
0.336660	126.00
0.336680	125.00
0.336700	125.00
0.336720	124.00
0.336740	124.00
0.336760	124.00
0.336780	124.00
0.336800	124.00
0.336820	124.00
0.336840	125.00
0.336860	125.00
0.336880	125.00
0.336900	125.00
0.336920	124.00
0.336940	124.00
0.336960	125.00
0.336980	125.00
0.337000	125.00
0.337020	125.00
0.337040	125.00
0.337060	125.00
0.337080	125.00
0.337100	125.00
0.337120	125.00
0.337140	125.00
0.337160	125.00
0.337180	126.00
0.337200	125.00
0.337220	125.00
0.337240	125.00
0.337260	125.00
0.337280	125.00
0.337300	125.00
0.337320	124.00
0.337340	124.00
0.337360	124.00
0.337380	125.00
0.337400	124.00
0.337420	124.00
0.337440	124.00
0.337460	124.00
0.337480	125.00
0.337500	125.00
0.337520	125.00
0.337540	125.00
0.337560	125.00
0.337580	125.00
0.337600	125.00
0.337620	125.00
0.337640	125.00
0.337660	125.00
0.337680	126.00
0.337700	125.00
0.337720	125.00
0.337740	124.00
0.337760	124.00
0.337780	124.00
0.337800	125.00
0.337820	125.00
0.337840	125.00
0.337860	126.00
0.337880	126.00
0.337900	125.00
0.337920	125.00
0.337940	125.00
0.337960	125.00
0.337980	125.00
0.338000	125.00
0.338020	125.00
0.338040	124.00
0.338060	124.00
0.338080	124.00
0.338100	124.00
0.338120	124.00
0.338140	124.00
0.338160	124.00
0.338180	124.00
0.338200	124.00
0.338220	124.00
0.338240	125.00
0.338260	125.00
0.338280	126.00
0.338300	126.00
0.338320	127.00
0.338340	127.00
0.338360	127.00
0.338380	127.00
0.338400	126.00
0.338420	125.00
0.338440	125.00
0.338460	124.00
0.338480	124.00
0.338500	124.00
0.338520	123.00
0.338540	122.00
0.338560	122.00
0.338580	123.00
0.338600	123.00
0.338620	123.00
0.338640	123.00
0.338660	124.00
0.338680	125.00
0.338700	127.00
0.338720	128.00
0.338740	130.00
0.338760	130.00
0.338780	130.00
0.338800	130.00
0.338820	128.00
0.338840	127.00
0.338860	125.00
0.338880	124.00
0.338900	122.00
0.338920	120.00
0.338940	119.00
0.338960	118.00
0.338980	118.00
0.339000	118.00
0.339020	119.00
0.339040	120.00
0.339060	123.00
0.339080	125.00
0.339100	128.00
0.339120	130.00
0.339140	132.00
0.339160	133.00
0.339180	133.00
0.339200	133.00
0.339220	132.00
0.339240	130.00
0.339260	128.00
0.339280	126.00
0.339300	123.00
0.339320	121.00
0.339340	118.00
0.339360	117.00
0.339380	116.00
0.339400	116.00
0.339420	117.00
0.339440	118.00
0.339460	120.00
0.339480	122.00
0.339500	124.00
0.339520	126.00
0.339540	128.00
0.339560	130.00
0.339580	132.00
0.339600	132.00
0.339620	132.00
0.339640	131.00
0.339660	130.00
0.339680	128.00
0.339700	127.00
0.339720	125.00
0.339740	123.00
0.339760	122.00
0.339780	121.00
0.339800	120.00
0.339820	119.00
0.339840	119.00
0.339860	120.00
0.339880	121.00
0.339900	123.00
0.339920	124.00
0.339940	125.00
0.339960	126.00
0.339980	128.00
0.340000	128.00
0.340020	128.00
0.340040	128.00
0.340060	128.00
0.340080	128.00
0.340100	127.00
0.340120	126.00
0.340140	125.00
0.340160	124.00
0.340180	123.00
0.340200	123.00
0.340220	122.00
0.340240	122.00
0.340260	123.00
0.340280	123.00
0.340300	124.00
0.340320	124.00
0.340340	124.00
0.340360	125.00
0.340380	125.00
0.340400	126.00
0.340420	126.00
0.340440	126.00
0.340460	127.00
0.340480	127.00
0.340500	127.00
0.340520	126.00
0.340540	126.00
0.340560	125.00
0.340580	125.00
0.340600	124.00
0.340620	123.00
0.340640	123.00
0.340660	123.00
0.340680	124.00
0.340700	124.00
0.340720	124.00
0.340740	124.00
0.340760	124.00
0.340780	124.00
0.340800	124.00
0.340820	125.00
0.340840	126.00
0.340860	126.00
0.340880	126.00
0.340900	126.00
0.340920	125.00
0.340940	125.00
0.340960	125.00
0.340980	125.00
0.341000	125.00
0.341020	125.00
0.341040	125.00
0.341060	125.00
0.341080	124.00
0.341100	124.00
0.341120	124.00
0.341140	124.00
0.341160	124.00
0.341180	124.00
0.341200	124.00
0.341220	124.00
0.341240	125.00
0.341260	125.00
0.341280	126.00
0.341300	125.00
0.341320	125.00
0.341340	125.00
0.341360	125.00
0.341380	125.00
0.341400	125.00
0.341420	125.00
0.341440	125.00
0.341460	125.00
0.341480	125.00
0.341500	125.00
0.341520	125.00
0.341540	125.00
0.341560	125.00
0.341580	124.00
0.341600	125.00
0.341620	125.00
0.341640	125.00
0.341660	125.00
0.341680	125.00
0.341700	125.00
0.341720	125.00
0.341740	125.00
0.341760	125.00
0.341780	125.00
0.341800	125.00
0.341820	125.00
0.341840	125.00
0.341860	125.00
0.341880	125.00
0.341900	125.00
0.341920	125.00
0.341940	125.00
0.341960	125.00
0.341980	125.00
0.342000	125.00
0.342020	125.00
0.342040	124.00
0.342060	124.00
0.342080	124.00
0.342100	125.00
0.342120	125.00
0.342140	125.00
0.342160	125.00
0.342180	125.00
0.342200	125.00
0.342220	125.00
0.342240	125.00
0.342260	125.00
0.342280	125.00
0.342300	125.00
0.342320	125.00
0.342340	125.00
0.342360	126.00
0.342380	125.00
0.342400	125.00
0.342420	124.00
0.342440	124.00
0.342460	124.00
0.342480	125.00
0.342500	125.00
0.342520	125.00
0.342540	125.00
0.342560	125.00
0.342580	124.00
0.342600	124.00
0.342620	124.00
0.342640	125.00
0.342660	125.00
0.342680	125.00
0.342700	124.00
0.342720	124.00
0.342740	124.00
0.342760	125.00
0.342780	126.00
0.342800	125.00
0.342820	125.00
0.342840	125.00
0.342860	125.00
0.342880	125.00
0.342900	126.00
0.342920	125.00
0.342940	124.00
0.342960	124.00
0.342980	124.00
0.343000	125.00
0.343020	125.00
0.343040	124.00
0.343060	124.00
0.343080	124.00
0.343100	125.00
0.343120	125.00
0.343140	124.00
0.343160	125.00
0.343180	125.00
0.343200	126.00
0.343220	126.00
0.343240	126.00
0.343260	125.00
0.343280	125.00
0.343300	126.00
0.343320	126.00
0.343340	125.00
0.343360	125.00
0.343380	125.00
0.343400	125.00
0.343420	125.00
0.343440	125.00
0.343460	125.00
0.343480	125.00
0.343500	125.00
0.343520	125.00
0.343540	125.00
0.343560	125.00
0.343580	125.00
0.343600	125.00
0.343620	125.00
0.343640	125.00
0.343660	125.00
0.343680	125.00
0.343700	125.00
0.343720	125.00
0.343740	125.00
0.343760	125.00
0.343780	125.00
0.343800	125.00
0.343820	125.00
0.343840	125.00
0.343860	125.00
0.343880	125.00
0.343900	124.00
0.343920	124.00
0.343940	125.00
0.343960	125.00
0.343980	125.00
0.344000	124.00
0.344020	124.00
0.344040	124.00
0.344060	124.00
0.344080	125.00
0.344100	125.00
0.344120	125.00
0.344140	125.00
0.344160	125.00
0.344180	125.00
0.344200	125.00
0.344220	125.00
0.344240	125.00
0.344260	124.00
0.344280	124.00
0.344300	124.00
0.344320	124.00
0.344340	124.00
0.344360	124.00
0.344380	124.00
0.344400	124.00
0.344420	125.00
0.344440	125.00
0.344460	126.00
0.344480	126.00
0.344500	126.00
0.344520	126.00
0.344540	125.00
0.344560	125.00
0.344580	125.00
0.344600	125.00
0.344620	125.00
0.344640	124.00
0.344660	124.00
0.344680	124.00
0.344700	124.00
0.344720	124.00
0.344740	124.00
0.344760	124.00
0.344780	124.00
0.344800	124.00
0.344820	124.00
0.344840	125.00
0.344860	125.00
0.344880	126.00
0.344900	126.00
0.344920	126.00
0.344940	127.00
0.344960	127.00
0.344980	127.00
0.345000	126.00
0.345020	126.00
0.345040	125.00
0.345060	125.00
0.345080	124.00
0.345100	123.00
0.345120	122.00
0.345140	121.00
0.345160	121.00
0.345180	121.00
0.345200	122.00
0.345220	123.00
0.345240	124.00
0.345260	125.00
0.345280	126.00
0.345300	127.00
0.345320	127.00
0.345340	128.00
0.345360	129.00
0.345380	129.00
0.345400	128.00
0.345420	127.00
0.345440	126.00
0.345460	125.00
0.345480	124.00
0.345500	123.00
0.345520	122.00
0.345540	122.00
0.345560	122.00
0.345580	122.00
0.345600	122.00
0.345620	122.00
0.345640	123.00
0.345660	124.00
0.345680	125.00
0.345700	125.00
0.345720	126.00
0.345740	127.00
0.345760	127.00
0.345780	127.00
0.345800	127.00
0.345820	127.00
0.345840	127.00
0.345860	127.00
0.345880	126.00
0.345900	125.00
0.345920	124.00
0.345940	123.00
0.345960	123.00
0.345980	123.00
0.346000	123.00
0.346020	123.00
0.346040	123.00
0.346060	123.00
0.346080	124.00
0.346100	124.00
0.346120	124.00
0.346140	125.00
0.346160	126.00
0.346180	126.00
0.346200	126.00
0.346220	126.00
0.346240	126.00
0.346260	126.00
0.346280	126.00
0.346300	126.00
0.346320	125.00
0.346340	125.00
0.346360	124.00
0.346380	124.00
0.346400	124.00
0.346420	125.00
0.346440	124.00
0.346460	124.00
0.346480	124.00
0.346500	124.00
0.346520	125.00
0.346540	125.00
0.346560	125.00
0.346580	126.00
0.346600	126.00
0.346620	126.00
0.346640	125.00
0.346660	125.00
0.346680	125.00
0.346700	124.00
0.346720	124.00
0.346740	124.00
0.346760	124.00
0.346780	124.00
0.346800	124.00
0.346820	124.00
0.346840	125.00
0.346860	125.00
0.346880	125.00
0.346900	125.00
0.346920	125.00
0.346940	124.00
0.346960	124.00
0.346980	124.00
0.347000	124.00
0.347020	125.00
0.347040	125.00
0.347060	124.00
0.347080	124.00
0.347100	124.00
0.347120	124.00
0.347140	125.00
0.347160	125.00
0.347180	125.00
0.347200	124.00
0.347220	125.00
0.347240	125.00
0.347260	126.00
0.347280	126.00
0.347300	125.00
0.347320	125.00
0.347340	125.00
0.347360	125.00
0.347380	125.00
0.347400	125.00
0.347420	125.00
0.347440	125.00
0.347460	125.00
0.347480	125.00
0.347500	125.00
0.347520	125.00
0.347540	125.00
0.347560	125.00
0.347580	125.00
0.347600	125.00
0.347620	125.00
0.347640	125.00
0.347660	125.00
0.347680	126.00
0.347700	125.00
0.347720	125.00
0.347740	124.00
0.347760	124.00
0.347780	124.00
0.347800	125.00
0.347820	125.00
0.347840	125.00
0.347860	125.00
0.347880	125.00
0.347900	125.00
0.347920	125.00
0.347940	125.00
0.347960	125.00
0.347980	124.00
0.348000	124.00
0.348020	124.00
0.348040	124.00
0.348060	124.00
0.348080	124.00
0.348100	124.00
0.348120	124.00
0.348140	125.00
0.348160	125.00
0.348180	125.00
0.348200	125.00
0.348220	125.00
0.348240	124.00
0.348260	124.00
0.348280	124.00
0.348300	124.00
0.348320	125.00
0.348340	125.00
0.348360	125.00
0.348380	125.00
0.348400	125.00
0.348420	125.00
0.348440	125.00
0.348460	125.00
0.348480	125.00
0.348500	125.00
0.348520	125.00
0.348540	125.00
0.348560	125.00
0.348580	125.00
0.348600	125.00
0.348620	125.00
0.348640	125.00
0.348660	124.00
0.348680	124.00
0.348700	124.00
0.348720	124.00
0.348740	124.00
0.348760	124.00
0.348780	124.00
0.348800	125.00
0.348820	125.00
0.348840	125.00
0.348860	125.00
0.348880	125.00
0.348900	125.00
0.348920	125.00
0.348940	125.00
0.348960	125.00
0.348980	125.00
0.349000	125.00
0.349020	126.00
0.349040	126.00
0.349060	125.00
0.349080	125.00
0.349100	124.00
0.349120	124.00
0.349140	125.00
0.349160	125.00
0.349180	125.00
0.349200	125.00
0.349220	125.00
0.349240	125.00
0.349260	125.00
0.349280	125.00
0.349300	125.00
0.349320	125.00
0.349340	125.00
0.349360	125.00
0.349380	126.00
0.349400	126.00
0.349420	125.00
0.349440	125.00
0.349460	125.00
0.349480	125.00
0.349500	125.00
0.349520	125.00
0.349540	125.00
0.349560	125.00
0.349580	125.00
0.349600	125.00
0.349620	125.00
0.349640	125.00
0.349660	125.00
0.349680	125.00
0.349700	125.00
0.349720	125.00
0.349740	124.00
0.349760	124.00
0.349780	124.00
0.349800	125.00
0.349820	125.00
0.349840	126.00
0.349860	125.00
0.349880	125.00
0.349900	124.00
0.349920	124.00
0.349940	125.00
0.349960	125.00
0.349980	125.00
0.350000	125.00
0.350020	125.00
0.350040	125.00
0.350060	125.00
0.350080	125.00
0.350100	125.00
0.350120	125.00
0.350140	125.00
0.350160	125.00
0.350180	125.00
0.350200	125.00
0.350220	125.00
0.350240	125.00
0.350260	125.00
0.350280	125.00
0.350300	125.00
0.350320	124.00
0.350340	124.00
0.350360	124.00
0.350380	125.00
0.350400	125.00
0.350420	125.00
0.350440	124.00
0.350460	124.00
0.350480	124.00
0.350500	125.00
0.350520	125.00
0.350540	125.00
0.350560	124.00
0.350580	124.00
0.350600	125.00
0.350620	125.00
0.350640	126.00
0.350660	126.00
0.350680	126.00
0.350700	126.00
0.350720	126.00
0.350740	125.00
0.350760	125.00
0.350780	125.00
0.350800	125.00
0.350820	125.00
0.350840	125.00
0.350860	125.00
0.350880	125.00
0.350900	124.00
0.350920	124.00
0.350940	124.00
0.350960	124.00
0.350980	124.00
0.351000	124.00
0.351020	124.00
0.351040	124.00
0.351060	125.00
0.351080	125.00
0.351100	126.00
0.351120	126.00
0.351140	126.00
0.351160	126.00
0.351180	126.00
0.351200	125.00
0.351220	125.00
0.351240	125.00
0.351260	125.00
0.351280	124.00
0.351300	123.00
0.351320	123.00
0.351340	123.00
0.351360	124.00
0.351380	124.00
0.351400	123.00
0.351420	123.00
0.351440	124.00
0.351460	125.00
0.351480	126.00
0.351500	126.00
0.351520	126.00
0.351540	126.00
0.351560	126.00
0.351580	126.00
0.351600	126.00
0.351620	125.00
0.351640	125.00
0.351660	125.00
0.351680	125.00
0.351700	124.00
0.351720	124.00
0.351740	123.00
0.351760	123.00
0.351780	123.00
0.351800	123.00
0.351820	123.00
0.351840	124.00
0.351860	125.00
0.351880	125.00
0.351900	126.00
0.351920	126.00
0.351940	126.00
0.351960	126.00
0.351980	126.00
0.352000	126.00
0.352020	126.00
0.352040	126.00
0.352060	126.00
0.352080	125.00
0.352100	125.00
0.352120	124.00
0.352140	124.00
0.352160	124.00
0.352180	124.00
0.352200	124.00
0.352220	123.00
0.352240	123.00
0.352260	124.00
0.352280	124.00
0.352300	124.00
0.352320	124.00
0.352340	124.00
0.352360	125.00
0.352380	125.00
0.352400	125.00
0.352420	125.00
0.352440	125.00
0.352460	126.00
0.352480	126.00
0.352500	126.00
0.352520	126.00
0.352540	125.00
0.352560	124.00
0.352580	124.00
0.352600	124.00
0.352620	124.00
0.352640	124.00
0.352660	124.00
0.352680	124.00
0.352700	124.00
0.352720	124.00
0.352740	124.00
0.352760	124.00
0.352780	124.00
0.352800	124.00
0.352820	124.00
0.352840	124.00
0.352860	125.00
0.352880	126.00
0.352900	125.00
0.352920	125.00
0.352940	124.00
0.352960	124.00
0.352980	125.00
0.353000	125.00
0.353020	125.00
0.353040	125.00
0.353060	124.00
0.353080	124.00
0.353100	124.00
0.353120	124.00
0.353140	125.00
0.353160	125.00
0.353180	125.00
0.353200	125.00
0.353220	124.00
0.353240	124.00
0.353260	124.00
0.353280	125.00
0.353300	125.00
0.353320	125.00
0.353340	125.00
0.353360	125.00
0.353380	125.00
0.353400	125.00
0.353420	125.00
0.353440	125.00
0.353460	124.00
0.353480	124.00
0.353500	124.00
0.353520	124.00
0.353540	123.00
0.353560	123.00
0.353580	124.00
0.353600	124.00
0.353620	124.00
0.353640	125.00
0.353660	125.00
0.353680	125.00
0.353700	126.00
0.353720	126.00
0.353740	126.00
0.353760	126.00
0.353780	126.00
0.353800	125.00
0.353820	125.00
0.353840	125.00
0.353860	124.00
0.353880	124.00
0.353900	124.00
0.353920	124.00
0.353940	124.00
0.353960	124.00
0.353980	124.00
0.354000	124.00
0.354020	124.00
0.354040	124.00
0.354060	125.00
0.354080	125.00
0.354100	125.00
0.354120	125.00
0.354140	125.00
0.354160	125.00
0.354180	125.00
0.354200	125.00
0.354220	125.00
0.354240	125.00
0.354260	125.00
0.354280	125.00
0.354300	124.00
0.354320	124.00
0.354340	124.00
0.354360	124.00
0.354380	124.00
0.354400	124.00
0.354420	124.00
0.354440	124.00
0.354460	125.00
0.354480	125.00
0.354500	125.00
0.354520	125.00
0.354540	125.00
0.354560	125.00
0.354580	125.00
0.354600	126.00
0.354620	126.00
0.354640	126.00
0.354660	125.00
0.354680	125.00
0.354700	125.00
0.354720	125.00
0.354740	125.00
0.354760	125.00
0.354780	125.00
0.354800	124.00
0.354820	124.00
0.354840	124.00
0.354860	124.00
0.354880	125.00
0.354900	125.00
0.354920	125.00
0.354940	125.00
0.354960	125.00
0.354980	125.00
0.355000	125.00
0.355020	125.00
0.355040	125.00
0.355060	125.00
0.355080	125.00
0.355100	125.00
0.355120	125.00
0.355140	125.00
0.355160	125.00
0.355180	125.00
0.355200	125.00
0.355220	125.00
0.355240	124.00
0.355260	124.00
0.355280	124.00
0.355300	124.00
0.355320	124.00
0.355340	124.00
0.355360	124.00
0.355380	124.00
0.355400	124.00
0.355420	124.00
0.355440	124.00
0.355460	124.00
0.355480	125.00
0.355500	125.00
0.355520	125.00
0.355540	125.00
0.355560	125.00
0.355580	124.00
0.355600	124.00
0.355620	124.00
0.355640	124.00
0.355660	124.00
0.355680	124.00
0.355700	124.00
0.355720	124.00
0.355740	124.00
0.355760	124.00
0.355780	124.00
0.355800	124.00
0.355820	124.00
0.355840	124.00
0.355860	125.00
0.355880	125.00
0.355900	125.00
0.355920	125.00
0.355940	125.00
0.355960	124.00
0.355980	124.00
0.356000	124.00
0.356020	125.00
0.356040	125.00
0.356060	125.00
0.356080	124.00
0.356100	124.00
0.356120	124.00
0.356140	124.00
0.356160	124.00
0.356180	124.00
0.356200	124.00
0.356220	124.00
0.356240	124.00
0.356260	125.00
0.356280	125.00
0.356300	124.00
0.356320	124.00
0.356340	125.00
0.356360	125.00
0.356380	125.00
0.356400	124.00
0.356420	124.00
0.356440	125.00
0.356460	125.00
0.356480	125.00
0.356500	125.00
0.356520	125.00
0.356540	125.00
0.356560	125.00
0.356580	125.00
0.356600	125.00
0.356620	125.00
0.356640	124.00
0.356660	124.00
0.356680	124.00
0.356700	124.00
0.356720	124.00
0.356740	125.00
0.356760	125.00
0.356780	125.00
0.356800	125.00
0.356820	125.00
0.356840	125.00
0.356860	125.00
0.356880	125.00
0.356900	125.00
0.356920	125.00
0.356940	125.00
0.356960	125.00
0.356980	125.00
0.357000	125.00
0.357020	125.00
0.357040	124.00
0.357060	124.00
0.357080	124.00
0.357100	124.00
0.357120	124.00
0.357140	124.00
0.357160	124.00
0.357180	124.00
0.357200	125.00
0.357220	125.00
0.357240	125.00
0.357260	124.00
0.357280	124.00
0.357300	124.00
0.357320	125.00
0.357340	125.00
0.357360	125.00
0.357380	125.00
0.357400	125.00
0.357420	125.00
0.357440	124.00
0.357460	124.00
0.357480	124.00
0.357500	124.00
0.357520	124.00
0.357540	124.00
0.357560	124.00
0.357580	124.00
0.357600	125.00
0.357620	125.00
0.357640	125.00
0.357660	126.00
0.357680	126.00
0.357700	125.00
0.357720	126.00
0.357740	126.00
0.357760	126.00
0.357780	126.00
0.357800	126.00
0.357820	125.00
0.357840	125.00
0.357860	125.00
0.357880	125.00
0.357900	125.00
0.357920	125.00
0.357940	124.00
0.357960	124.00
0.357980	124.00
0.358000	124.00
0.358020	124.00
0.358040	125.00
0.358060	125.00
0.358080	125.00
0.358100	125.00
0.358120	125.00
0.358140	125.00
0.358160	125.00
0.358180	125.00
0.358200	125.00
0.358220	126.00
0.358240	126.00
0.358260	126.00
0.358280	125.00
0.358300	125.00
0.358320	125.00
0.358340	124.00
0.358360	124.00
0.358380	124.00
0.358400	124.00
0.358420	124.00
0.358440	124.00
0.358460	124.00
0.358480	124.00
0.358500	124.00
0.358520	124.00
0.358540	125.00
0.358560	125.00
0.358580	125.00
0.358600	125.00
0.358620	125.00
0.358640	125.00
0.358660	125.00
0.358680	125.00
0.358700	125.00
0.358720	125.00
0.358740	125.00
0.358760	125.00
0.358780	125.00
0.358800	125.00
0.358820	125.00
0.358840	125.00
0.358860	125.00
0.358880	125.00
0.358900	125.00
0.358920	125.00
0.358940	125.00
0.358960	125.00
0.358980	125.00
0.359000	124.00
0.359020	124.00
0.359040	124.00
0.359060	124.00
0.359080	124.00
0.359100	124.00
0.359120	124.00
0.359140	125.00
0.359160	125.00
0.359180	125.00
0.359200	125.00
0.359220	125.00
0.359240	125.00
0.359260	125.00
0.359280	125.00
0.359300	125.00
0.359320	124.00
0.359340	124.00
0.359360	125.00
0.359380	125.00
0.359400	125.00
0.359420	125.00
0.359440	124.00
0.359460	124.00
0.359480	124.00
0.359500	125.00
0.359520	125.00
0.359540	125.00
0.359560	125.00
0.359580	125.00
0.359600	125.00
0.359620	125.00
0.359640	125.00
0.359660	125.00
0.359680	125.00
0.359700	125.00
0.359720	125.00
0.359740	124.00
0.359760	125.00
0.359780	125.00
0.359800	125.00
0.359820	125.00
0.359840	124.00
0.359860	124.00
0.359880	125.00
0.359900	125.00
0.359920	124.00
0.359940	124.00
0.359960	124.00
0.359980	125.00
