0.410000	101.00
0.410020	49.00
0.410040	102.00
0.410060	141.00
0.410080	144.00
0.410100	125.00
0.410120	112.00
0.410140	117.00
0.410160	130.00
0.410180	133.00
0.410200	124.00
0.410220	117.00
0.410240	120.00
0.410260	128.00
0.410280	130.00
0.410300	124.00
0.410320	120.00
0.410340	121.00
0.410360	127.00
0.410380	128.00
0.410400	125.00
0.410420	121.00
0.410440	123.00
0.410460	127.00
0.410480	128.00
0.410500	125.00
0.410520	122.00
0.410540	124.00
0.410560	127.00
0.410580	128.00
0.410600	125.00
0.410620	122.00
0.410640	123.00
0.410660	126.00
0.410680	127.00
0.410700	125.00
0.410720	123.00
0.410740	123.00
0.410760	126.00
0.410780	127.00
0.410800	125.00
0.410820	124.00
0.410840	124.00
0.410860	126.00
0.410880	126.00
0.410900	124.00
0.410920	123.00
0.410940	124.00
0.410960	125.00
0.410980	126.00
0.411000	124.00
0.411020	123.00
0.411040	124.00
0.411060	125.00
0.411080	126.00
0.411100	124.00
0.411120	123.00
0.411140	124.00
0.411160	126.00
0.411180	126.00
0.411200	125.00
0.411220	124.00
0.411240	124.00
0.411260	125.00
0.411280	126.00
0.411300	124.00
0.411320	123.00
0.411340	124.00
0.411360	125.00
0.411380	126.00
0.411400	125.00
0.411420	123.00
0.411440	124.00
0.411460	126.00
0.411480	126.00
0.411500	125.00
0.411520	124.00
0.411540	124.00
0.411560	125.00
0.411580	125.00
0.411600	124.00
0.411620	123.00
0.411640	124.00
0.411660	125.00
0.411680	125.00
0.411700	124.00
0.411720	123.00
0.411740	124.00
0.411760	125.00
0.411780	126.00
0.411800	125.00
0.411820	124.00
0.411840	124.00
0.411860	125.00
0.411880	125.00
0.411900	124.00
0.411920	124.00
0.411940	124.00
0.411960	125.00
0.411980	125.00
0.412000	124.00
0.412020	124.00
0.412040	124.00
0.412060	125.00
0.412080	125.00
0.412100	124.00
0.412120	124.00
0.412140	124.00
0.412160	125.00
0.412180	125.00
0.412200	124.00
0.412220	124.00
0.412240	125.00
0.412260	125.00
0.412280	125.00
0.412300	124.00
0.412320	124.00
0.412340	124.00
0.412360	125.00
0.412380	126.00
0.412400	125.00
0.412420	124.00
0.412440	124.00
0.412460	125.00
0.412480	125.00
0.412500	124.00
0.412520	124.00
0.412540	124.00
0.412560	125.00
0.412580	125.00
0.412600	125.00
0.412620	124.00
0.412640	124.00
0.412660	125.00
0.412680	125.00
0.412700	124.00
0.412720	124.00
0.412740	124.00
0.412760	125.00
0.412780	125.00
0.412800	124.00
0.412820	124.00
0.412840	124.00
0.412860	125.00
0.412880	125.00
0.412900	124.00
0.412920	124.00
0.412940	124.00
0.412960	125.00
0.412980	125.00
0.413000	124.00
0.413020	124.00
0.413040	125.00
0.413060	126.00
0.413080	126.00
0.413100	125.00
0.413120	124.00
0.413140	124.00
0.413160	125.00
0.413180	125.00
0.413200	124.00
0.413220	124.00
0.413240	124.00
0.413260	125.00
0.413280	125.00
0.413300	125.00
0.413320	125.00
0.413340	125.00
0.413360	125.00
0.413380	125.00
0.413400	124.00
0.413420	124.00
0.413440	124.00
0.413460	125.00
0.413480	125.00
0.413500	124.00
0.413520	124.00
0.413540	124.00
0.413560	125.00
0.413580	125.00
0.413600	124.00
0.413620	124.00
0.413640	124.00
0.413660	125.00
0.413680	126.00
0.413700	125.00
0.413720	124.00
0.413740	124.00
0.413760	125.00
0.413780	126.00
0.413800	125.00
0.413820	125.00
0.413840	124.00
0.413860	125.00
0.413880	125.00
0.413900	125.00
0.413920	125.00
0.413940	125.00
0.413960	126.00
0.413980	126.00
0.414000	125.00
0.414020	125.00
0.414040	125.00
0.414060	125.00
0.414080	126.00
0.414100	125.00
0.414120	124.00
0.414140	124.00
0.414160	125.00
0.414180	125.00
0.414200	125.00
0.414220	124.00
0.414240	124.00
0.414260	124.00
0.414280	125.00
0.414300	125.00
0.414320	125.00
0.414340	125.00
0.414360	125.00
0.414380	125.00
0.414400	125.00
0.414420	125.00
0.414440	125.00
0.414460	125.00
0.414480	125.00
0.414500	124.00
0.414520	124.00
0.414540	124.00
0.414560	124.00
0.414580	125.00
0.414600	125.00
0.414620	125.00
0.414640	125.00
0.414660	125.00
0.414680	125.00
0.414700	124.00
0.414720	124.00
0.414740	124.00
0.414760	125.00
0.414780	125.00
0.414800	124.00
0.414820	124.00
0.414840	124.00
0.414860	125.00
0.414880	125.00
0.414900	125.00
0.414920	124.00
0.414940	125.00
0.414960	125.00
0.414980	125.00
0.415000	125.00
0.415020	125.00
0.415040	125.00
0.415060	126.00
0.415080	126.00
0.415100	125.00
0.415120	124.00
0.415140	124.00
0.415160	125.00
0.415180	125.00
0.415200	125.00
0.415220	124.00
0.415240	124.00
0.415260	124.00
0.415280	124.00
0.415300	124.00
0.415320	123.00
0.415340	124.00
0.415360	125.00
0.415380	126.00
0.415400	125.00
0.415420	125.00
0.415440	124.00
0.415460	125.00
0.415480	125.00
0.415500	125.00
0.415520	125.00
0.415540	125.00
0.415560	125.00
0.415580	125.00
0.415600	125.00
0.415620	124.00
0.415640	124.00
0.415660	124.00
0.415680	125.00
0.415700	125.00
0.415720	124.00
0.415740	125.00
0.415760	125.00
0.415780	124.00
0.415800	124.00
0.415820	124.00
0.415840	125.00
0.415860	125.00
0.415880	125.00
0.415900	125.00
0.415920	124.00
0.415940	124.00
0.415960	125.00
0.415980	125.00
0.416000	125.00
0.416020	124.00
0.416040	124.00
0.416060	124.00
0.416080	125.00
0.416100	125.00
0.416120	124.00
0.416140	125.00
0.416160	125.00
0.416180	125.00
0.416200	125.00
0.416220	125.00
0.416240	124.00
0.416260	124.00
0.416280	125.00
0.416300	125.00
0.416320	125.00
0.416340	125.00
0.416360	125.00
0.416380	125.00
0.416400	125.00
0.416420	124.00
0.416440	124.00
0.416460	124.00
0.416480	124.00
0.416500	124.00
0.416520	124.00
0.416540	124.00
0.416560	124.00
0.416580	124.00
0.416600	124.00
0.416620	124.00
0.416640	124.00
0.416660	125.00
0.416680	125.00
0.416700	125.00
0.416720	125.00
0.416740	125.00
0.416760	125.00
0.416780	125.00
0.416800	124.00
0.416820	124.00
0.416840	125.00
0.416860	126.00
0.416880	125.00
0.416900	125.00
0.416920	124.00
0.416940	124.00
0.416960	125.00
0.416980	126.00
0.417000	125.00
0.417020	124.00
0.417040	124.00
0.417060	124.00
0.417080	125.00
0.417100	124.00
0.417120	124.00
0.417140	124.00
0.417160	125.00
0.417180	125.00
0.417200	125.00
0.417220	125.00
0.417240	125.00
0.417260	125.00
0.417280	125.00
0.417300	125.00
0.417320	125.00
0.417340	125.00
0.417360	125.00
0.417380	125.00
0.417400	125.00
0.417420	125.00
0.417440	125.00
0.417460	125.00
0.417480	125.00
0.417500	125.00
0.417520	124.00
0.417540	124.00
0.417560	124.00
0.417580	124.00
0.417600	124.00
0.417620	124.00
0.417640	124.00
0.417660	125.00
0.417680	125.00
0.417700	125.00
0.417720	124.00
0.417740	124.00
0.417760	125.00
0.417780	125.00
0.417800	125.00
0.417820	125.00
0.417840	125.00
0.417860	124.00
0.417880	124.00
0.417900	124.00
0.417920	124.00
0.417940	124.00
0.417960	125.00
0.417980	125.00
0.418000	125.00
0.418020	125.00
0.418040	125.00
0.418060	124.00
0.418080	124.00
0.418100	124.00
0.418120	124.00
0.418140	124.00
0.418160	124.00
0.418180	124.00
0.418200	124.00
0.418220	124.00
0.418240	124.00
0.418260	124.00
0.418280	124.00
0.418300	125.00
0.418320	125.00
0.418340	125.00
0.418360	125.00
0.418380	125.00
0.418400	125.00
0.418420	125.00
0.418440	125.00
0.418460	125.00
0.418480	125.00
0.418500	125.00
0.418520	124.00
0.418540	124.00
0.418560	124.00
0.418580	124.00
0.418600	125.00
0.418620	125.00
0.418640	125.00
0.418660	126.00
0.418680	125.00
0.418700	125.00
0.418720	125.00
0.418740	124.00
0.418760	124.00
0.418780	124.00
0.418800	124.00
0.418820	125.00
0.418840	125.00
0.418860	125.00
0.418880	125.00
0.418900	125.00
0.418920	124.00
0.418940	124.00
0.418960	124.00
0.418980	124.00
0.419000	124.00
0.419020	124.00
0.419040	124.00
0.419060	124.00
0.419080	124.00
0.419100	125.00
0.419120	125.00
0.419140	125.00
0.419160	125.00
0.419180	125.00
0.419200	125.00
0.419220	124.00
0.419240	124.00
0.419260	124.00
0.419280	124.00
0.419300	124.00
0.419320	124.00
0.419340	124.00
0.419360	124.00
0.419380	124.00
0.419400	124.00
0.419420	125.00
0.419440	125.00
0.419460	125.00
0.419480	125.00
0.419500	125.00
0.419520	124.00
0.419540	124.00
0.419560	125.00
0.419580	125.00
0.419600	125.00
0.419620	125.00
0.419640	125.00
0.419660	125.00
0.419680	124.00
0.419700	124.00
0.419720	124.00
0.419740	125.00
0.419760	125.00
0.419780	125.00
0.419800	124.00
0.419820	124.00
0.419840	125.00
0.419860	125.00
0.419880	125.00
0.419900	125.00
0.419920	124.00
0.419940	124.00
0.419960	124.00
0.419980	124.00
0.420000	124.00
0.420020	124.00
0.420040	124.00
0.420060	125.00
0.420080	125.00
0.420100	125.00
0.420120	124.00
0.420140	124.00
0.420160	124.00
0.420180	124.00
0.420200	124.00
0.420220	124.00
0.420240	124.00
0.420260	124.00
0.420280	124.00
0.420300	124.00
0.420320	124.00
0.420340	124.00
0.420360	124.00
0.420380	124.00
0.420400	124.00
0.420420	124.00
0.420440	124.00
0.420460	124.00
0.420480	124.00
0.420500	124.00
0.420520	124.00
0.420540	124.00
0.420560	124.00
0.420580	124.00
0.420600	125.00
0.420620	125.00
0.420640	125.00
0.420660	125.00
0.420680	125.00
0.420700	125.00
0.420720	125.00
0.420740	125.00
0.420760	125.00
0.420780	125.00
0.420800	124.00
0.420820	124.00
0.420840	124.00
0.420860	125.00
0.420880	125.00
0.420900	125.00
0.420920	125.00
0.420940	125.00
0.420960	125.00
0.420980	125.00
0.421000	125.00
0.421020	125.00
0.421040	125.00
0.421060	124.00
0.421080	124.00
0.421100	124.00
0.421120	124.00
0.421140	124.00
0.421160	124.00
0.421180	124.00
0.421200	124.00
0.421220	125.00
0.421240	125.00
0.421260	126.00
0.421280	126.00
0.421300	125.00
0.421320	125.00
0.421340	124.00
0.421360	124.00
0.421380	125.00
0.421400	125.00
0.421420	125.00
0.421440	125.00
0.421460	125.00
0.421480	125.00
0.421500	125.00
0.421520	124.00
0.421540	124.00
0.421560	124.00
0.421580	124.00
0.421600	124.00
0.421620	125.00
0.421640	125.00
0.421660	125.00
0.421680	125.00
0.421700	125.00
0.421720	125.00
0.421740	125.00
0.421760	125.00
0.421780	124.00
0.421800	124.00
0.421820	124.00
0.421840	124.00
0.421860	124.00
0.421880	124.00
0.421900	124.00
0.421920	124.00
0.421940	125.00
0.421960	125.00
0.421980	125.00
0.422000	124.00
0.422020	124.00
0.422040	124.00
0.422060	124.00
0.422080	125.00
0.422100	125.00
0.422120	125.00
0.422140	124.00
0.422160	124.00
0.422180	124.00
0.422200	125.00
0.422220	125.00
0.422240	125.00
0.422260	125.00
0.422280	125.00
0.422300	124.00
0.422320	124.00
0.422340	124.00
0.422360	125.00
0.422380	125.00
0.422400	125.00
0.422420	125.00
0.422440	125.00
0.422460	125.00
0.422480	125.00
0.422500	125.00
0.422520	124.00
0.422540	125.00
0.422560	125.00
0.422580	125.00
0.422600	125.00
0.422620	125.00
0.422640	125.00
0.422660	124.00
0.422680	124.00
0.422700	124.00
0.422720	124.00
0.422740	125.00
0.422760	125.00
0.422780	125.00
0.422800	125.00
0.422820	125.00
0.422840	124.00
0.422860	124.00
0.422880	124.00
0.422900	124.00
0.422920	124.00
0.422940	125.00
0.422960	125.00
0.422980	124.00
0.423000	124.00
0.423020	124.00
0.423040	124.00
0.423060	124.00
0.423080	124.00
0.423100	124.00
0.423120	124.00
0.423140	124.00
0.423160	124.00
0.423180	124.00
0.423200	125.00
0.423220	125.00
0.423240	125.00
0.423260	125.00
0.423280	124.00
0.423300	124.00
0.423320	124.00
0.423340	124.00
0.423360	124.00
0.423380	124.00
0.423400	124.00
0.423420	124.00
0.423440	125.00
0.423460	125.00
0.423480	125.00
0.423500	125.00
0.423520	125.00
0.423540	125.00
0.423560	125.00
0.423580	124.00
0.423600	124.00
0.423620	124.00
0.423640	124.00
0.423660	125.00
0.423680	125.00
0.423700	125.00
0.423720	125.00
0.423740	124.00
0.423760	124.00
0.423780	124.00
0.423800	124.00
0.423820	124.00
0.423840	125.00
0.423860	125.00
0.423880	125.00
0.423900	125.00
0.423920	124.00
0.423940	124.00
0.423960	124.00
0.423980	124.00
0.424000	124.00
0.424020	124.00
0.424040	123.00
0.424060	122.00
0.424080	121.00
0.424100	121.00
0.424120	121.00
0.424140	122.00
0.424160	124.00
0.424180	125.00
0.424200	127.00
0.424220	130.00
0.424240	134.00
0.424260	137.00
0.424280	139.00
0.424300	140.00
0.424320	140.00
0.424340	139.00
0.424360	135.00
0.424380	129.00
0.424400	121.00
0.424420	113.00
0.424440	106.00
0.424460	99.00
0.424480	94.00
0.424500	91.00
0.424520	91.00
0.424540	93.00
0.424560	99.00
0.424580	108.00
0.424600	119.00
0.424620	132.00
0.424640	145.00
0.424660	156.00
0.424680	165.00
0.424700	172.00
0.424720	176.00
0.424740	177.00
0.424760	173.00
0.424780	165.00
0.424800	152.00
0.424820	134.00
0.424840	113.00
0.424860	91.00
0.424880	70.00
0.424900	53.00
0.424920	42.00
0.424940	38.00
0.424960	41.00
0.424980	53.00
0.425000	73.00
0.425020	100.00
0.425040	133.00
0.425060	167.00
0.425080	198.00
0.425100	223.00
0.425120	239.00
0.425140	244.00
0.425160	238.00
0.425180	224.00
0.425200	202.00
0.425220	169.00
0.425240	126.00
0.425260	78.00
0.425280	35.00
0.425300	8.00
0.425320	0.00
0.425340	0.00
0.425360	1.00
0.425380	0.00
0.425400	6.00
0.425420	31.00
0.425440	76.00
0.425460	131.00
0.425480	180.00
0.425500	218.00
0.425520	241.00
0.425540	254.00
0.425560	255.00
0.425580	255.00
0.425600	242.00
0.425620	222.00
0.425640	194.00
0.425660	157.00
0.425680	113.00
0.425700	68.00
0.425720	31.00
0.425740	9.00
0.425760	0.00
0.425780	0.00
0.425800	0.00
0.425820	7.00
0.425840	26.00
0.425860	57.00
0.425880	95.00
0.425900	132.00
0.425920	165.00
0.425940	191.00
0.425960	210.00
0.425980	221.00
0.426000	223.00
0.426020	217.00
0.426040	205.00
0.426060	188.00
0.426080	167.00
0.426100	142.00
0.426120	116.00
0.426140	93.00
0.426160	75.00
0.426180	64.00
0.426200	57.00
0.426220	56.00
0.426240	61.00
0.426260	71.00
0.426280	85.00
0.426300	101.00
0.426320	117.00
0.426340	132.00
0.426360	146.00
0.426380	157.00
0.426400	164.00
0.426420	166.00
0.426440	165.00
0.426460	162.00
0.426480	155.00
0.426500	147.00
0.426520	136.00
0.426540	126.00
0.426560	116.00
0.426580	109.00
0.426600	103.00
0.426620	99.00
0.426640	98.00
0.426660	100.00
0.426680	104.00
0.426700	108.00
0.426720	113.00
0.426740	119.00
0.426760	126.00
0.426780	132.00
0.426800	136.00
0.426820	138.00
0.426840	140.00
0.426860	141.00
0.426880	140.00
0.426900	138.00
0.426920	134.00
0.426940	130.00
0.426960	126.00
0.426980	123.00
0.427000	120.00
0.427020	118.00
0.427040	116.00
0.427060	115.00
0.427080	115.00
0.427100	115.00
0.427120	117.00
0.427140	119.00
0.427160	121.00
0.427180	124.00
0.427200	126.00
0.427220	128.00
0.427240	130.00
0.427260	131.00
0.427280	132.00
0.427300	132.00
0.427320	131.00
0.427340	130.00
0.427360	128.00
0.427380	127.00
0.427400	125.00
0.427420	124.00
0.427440	122.00
0.427460	122.00
0.427480	121.00
0.427500	121.00
0.427520	120.00
0.427540	120.00
0.427560	121.00
0.427580	121.00
0.427600	122.00
0.427620	123.00
0.427640	124.00
0.427660	126.00
0.427680	127.00
0.427700	127.00
0.427720	127.00
0.427740	127.00
0.427760	127.00
0.427780	127.00
0.427800	127.00
0.427820	126.00
0.427840	125.00
0.427860	125.00
0.427880	124.00
0.427900	124.00
0.427920	123.00
0.427940	123.00
0.427960	123.00
0.427980	124.00
0.428000	123.00
0.428020	123.00
0.428040	123.00
0.428060	124.00
0.428080	124.00
0.428100	124.00
0.428120	125.00
0.428140	125.00
0.428160	126.00
0.428180	126.00
0.428200	127.00
0.428220	126.00
0.428240	126.00
0.428260	126.00
0.428280	125.00
0.428300	125.00
0.428320	125.00
0.428340	124.00
0.428360	124.00
0.428380	124.00
0.428400	125.00
0.428420	124.00
0.428440	124.00
0.428460	124.00
0.428480	124.00
0.428500	125.00
0.428520	124.00
0.428540	125.00
0.428560	125.00
0.428580	125.00
0.428600	126.00
0.428620	125.00
0.428640	125.00
0.428660	125.00
0.428680	125.00
0.428700	124.00
0.428720	124.00
0.428740	124.00
0.428760	125.00
0.428780	125.00
0.428800	125.00
0.428820	125.00
0.428840	125.00
0.428860	125.00
0.428880	125.00
0.428900	125.00
0.428920	125.00
0.428940	125.00
0.428960	125.00
0.428980	125.00
0.429000	124.00
0.429020	124.00
0.429040	124.00
0.429060	125.00
0.429080	125.00
0.429100	125.00
0.429120	125.00
0.429140	125.00
0.429160	125.00
0.429180	125.00
0.429200	126.00
0.429220	125.00
0.429240	125.00
0.429260	125.00
0.429280	124.00
0.429300	124.00
0.429320	124.00
0.429340	124.00
0.429360	124.00
0.429380	125.00
0.429400	124.00
0.429420	124.00
0.429440	124.00
0.429460	124.00
0.429480	124.00
0.429500	125.00
0.429520	125.00
0.429540	125.00
0.429560	125.00
0.429580	125.00
0.429600	126.00
0.429620	125.00
0.429640	125.00
0.429660	125.00
0.429680	125.00
0.429700	125.00
0.429720	125.00
0.429740	125.00
0.429760	125.00
0.429780	125.00
0.429800	125.00
0.429820	124.00
0.429840	124.00
0.429860	124.00
0.429880	124.00
0.429900	124.00
0.429920	124.00
0.429940	124.00
0.429960	125.00
0.429980	125.00
0.430000	125.00
0.430020	125.00
0.430040	125.00
0.430060	125.00
0.430080	125.00
0.430100	124.00
0.430120	124.00
0.430140	124.00
0.430160	124.00
0.430180	124.00
0.430200	124.00
0.430220	124.00
0.430240	124.00
0.430260	124.00
0.430280	125.00
0.430300	125.00
0.430320	125.00
0.430340	125.00
0.430360	125.00
0.430380	125.00
0.430400	125.00
0.430420	124.00
0.430440	124.00
0.430460	123.00
0.430480	123.00
0.430500	122.00
0.430520	122.00
0.430540	121.00
0.430560	121.00
0.430580	122.00
0.430600	124.00
0.430620	125.00
0.430640	126.00
0.430660	128.00
0.430680	129.00
0.430700	131.00
0.430720	133.00
0.430740	133.00
0.430760	133.00
0.430780	132.00
0.430800	131.00
0.430820	128.00
0.430840	126.00
0.430860	123.00
0.430880	120.00
0.430900	117.00
0.430920	114.00
0.430940	112.00
0.430960	111.00
0.430980	111.00
0.431000	111.00
0.431020	113.00
0.431040	117.00
0.431060	122.00
0.431080	128.00
0.431100	134.00
0.431120	140.00
0.431140	145.00
0.431160	148.00
0.431180	150.00
0.431200	149.00
0.431220	145.00
0.431240	140.00
0.431260	132.00
0.431280	123.00
0.431300	113.00
0.431320	103.00
0.431340	95.00
0.431360	89.00
0.431380	86.00
0.431400	86.00
0.431420	90.00
0.431440	97.00
0.431460	108.00
0.431480	121.00
0.431500	135.00
0.431520	148.00
0.431540	160.00
0.431560	170.00
0.431580	176.00
0.431600	178.00
0.431620	175.00
0.431640	168.00
0.431660	156.00
0.431680	142.00
0.431700	126.00
0.431720	109.00
0.431740	93.00
0.431760	80.00
0.431780	71.00
0.431800	66.00
0.431820	66.00
0.431840	71.00
0.431860	81.00
0.431880	94.00
0.431900	110.00
0.431920	126.00
0.431940	143.00
0.431960	158.00
0.431980	169.00
0.432000	177.00
0.432020	180.00
0.432040	179.00
0.432060	173.00
0.432080	163.00
0.432100	150.00
0.432120	135.00
0.432140	119.00
0.432160	105.00
0.432180	92.00
0.432200	83.00
0.432220	78.00
0.432240	77.00
0.432260	80.00
0.432280	87.00
0.432300	97.00
0.432320	108.00
0.432340	120.00
0.432360	132.00
0.432380	143.00
0.432400	153.00
0.432420	159.00
0.432440	162.00
0.432460	162.00
0.432480	158.00
0.432500	152.00
0.432520	144.00
0.432540	135.00
0.432560	126.00
0.432580	116.00
0.432600	108.00
0.432620	102.00
0.432640	98.00
0.432660	98.00
0.432680	99.00
0.432700	102.00
0.432720	107.00
0.432740	113.00
0.432760	119.00
0.432780	126.00
0.432800	133.00
0.432820	138.00
0.432840	142.00
0.432860	144.00
0.432880	144.00
0.432900	143.00
0.432920	140.00
0.432940	136.00
0.432960	132.00
0.432980	127.00
0.433000	123.00
0.433020	119.00
0.433040	116.00
0.433060	114.00
0.433080	113.00
0.433100	113.00
0.433120	114.00
0.433140	116.00
0.433160	119.00
0.433180	121.00
0.433200	124.00
0.433220	127.00
0.433240	129.00
0.433260	131.00
0.433280	132.00
0.433300	133.00
0.433320	133.00
0.433340	132.00
0.433360	130.00
0.433380	128.00
0.433400	126.00
0.433420	125.00
0.433440	124.00
0.433460	122.00
0.433480	121.00
0.433500	120.00
0.433520	120.00
0.433540	120.00
0.433560	121.00
0.433580	122.00
0.433600	123.00
0.433620	124.00
0.433640	125.00
0.433660	126.00
0.433680	127.00
0.433700	128.00
0.433720	128.00
0.433740	128.00
0.433760	128.00
0.433780	127.00
0.433800	126.00
0.433820	125.00
0.433840	124.00
0.433860	124.00
0.433880	123.00
0.433900	123.00
0.433920	122.00
0.433940	122.00
0.433960	123.00
0.433980	123.00
0.434000	124.00
0.434020	124.00
0.434040	125.00
0.434060	125.00
0.434080	126.00
0.434100	126.00
0.434120	126.00
0.434140	126.00
0.434160	126.00
0.434180	126.00
0.434200	126.00
0.434220	125.00
0.434240	124.00
0.434260	123.00
0.434280	123.00
0.434300	123.00
0.434320	123.00
0.434340	123.00
0.434360	123.00
0.434380	123.00
0.434400	124.00
0.434420	124.00
0.434440	125.00
0.434460	126.00
0.434480	126.00
0.434500	127.00
0.434520	127.00
0.434540	127.00
0.434560	127.00
0.434580	126.00
0.434600	126.00
0.434620	125.00
0.434640	125.00
0.434660	124.00
0.434680	123.00
0.434700	123.00
0.434720	123.00
0.434740	123.00
0.434760	124.00
0.434780	124.00
0.434800	124.00
0.434820	124.00
0.434840	125.00
0.434860	125.00
0.434880	125.00
0.434900	126.00
0.434920	126.00
0.434940	126.00
0.434960	126.00
0.434980	126.00
0.435000	125.00
0.435020	125.00
0.435040	125.00
0.435060	124.00
0.435080	124.00
0.435100	124.00
0.435120	124.00
0.435140	124.00
0.435160	124.00
0.435180	124.00
0.435200	124.00
0.435220	123.00
0.435240	123.00
0.435260	124.00
0.435280	124.00
0.435300	125.00
0.435320	125.00
0.435340	125.00
0.435360	125.00
0.435380	125.00
0.435400	125.00
0.435420	125.00
0.435440	125.00
0.435460	125.00
0.435480	125.00
0.435500	124.00
0.435520	124.00
0.435540	124.00
0.435560	125.00
0.435580	125.00
0.435600	125.00
0.435620	124.00
0.435640	124.00
0.435660	124.00
0.435680	124.00
0.435700	125.00
0.435720	125.00
0.435740	125.00
0.435760	125.00
0.435780	125.00
0.435800	125.00
0.435820	125.00
0.435840	125.00
0.435860	125.00
0.435880	125.00
0.435900	125.00
0.435920	125.00
0.435940	125.00
0.435960	125.00
0.435980	125.00
0.436000	125.00
0.436020	125.00
0.436040	125.00
0.436060	125.00
0.436080	124.00
0.436100	124.00
0.436120	124.00
0.436140	124.00
0.436160	124.00
0.436180	124.00
0.436200	124.00
0.436220	124.00
0.436240	124.00
0.436260	125.00
0.436280	125.00
0.436300	125.00
0.436320	125.00
0.436340	125.00
0.436360	126.00
0.436380	126.00
0.436400	126.00
0.436420	125.00
0.436440	125.00
0.436460	124.00
0.436480	124.00
0.436500	125.00
0.436520	125.00
0.436540	125.00
0.436560	125.00
0.436580	124.00
0.436600	124.00
0.436620	124.00
0.436640	124.00
0.436660	125.00
0.436680	124.00
0.436700	124.00
0.436720	124.00
0.436740	123.00
0.436760	123.00
0.436780	123.00
0.436800	123.00
0.436820	124.00
0.436840	124.00
0.436860	125.00
0.436880	126.00
0.436900	127.00
0.436920	128.00
0.436940	129.00
0.436960	129.00
0.436980	129.00
0.437000	129.00
0.437020	129.00
0.437040	128.00
0.437060	126.00
0.437080	124.00
0.437100	122.00
0.437120	120.00
0.437140	119.00
0.437160	118.00
0.437180	117.00
0.437200	117.00
0.437220	117.00
0.437240	118.00
0.437260	120.00
0.437280	123.00
0.437300	126.00
0.437320	130.00
0.437340	133.00
0.437360	135.00
0.437380	137.00
0.437400	138.00
0.437420	138.00
0.437440	137.00
0.437460	134.00
0.437480	131.00
0.437500	126.00
0.437520	121.00
0.437540	116.00
0.437560	111.00
0.437580	106.00
0.437600	103.00
0.437620	102.00
0.437640	103.00
0.437660	107.00
0.437680	112.00
0.437700	119.00
0.437720	127.00
0.437740	136.00
0.437760	144.00
0.437780	151.00
0.437800	155.00
0.437820	157.00
0.437840	157.00
0.437860	154.00
0.437880	147.00
0.437900	139.00
0.437920	129.00
0.437940	118.00
0.437960	108.00
0.437980	99.00
0.438000	92.00
0.438020	89.00
0.438040	88.00
0.438060	91.00
0.438080	97.00
0.438100	106.00
0.438120	115.00
0.438140	126.00
0.438160	136.00
0.438180	145.00
0.438200	152.00
0.438220	156.00
0.438240	156.00
0.438260	155.00
0.438280	150.00
0.438300	143.00
0.438320	135.00
0.438340	126.00
0.438360	117.00
0.438380	110.00
0.438400	104.00
0.438420	101.00
0.438440	100.00
0.438460	102.00
0.438480	105.00
0.438500	111.00
0.438520	117.00
0.438540	124.00
0.438560	130.00
0.438580	136.00
0.438600	139.00
0.438620	142.00
0.438640	143.00
0.438660	142.00
0.438680	139.00
0.438700	135.00
0.438720	130.00
0.438740	125.00
0.438760	120.00
0.438780	116.00
0.438800	113.00
0.438820	111.00
0.438840	110.00
0.438860	112.00
0.438880	114.00
0.438900	117.00
0.438920	121.00
0.438940	124.00
0.438960	128.00
0.438980	131.00
0.439000	134.00
0.439020	135.00
0.439040	135.00
0.439060	135.00
0.439080	134.00
0.439100	132.00
0.439120	130.00
0.439140	127.00
0.439160	124.00
0.439180	122.00
0.439200	120.00
0.439220	118.00
0.439240	117.00
0.439260	117.00
0.439280	118.00
0.439300	120.00
0.439320	121.00
0.439340	122.00
0.439360	124.00
0.439380	126.00
0.439400	128.00
0.439420	129.00
0.439440	130.00
0.439460	130.00
0.439480	130.00
0.439500	130.00
0.439520	129.00
0.439540	128.00
0.439560	127.00
0.439580	125.00
0.439600	124.00
0.439620	123.00
0.439640	122.00
0.439660	122.00
0.439680	121.00
0.439700	121.00
0.439720	122.00
0.439740	122.00
0.439760	122.00
0.439780	123.00
0.439800	123.00
0.439820	124.00
0.439840	125.00
0.439860	127.00
0.439880	128.00
0.439900	128.00
0.439920	128.00
0.439940	128.00
0.439960	128.00
0.439980	127.00
0.440000	126.00
0.440020	125.00
0.440040	124.00
0.440060	123.00
0.440080	123.00
0.440100	123.00
0.440120	122.00
0.440140	122.00
0.440160	122.00
0.440180	123.00
0.440200	123.00
0.440220	124.00
0.440240	125.00
0.440260	126.00
0.440280	126.00
0.440300	127.00
0.440320	127.00
0.440340	127.00
0.440360	127.00
0.440380	127.00
0.440400	127.00
0.440420	127.00
0.440440	126.00
0.440460	125.00
0.440480	124.00
0.440500	123.00
0.440520	122.00
0.440540	122.00
0.440560	121.00
0.440580	121.00
0.440600	122.00
0.440620	122.00
0.440640	123.00
0.440660	124.00
0.440680	125.00
0.440700	126.00
0.440720	127.00
0.440740	128.00
0.440760	129.00
0.440780	129.00
0.440800	128.00
0.440820	127.00
0.440840	126.00
0.440860	125.00
0.440880	124.00
0.440900	123.00
0.440920	122.00
0.440940	122.00
0.440960	122.00
0.440980	122.00
0.441000	122.00
0.441020	123.00
0.441040	123.00
0.441060	124.00
0.441080	125.00
0.441100	126.00
0.441120	126.00
0.441140	126.00
0.441160	126.00
0.441180	126.00
0.441200	126.00
0.441220	125.00
0.441240	124.00
0.441260	124.00
0.441280	124.00
0.441300	125.00
0.441320	125.00
0.441340	124.00
0.441360	124.00
0.441380	125.00
0.441400	125.00
0.441420	125.00
0.441440	125.00
0.441460	125.00
0.441480	125.00
0.441500	125.00
0.441520	125.00
0.441540	126.00
0.441560	125.00
0.441580	125.00
0.441600	125.00
0.441620	124.00
0.441640	124.00
0.441660	123.00
0.441680	123.00
0.441700	123.00
0.441720	124.00
0.441740	124.00
0.441760	124.00
0.441780	124.00
0.441800	125.00
0.441820	125.00
0.441840	125.00
0.441860	125.00
0.441880	125.00
0.441900	125.00
0.441920	125.00
0.441940	125.00
0.441960	125.00
0.441980	125.00
0.442000	125.00
0.442020	125.00
0.442040	125.00
0.442060	124.00
0.442080	124.00
0.442100	124.00
0.442120	124.00
0.442140	124.00
0.442160	124.00
0.442180	124.00
0.442200	124.00
0.442220	124.00
0.442240	125.00
0.442260	125.00
0.442280	125.00
0.442300	126.00
0.442320	126.00
0.442340	126.00
0.442360	125.00
0.442380	125.00
0.442400	125.00
0.442420	125.00
0.442440	125.00
0.442460	124.00
0.442480	123.00
0.442500	123.00
0.442520	124.00
0.442540	124.00
0.442560	124.00
0.442580	125.00
0.442600	125.00
0.442620	126.00
0.442640	126.00
0.442660	126.00
0.442680	126.00
0.442700	126.00
0.442720	126.00
0.442740	126.00
0.442760	126.00
0.442780	126.00
0.442800	125.00
0.442820	125.00
0.442840	124.00
0.442860	124.00
0.442880	123.00
0.442900	123.00
0.442920	123.00
0.442940	122.00
0.442960	122.00
0.442980	123.00
0.443000	123.00
0.443020	124.00
0.443040	124.00
0.443060	125.00
0.443080	126.00
0.443100	127.00
0.443120	127.00
0.443140	128.00
0.443160	128.00
0.443180	128.00
0.443200	128.00
0.443220	128.00
0.443240	127.00
0.443260	126.00
0.443280	125.00
0.443300	124.00
0.443320	123.00
0.443340	122.00
0.443360	122.00
0.443380	121.00
0.443400	121.00
0.443420	120.00
0.443440	120.00
0.443460	121.00
0.443480	122.00
0.443500	124.00
0.443520	125.00
0.443540	126.00
0.443560	128.00
0.443580	130.00
0.443600	131.00
0.443620	132.00
0.443640	132.00
0.443660	131.00
0.443680	130.00
0.443700	129.00
0.443720	127.00
0.443740	125.00
0.443760	123.00
0.443780	121.00
0.443800	118.00
0.443820	116.00
0.443840	114.00
0.443860	113.00
0.443880	114.00
0.443900	115.00
0.443920	118.00
0.443940	121.00
0.443960	125.00
0.443980	129.00
0.444000	133.00
0.444020	137.00
0.444040	140.00
0.444060	141.00
0.444080	142.00
0.444100	140.00
0.444120	137.00
0.444140	133.00
0.444160	128.00
0.444180	123.00
0.444200	118.00
0.444220	114.00
0.444240	111.00
0.444260	109.00
0.444280	108.00
0.444300	109.00
0.444320	111.00
0.444340	114.00
0.444360	118.00
0.444380	122.00
0.444400	127.00
0.444420	130.00
0.444440	132.00
0.444460	134.00
0.444480	134.00
0.444500	134.00
0.444520	134.00
0.444540	133.00
0.444560	131.00
0.444580	129.00
0.444600	128.00
0.444620	126.00
0.444640	125.00
0.444660	125.00
0.444680	124.00
0.444700	124.00
0.444720	123.00
0.444740	123.00
0.444760	123.00
0.444780	122.00
0.444800	122.00
0.444820	121.00
0.444840	121.00
0.444860	120.00
0.444880	120.00
0.444900	121.00
0.444920	121.00
0.444940	122.00
0.444960	122.00
0.444980	123.00
0.445000	125.00
0.445020	126.00
0.445040	128.00
0.445060	129.00
0.445080	130.00
0.445100	130.00
0.445120	130.00
0.445140	130.00
0.445160	129.00
0.445180	128.00
0.445200	126.00
0.445220	124.00
0.445240	122.00
0.445260	121.00
0.445280	120.00
0.445300	119.00
0.445320	119.00
0.445340	119.00
0.445360	120.00
0.445380	121.00
0.445400	122.00
0.445420	123.00
0.445440	125.00
0.445460	127.00
0.445480	128.00
0.445500	129.00
0.445520	129.00
0.445540	129.00
0.445560	128.00
0.445580	127.00
0.445600	126.00
0.445620	125.00
0.445640	124.00
0.445660	124.00
0.445680	123.00
0.445700	123.00
0.445720	122.00
0.445740	122.00
0.445760	122.00
0.445780	123.00
0.445800	124.00
0.445820	124.00
0.445840	125.00
0.445860	125.00
0.445880	126.00
0.445900	126.00
0.445920	126.00
0.445940	126.00
0.445960	125.00
0.445980	125.00
0.446000	124.00
0.446020	124.00
0.446040	124.00
0.446060	124.00
0.446080	124.00
0.446100	124.00
0.446120	124.00
0.446140	124.00
0.446160	125.00
0.446180	126.00
0.446200	126.00
0.446220	127.00
0.446240	126.00
0.446260	126.00
0.446280	126.00
0.446300	125.00
0.446320	125.00
0.446340	124.00
0.446360	124.00
0.446380	123.00
0.446400	123.00
0.446420	123.00
0.446440	124.00
0.446460	124.00
0.446480	124.00
0.446500	124.00
0.446520	125.00
0.446540	125.00
0.446560	125.00
0.446580	125.00
0.446600	125.00
0.446620	125.00
0.446640	125.00
0.446660	125.00
0.446680	125.00
0.446700	125.00
0.446720	125.00
0.446740	124.00
0.446760	124.00
0.446780	124.00
0.446800	124.00
0.446820	123.00
0.446840	123.00
0.446860	123.00
0.446880	124.00
0.446900	125.00
0.446920	125.00
0.446940	126.00
0.446960	126.00
0.446980	126.00
0.447000	126.00
0.447020	126.00
0.447040	126.00
0.447060	125.00
0.447080	125.00
0.447100	125.00
0.447120	125.00
0.447140	124.00
0.447160	124.00
0.447180	124.00
0.447200	124.00
0.447220	124.00
0.447240	124.00
0.447260	124.00
0.447280	124.00
0.447300	124.00
0.447320	125.00
0.447340	125.00
0.447360	125.00
0.447380	125.00
0.447400	125.00
0.447420	125.00
0.447440	125.00
0.447460	125.00
0.447480	124.00
0.447500	124.00
0.447520	124.00
0.447540	125.00
0.447560	125.00
0.447580	126.00
0.447600	126.00
0.447620	126.00
0.447640	126.00
0.447660	126.00
0.447680	126.00
0.447700	125.00
0.447720	125.00
0.447740	125.00
0.447760	125.00
0.447780	124.00
0.447800	124.00
0.447820	124.00
0.447840	124.00
0.447860	124.00
0.447880	123.00
0.447900	123.00
0.447920	123.00
0.447940	124.00
0.447960	124.00
0.447980	125.00
0.448000	125.00
0.448020	126.00
0.448040	126.00
0.448060	126.00
0.448080	126.00
0.448100	126.00
0.448120	126.00
0.448140	126.00
0.448160	125.00
0.448180	125.00
0.448200	125.00
0.448220	125.00
0.448240	124.00
0.448260	124.00
0.448280	123.00
0.448300	123.00
0.448320	123.00
0.448340	123.00
0.448360	124.00
0.448380	124.00
0.448400	124.00
0.448420	125.00
0.448440	125.00
0.448460	126.00
0.448480	126.00
0.448500	127.00
0.448520	127.00
0.448540	127.00
0.448560	127.00
0.448580	126.00
0.448600	126.00
0.448620	125.00
0.448640	124.00
0.448660	123.00
0.448680	122.00
0.448700	121.00
0.448720	122.00
0.448740	122.00
0.448760	122.00
0.448780	123.00
0.448800	123.00
0.448820	125.00
0.448840	126.00
0.448860	127.00
0.448880	127.00
0.448900	127.00
0.448920	127.00
0.448940	127.00
0.448960	128.00
0.448980	127.00
0.449000	126.00
0.449020	125.00
0.449040	124.00
0.449060	124.00
0.449080	123.00
0.449100	122.00
0.449120	122.00
0.449140	121.00
0.449160	121.00
0.449180	122.00
0.449200	122.00
0.449220	123.00
0.449240	123.00
0.449260	124.00
0.449280	125.00
0.449300	126.00
0.449320	127.00
0.449340	127.00
0.449360	128.00
0.449380	128.00
0.449400	128.00
0.449420	128.00
0.449440	127.00
0.449460	127.00
0.449480	126.00
0.449500	125.00
0.449520	124.00
0.449540	124.00
0.449560	123.00
0.449580	123.00
0.449600	123.00
0.449620	122.00
0.449640	122.00
0.449660	122.00
0.449680	122.00
0.449700	123.00
0.449720	124.00
0.449740	124.00
0.449760	125.00
0.449780	125.00
0.449800	126.00
0.449820	126.00
0.449840	127.00
0.449860	127.00
0.449880	128.00
0.449900	129.00
0.449920	129.00
0.449940	128.00
0.449960	128.00
0.449980	127.00
