0.410000	101.00
0.410020	49.00
0.410040	101.00
0.410060	140.00
0.410080	143.00
0.410100	124.00
0.410120	112.00
0.410140	117.00
0.410160	130.00
0.410180	133.00
0.410200	125.00
0.410220	118.00
0.410240	121.00
0.410260	128.00
0.410280	130.00
0.410300	124.00
0.410320	120.00
0.410340	122.00
0.410360	128.00
0.410380	129.00
0.410400	125.00
0.410420	121.00
0.410440	122.00
0.410460	127.00
0.410480	128.00
0.410500	125.00
0.410520	123.00
0.410540	123.00
0.410560	126.00
0.410580	127.00
0.410600	124.00
0.410620	122.00
0.410640	123.00
0.410660	126.00
0.410680	127.00
0.410700	125.00
0.410720	123.00
0.410740	124.00
0.410760	126.00
0.410780	126.00
0.410800	124.00
0.410820	123.00
0.410840	123.00
0.410860	126.00
0.410880	126.00
0.410900	124.00
0.410920	123.00
0.410940	123.00
0.410960	125.00
0.410980	126.00
0.411000	124.00
0.411020	123.00
0.411040	123.00
0.411060	125.00
0.411080	126.00
0.411100	124.00
0.411120	123.00
0.411140	124.00
0.411160	125.00
0.411180	126.00
0.411200	125.00
0.411220	124.00
0.411240	125.00
0.411260	126.00
0.411280	126.00
0.411300	125.00
0.411320	123.00
0.411340	123.00
0.411360	125.00
0.411380	125.00
0.411400	124.00
0.411420	123.00
0.411440	124.00
0.411460	125.00
0.411480	125.00
0.411500	124.00
0.411520	123.00
0.411540	124.00
0.411560	125.00
0.411580	125.00
0.411600	125.00
0.411620	124.00
0.411640	124.00
0.411660	125.00
0.411680	125.00
0.411700	124.00
0.411720	123.00
0.411740	124.00
0.411760	125.00
0.411780	125.00
0.411800	124.00
0.411820	123.00
0.411840	124.00
0.411860	125.00
0.411880	125.00
0.411900	124.00
0.411920	124.00
0.411940	124.00
0.411960	125.00
0.411980	125.00
0.412000	124.00
0.412020	124.00
0.412040	124.00
0.412060	125.00
0.412080	125.00
0.412100	124.00
0.412120	124.00
0.412140	124.00
0.412160	125.00
0.412180	125.00
0.412200	124.00
0.412220	124.00
0.412240	124.00
0.412260	125.00
0.412280	126.00
0.412300	125.00
0.412320	125.00
0.412340	125.00
0.412360	125.00
0.412380	125.00
0.412400	124.00
0.412420	124.00
0.412440	124.00
0.412460	125.00
0.412480	125.00
0.412500	125.00
0.412520	124.00
0.412540	124.00
0.412560	125.00
0.412580	125.00
0.412600	124.00
0.412620	124.00
0.412640	124.00
0.412660	125.00
0.412680	125.00
0.412700	124.00
0.412720	124.00
0.412740	124.00
0.412760	125.00
0.412780	125.00
0.412800	125.00
0.412820	125.00
0.412840	125.00
0.412860	126.00
0.412880	126.00
0.412900	125.00
0.412920	125.00
0.412940	124.00
0.412960	124.00
0.412980	124.00
0.413000	124.00
0.413020	124.00
0.413040	124.00
0.413060	125.00
0.413080	125.00
0.413100	125.00
0.413120	124.00
0.413140	125.00
0.413160	126.00
0.413180	126.00
0.413200	125.00
0.413220	124.00
0.413240	124.00
0.413260	125.00
0.413280	125.00
0.413300	124.00
0.413320	124.00
0.413340	124.00
0.413360	125.00
0.413380	126.00
0.413400	126.00
0.413420	125.00
0.413440	125.00
0.413460	125.00
0.413480	125.00
0.413500	125.00
0.413520	125.00
0.413540	125.00
0.413560	126.00
0.413580	126.00
0.413600	125.00
0.413620	125.00
0.413640	125.00
0.413660	126.00
0.413680	126.00
0.413700	125.00
0.413720	124.00
0.413740	124.00
0.413760	125.00
0.413780	125.00
0.413800	124.00
0.413820	124.00
0.413840	124.00
0.413860	125.00
0.413880	126.00
0.413900	125.00
0.413920	125.00
0.413940	124.00
0.413960	124.00
0.413980	125.00
0.414000	124.00
0.414020	124.00
0.414040	124.00
0.414060	125.00
0.414080	126.00
0.414100	125.00
0.414120	124.00
0.414140	124.00
0.414160	125.00
0.414180	125.00
0.414200	125.00
0.414220	125.00
0.414240	125.00
0.414260	124.00
0.414280	124.00
0.414300	124.00
0.414320	124.00
0.414340	125.00
0.414360	125.00
0.414380	125.00
0.414400	125.00
0.414420	124.00
0.414440	124.00
0.414460	124.00
0.414480	125.00
0.414500	125.00
0.414520	125.00
0.414540	125.00
0.414560	126.00
0.414580	126.00
0.414600	125.00
0.414620	125.00
0.414640	125.00
0.414660	125.00
0.414680	125.00
0.414700	124.00
0.414720	124.00
0.414740	124.00
0.414760	125.00
0.414780	125.00
0.414800	125.00
0.414820	124.00
0.414840	124.00
0.414860	124.00
0.414880	125.00
0.414900	124.00
0.414920	124.00
0.414940	124.00
0.414960	124.00
0.414980	125.00
0.415000	124.00
0.415020	124.00
0.415040	124.00
0.415060	124.00
0.415080	125.00
0.415100	124.00
0.415120	124.00
0.415140	124.00
0.415160	125.00
0.415180	125.00
0.415200	125.00
0.415220	124.00
0.415240	124.00
0.415260	124.00
0.415280	125.00
0.415300	125.00
0.415320	125.00
0.415340	125.00
0.415360	125.00
0.415380	126.00
0.415400	125.00
0.415420	125.00
0.415440	125.00
0.415460	125.00
0.415480	126.00
0.415500	125.00
0.415520	125.00
0.415540	125.00
0.415560	125.00
0.415580	125.00
0.415600	124.00
0.415620	124.00
0.415640	124.00
0.415660	125.00
0.415680	125.00
0.415700	125.00
0.415720	124.00
0.415740	124.00
0.415760	124.00
0.415780	125.00
0.415800	125.00
0.415820	125.00
0.415840	125.00
0.415860	125.00
0.415880	125.00
0.415900	125.00
0.415920	125.00
0.415940	125.00
0.415960	126.00
0.415980	126.00
0.416000	125.00
0.416020	124.00
0.416040	124.00
0.416060	125.00
0.416080	125.00
0.416100	125.00
0.416120	125.00
0.416140	124.00
0.416160	124.00
0.416180	124.00
0.416200	124.00
0.416220	124.00
0.416240	124.00
0.416260	125.00
0.416280	126.00
0.416300	125.00
0.416320	125.00
0.416340	124.00
0.416360	124.00
0.416380	125.00
0.416400	125.00
0.416420	125.00
0.416440	124.00
0.416460	124.00
0.416480	124.00
0.416500	125.00
0.416520	125.00
0.416540	125.00
0.416560	125.00
0.416580	125.00
0.416600	124.00
0.416620	124.00
0.416640	124.00
0.416660	125.00
0.416680	124.00
0.416700	124.00
0.416720	124.00
0.416740	125.00
0.416760	125.00
0.416780	125.00
0.416800	125.00
0.416820	124.00
0.416840	125.00
0.416860	125.00
0.416880	125.00
0.416900	125.00
0.416920	124.00
0.416940	124.00
0.416960	125.00
0.416980	125.00
0.417000	125.00
0.417020	124.00
0.417040	124.00
0.417060	124.00
0.417080	125.00
0.417100	124.00
0.417120	124.00
0.417140	124.00
0.417160	124.00
0.417180	125.00
0.417200	124.00
0.417220	124.00
0.417240	124.00
0.417260	124.00
0.417280	125.00
0.417300	125.00
0.417320	125.00
0.417340	124.00
0.417360	125.00
0.417380	125.00
0.417400	125.00
0.417420	125.00
0.417440	125.00
0.417460	125.00
0.417480	125.00
0.417500	124.00
0.417520	124.00
0.417540	125.00
0.417560	125.00
0.417580	126.00
0.417600	125.00
0.417620	124.00
0.417640	124.00
0.417660	125.00
0.417680	125.00
0.417700	125.00
0.417720	124.00
0.417740	124.00
0.417760	124.00
0.417780	125.00
0.417800	124.00
0.417820	124.00
0.417840	124.00
0.417860	124.00
0.417880	125.00
0.417900	124.00
0.417920	124.00
0.417940	124.00
0.417960	124.00
0.417980	124.00
0.418000	124.00
0.418020	124.00
0.418040	125.00
0.418060	125.00
0.418080	126.00
0.418100	125.00
0.418120	124.00
0.418140	124.00
0.418160	124.00
0.418180	125.00
0.418200	125.00
0.418220	124.00
0.418240	124.00
0.418260	124.00
0.418280	124.00
0.418300	125.00
0.418320	124.00
0.418340	124.00
0.418360	125.00
0.418380	125.00
0.418400	125.00
0.418420	125.00
0.418440	125.00
0.418460	125.00
0.418480	125.00
0.418500	124.00
0.418520	124.00
0.418540	124.00
0.418560	124.00
0.418580	124.00
0.418600	124.00
0.418620	124.00
0.418640	124.00
0.418660	125.00
0.418680	125.00
0.418700	125.00
0.418720	124.00
0.418740	124.00
0.418760	124.00
0.418780	124.00
0.418800	124.00
0.418820	124.00
0.418840	124.00
0.418860	124.00
0.418880	124.00
0.418900	124.00
0.418920	124.00
0.418940	124.00
0.418960	124.00
0.418980	124.00
0.419000	125.00
0.419020	125.00
0.419040	125.00
0.419060	125.00
0.419080	125.00
0.419100	124.00
0.419120	124.00
0.419140	125.00
0.419160	125.00
0.419180	126.00
0.419200	125.00
0.419220	125.00
0.419240	125.00
0.419260	125.00
0.419280	125.00
0.419300	125.00
0.419320	124.00
0.419340	124.00
0.419360	124.00
0.419380	125.00
0.419400	125.00
0.419420	125.00
0.419440	125.00
0.419460	125.00
0.419480	125.00
0.419500	125.00
0.419520	125.00
0.419540	125.00
0.419560	125.00
0.419580	126.00
0.419600	125.00
0.419620	125.00
0.419640	125.00
0.419660	125.00
0.419680	125.00
0.419700	124.00
0.419720	124.00
0.419740	124.00
0.419760	124.00
0.419780	125.00
0.419800	124.00
0.419820	124.00
0.419840	124.00
0.419860	124.00
0.419880	125.00
0.419900	124.00
0.419920	124.00
0.419940	124.00
0.419960	124.00
0.419980	125.00
0.420000	125.00
0.420020	125.00
0.420040	125.00
0.420060	125.00
0.420080	125.00
0.420100	125.00
0.420120	124.00
0.420140	124.00
0.420160	124.00
0.420180	125.00
0.420200	125.00
0.420220	125.00
0.420240	125.00
0.420260	125.00
0.420280	124.00
0.420300	124.00
0.420320	125.00
0.420340	125.00
0.420360	125.00
0.420380	125.00
0.420400	125.00
0.420420	124.00
0.420440	124.00
0.420460	124.00
0.420480	125.00
0.420500	124.00
0.420520	124.00
0.420540	124.00
0.420560	124.00
0.420580	125.00
0.420600	124.00
0.420620	124.00
0.420640	124.00
0.420660	124.00
0.420680	125.00
0.420700	124.00
0.420720	124.00
0.420740	124.00
0.420760	124.00
0.420780	124.00
0.420800	124.00
0.420820	124.00
0.420840	124.00
0.420860	124.00
0.420880	124.00
0.420900	124.00
0.420920	124.00
0.420940	124.00
0.420960	125.00
0.420980	125.00
0.421000	124.00
0.421020	124.00
0.421040	124.00
0.421060	124.00
0.421080	125.00
0.421100	125.00
0.421120	125.00
0.421140	125.00
0.421160	125.00
0.421180	125.00
0.421200	124.00
0.421220	124.00
0.421240	124.00
0.421260	124.00
0.421280	125.00
0.421300	124.00
0.421320	124.00
0.421340	124.00
0.421360	125.00
0.421380	126.00
0.421400	125.00
0.421420	125.00
0.421440	124.00
0.421460	124.00
0.421480	124.00
0.421500	125.00
0.421520	125.00
0.421540	124.00
0.421560	125.00
0.421580	125.00
0.421600	125.00
0.421620	125.00
0.421640	125.00
0.421660	125.00
0.421680	125.00
0.421700	125.00
0.421720	124.00
0.421740	124.00
0.421760	124.00
0.421780	125.00
0.421800	124.00
0.421820	124.00
0.421840	124.00
0.421860	124.00
0.421880	125.00
0.421900	124.00
0.421920	124.00
0.421940	124.00
0.421960	124.00
0.421980	125.00
0.422000	125.00
0.422020	125.00
0.422040	124.00
0.422060	124.00
0.422080	124.00
0.422100	124.00
0.422120	124.00
0.422140	125.00
0.422160	125.00
0.422180	126.00
0.422200	125.00
0.422220	125.00
0.422240	125.00
0.422260	125.00
0.422280	125.00
0.422300	126.00
0.422320	125.00
0.422340	125.00
0.422360	125.00
0.422380	125.00
0.422400	125.00
0.422420	124.00
0.422440	124.00
0.422460	124.00
0.422480	125.00
0.422500	125.00
0.422520	125.00
0.422540	124.00
0.422560	124.00
0.422580	124.00
0.422600	124.00
0.422620	124.00
0.422640	125.00
0.422660	125.00
0.422680	125.00
0.422700	125.00
0.422720	125.00
0.422740	125.00
0.422760	125.00
0.422780	125.00
0.422800	124.00
0.422820	124.00
0.422840	124.00
0.422860	124.00
0.422880	125.00
0.422900	124.00
0.422920	124.00
0.422940	124.00
0.422960	124.00
0.422980	124.00
0.423000	124.00
0.423020	125.00
0.423040	125.00
0.423060	125.00
0.423080	125.00
0.423100	125.00
0.423120	125.00
0.423140	124.00
0.423160	125.00
0.423180	125.00
0.423200	125.00
0.423220	125.00
0.423240	124.00
0.423260	124.00
0.423280	125.00
0.423300	125.00
0.423320	125.00
0.423340	125.00
0.423360	125.00
0.423380	125.00
0.423400	125.00
0.423420	125.00
0.423440	125.00
0.423460	126.00
0.423480	126.00
0.423500	125.00
0.423520	124.00
0.423540	124.00
0.423560	124.00
0.423580	125.00
0.423600	125.00
0.423620	125.00
0.423640	125.00
0.423660	125.00
0.423680	125.00
0.423700	124.00
0.423720	124.00
0.423740	124.00
0.423760	124.00
0.423780	125.00
0.423800	124.00
0.423820	124.00
0.423840	124.00
0.423860	124.00
0.423880	125.00
0.423900	125.00
0.423920	125.00
0.423940	125.00
0.423960	125.00
0.423980	125.00
0.424000	125.00
0.424020	125.00
0.424040	125.00
0.424060	125.00
0.424080	125.00
0.424100	125.00
0.424120	124.00
0.424140	124.00
0.424160	124.00
0.424180	125.00
0.424200	125.00
0.424220	125.00
0.424240	125.00
0.424260	125.00
0.424280	126.00
0.424300	125.00
0.424320	124.00
0.424340	124.00
0.424360	124.00
0.424380	124.00
0.424400	123.00
0.424420	122.00
0.424440	121.00
0.424460	120.00
0.424480	121.00
0.424500	122.00
0.424520	123.00
0.424540	125.00
0.424560	127.00
0.424580	130.00
0.424600	133.00
0.424620	136.00
0.424640	139.00
0.424660	141.00
0.424680	141.00
0.424700	139.00
0.424720	134.00
0.424740	128.00
0.424760	120.00
0.424780	113.00
0.424800	105.00
0.424820	98.00
0.424840	93.00
0.424860	91.00
0.424880	91.00
0.424900	94.00
0.424920	99.00
0.424940	108.00
0.424960	119.00
0.424980	133.00
0.425000	145.00
0.425020	156.00
0.425040	165.00
0.425060	172.00
0.425080	176.00
0.425100	176.00
0.425120	172.00
0.425140	164.00
0.425160	151.00
0.425180	133.00
0.425200	113.00
0.425220	90.00
0.425240	70.00
0.425260	53.00
0.425280	43.00
0.425300	40.00
0.425320	44.00
0.425340	55.00
0.425360	75.00
0.425380	103.00
0.425400	135.00
0.425420	168.00
0.425440	199.00
0.425460	223.00
0.425480	239.00
0.425500	243.00
0.425520	237.00
0.425540	222.00
0.425560	199.00
0.425580	167.00
0.425600	124.00
0.425620	76.00
0.425640	33.00
0.425660	8.00
0.425680	0.00
0.425700	1.00
0.425720	1.00
0.425740	0.00
0.425760	7.00
0.425780	33.00
0.425800	78.00
0.425820	133.00
0.425840	182.00
0.425860	219.00
0.425880	242.00
0.425900	254.00
0.425920	255.00
0.425940	254.00
0.425960	242.00
0.425980	221.00
0.426000	193.00
0.426020	155.00
0.426040	110.00
0.426060	66.00
0.426080	30.00
0.426100	9.00
0.426120	0.00
0.426140	0.00
0.426160	0.00
0.426180	9.00
0.426200	29.00
0.426220	60.00
0.426240	99.00
0.426260	136.00
0.426280	168.00
0.426300	193.00
0.426320	211.00
0.426340	222.00
0.426360	224.00
0.426380	217.00
0.426400	203.00
0.426420	185.00
0.426440	163.00
0.426460	138.00
0.426480	113.00
0.426500	90.00
0.426520	72.00
0.426540	60.00
0.426560	54.00
0.426580	54.00
0.426600	60.00
0.426620	71.00
0.426640	86.00
0.426660	103.00
0.426680	119.00
0.426700	135.00
0.426720	149.00
0.426740	160.00
0.426760	167.00
0.426780	170.00
0.426800	168.00
0.426820	164.00
0.426840	156.00
0.426860	147.00
0.426880	136.00
0.426900	125.00
0.426920	116.00
0.426940	108.00
0.426960	102.00
0.426980	98.00
0.427000	97.00
0.427020	99.00
0.427040	103.00
0.427060	107.00
0.427080	113.00
0.427100	120.00
0.427120	127.00
0.427140	133.00
0.427160	137.00
0.427180	140.00
0.427200	141.00
0.427220	141.00
0.427240	141.00
0.427260	138.00
0.427280	135.00
0.427300	130.00
0.427320	126.00
0.427340	122.00
0.427360	119.00
0.427380	117.00
0.427400	115.00
0.427420	114.00
0.427440	115.00
0.427460	116.00
0.427480	118.00
0.427500	120.00
0.427520	123.00
0.427540	125.00
0.427560	127.00
0.427580	129.00
0.427600	130.00
0.427620	131.00
0.427640	132.00
0.427660	131.00
0.427680	130.00
0.427700	129.00
0.427720	128.00
0.427740	127.00
0.427760	125.00
0.427780	124.00
0.427800	122.00
0.427820	121.00
0.427840	120.00
0.427860	120.00
0.427880	121.00
0.427900	122.00
0.427920	123.00
0.427940	124.00
0.427960	124.00
0.427980	125.00
0.428000	125.00
0.428020	126.00
0.428040	127.00
0.428060	128.00
0.428080	127.00
0.428100	127.00
0.428120	126.00
0.428140	126.00
0.428160	126.00
0.428180	125.00
0.428200	125.00
0.428220	124.00
0.428240	124.00
0.428260	124.00
0.428280	123.00
0.428300	123.00
0.428320	123.00
0.428340	124.00
0.428360	124.00
0.428380	124.00
0.428400	125.00
0.428420	125.00
0.428440	126.00
0.428460	126.00
0.428480	126.00
0.428500	126.00
0.428520	125.00
0.428540	125.00
0.428560	125.00
0.428580	125.00
0.428600	125.00
0.428620	125.00
0.428640	125.00
0.428660	126.00
0.428680	125.00
0.428700	125.00
0.428720	124.00
0.428740	124.00
0.428760	124.00
0.428780	124.00
0.428800	124.00
0.428820	124.00
0.428840	124.00
0.428860	125.00
0.428880	125.00
0.428900	125.00
0.428920	125.00
0.428940	125.00
0.428960	125.00
0.428980	125.00
0.429000	124.00
0.429020	124.00
0.429040	124.00
0.429060	124.00
0.429080	124.00
0.429100	124.00
0.429120	124.00
0.429140	124.00
0.429160	124.00
0.429180	124.00
0.429200	124.00
0.429220	124.00
0.429240	125.00
0.429260	125.00
0.429280	126.00
0.429300	125.00
0.429320	125.00
0.429340	125.00
0.429360	125.00
0.429380	125.00
0.429400	125.00
0.429420	126.00
0.429440	125.00
0.429460	124.00
0.429480	124.00
0.429500	125.00
0.429520	125.00
0.429540	125.00
0.429560	125.00
0.429580	125.00
0.429600	125.00
0.429620	125.00
0.429640	125.00
0.429660	125.00
0.429680	125.00
0.429700	124.00
0.429720	124.00
0.429740	124.00
0.429760	124.00
0.429780	124.00
0.429800	124.00
0.429820	124.00
0.429840	124.00
0.429860	124.00
0.429880	125.00
0.429900	125.00
0.429920	125.00
0.429940	125.00
0.429960	125.00
0.429980	125.00
0.430000	125.00
0.430020	125.00
0.430040	125.00
0.430060	125.00
0.430080	125.00
0.430100	125.00
0.430120	125.00
0.430140	125.00
0.430160	125.00
0.430180	124.00
0.430200	124.00
0.430220	124.00
0.430240	124.00
0.430260	124.00
0.430280	125.00
0.430300	125.00
0.430320	125.00
0.430340	125.00
0.430360	125.00
0.430380	125.00
0.430400	124.00
0.430420	124.00
0.430440	125.00
0.430460	125.00
0.430480	125.00
0.430500	126.00
0.430520	126.00
0.430540	126.00
0.430560	125.00
0.430580	125.00
0.430600	125.00
0.430620	125.00
0.430640	125.00
0.430660	125.00
0.430680	125.00
0.430700	125.00
0.430720	125.00
0.430740	125.00
0.430760	125.00
0.430780	124.00
0.430800	124.00
0.430820	123.00
0.430840	122.00
0.430860	122.00
0.430880	121.00
0.430900	121.00
0.430920	121.00
0.430940	122.00
0.430960	123.00
0.430980	125.00
0.431000	126.00
0.431020	128.00
0.431040	130.00
0.431060	131.00
0.431080	132.00
0.431100	132.00
0.431120	132.00
0.431140	132.00
0.431160	130.00
0.431180	128.00
0.431200	124.00
0.431220	121.00
0.431240	118.00
0.431260	116.00
0.431280	114.00
0.431300	112.00
0.431320	112.00
0.431340	113.00
0.431360	114.00
0.431380	117.00
0.431400	120.00
0.431420	124.00
0.431440	129.00
0.431460	135.00
0.431480	139.00
0.431500	143.00
0.431520	145.00
0.431540	146.00
0.431560	145.00
0.431580	141.00
0.431600	135.00
0.431620	128.00
0.431640	121.00
0.431660	113.00
0.431680	106.00
0.431700	99.00
0.431720	94.00
0.431740	93.00
0.431760	94.00
0.431780	99.00
0.431800	106.00
0.431820	116.00
0.431840	126.00
0.431860	137.00
0.431880	147.00
0.431900	156.00
0.431920	162.00
0.431940	165.00
0.431960	165.00
0.431980	161.00
0.432000	154.00
0.432020	145.00
0.432040	133.00
0.432060	121.00
0.432080	108.00
0.432100	98.00
0.432120	89.00
0.432140	83.00
0.432160	81.00
0.432180	83.00
0.432200	87.00
0.432220	95.00
0.432240	105.00
0.432260	117.00
0.432280	129.00
0.432300	140.00
0.432320	149.00
0.432340	156.00
0.432360	160.00
0.432380	161.00
0.432400	159.00
0.432420	154.00
0.432440	147.00
0.432460	139.00
0.432480	129.00
0.432500	120.00
0.432520	112.00
0.432540	106.00
0.432560	101.00
0.432580	99.00
0.432600	99.00
0.432620	101.00
0.432640	105.00
0.432660	110.00
0.432680	117.00
0.432700	123.00
0.432720	130.00
0.432740	135.00
0.432760	139.00
0.432780	141.00
0.432800	142.00
0.432820	141.00
0.432840	138.00
0.432860	134.00
0.432880	130.00
0.432900	125.00
0.432920	121.00
0.432940	117.00
0.432960	115.00
0.432980	112.00
0.433000	112.00
0.433020	113.00
0.433040	115.00
0.433060	118.00
0.433080	121.00
0.433100	125.00
0.433120	128.00
0.433140	132.00
0.433160	134.00
0.433180	135.00
0.433200	136.00
0.433220	135.00
0.433240	134.00
0.433260	132.00
0.433280	129.00
0.433300	126.00
0.433320	123.00
0.433340	120.00
0.433360	118.00
0.433380	116.00
0.433400	115.00
0.433420	115.00
0.433440	116.00
0.433460	118.00
0.433480	120.00
0.433500	122.00
0.433520	125.00
0.433540	127.00
0.433560	129.00
0.433580	131.00
0.433600	132.00
0.433620	131.00
0.433640	131.00
0.433660	130.00
0.433680	130.00
0.433700	128.00
0.433720	127.00
0.433740	125.00
0.433760	123.00
0.433780	122.00
0.433800	121.00
0.433820	120.00
0.433840	120.00
0.433860	120.00
0.433880	121.00
0.433900	122.00
0.433920	123.00
0.433940	124.00
0.433960	126.00
0.433980	127.00
0.434000	127.00
0.434020	128.00
0.434040	128.00
0.434060	128.00
0.434080	128.00
0.434100	127.00
0.434120	127.00
0.434140	126.00
0.434160	126.00
0.434180	124.00
0.434200	123.00
0.434220	123.00
0.434240	123.00
0.434260	123.00
0.434280	123.00
0.434300	123.00
0.434320	123.00
0.434340	124.00
0.434360	124.00
0.434380	125.00
0.434400	125.00
0.434420	126.00
0.434440	126.00
0.434460	127.00
0.434480	128.00
0.434500	127.00
0.434520	127.00
0.434540	126.00
0.434560	125.00
0.434580	124.00
0.434600	123.00
0.434620	123.00
0.434640	123.00
0.434660	122.00
0.434680	122.00
0.434700	122.00
0.434720	123.00
0.434740	123.00
0.434760	124.00
0.434780	124.00
0.434800	125.00
0.434820	125.00
0.434840	126.00
0.434860	126.00
0.434880	126.00
0.434900	126.00
0.434920	126.00
0.434940	127.00
0.434960	127.00
0.434980	127.00
0.435000	126.00
0.435020	125.00
0.435040	125.00
0.435060	124.00
0.435080	123.00
0.435100	123.00
0.435120	123.00
0.435140	123.00
0.435160	123.00
0.435180	123.00
0.435200	124.00
0.435220	124.00
0.435240	125.00
0.435260	125.00
0.435280	125.00
0.435300	126.00
0.435320	126.00
0.435340	126.00
0.435360	127.00
0.435380	127.00
0.435400	126.00
0.435420	126.00
0.435440	126.00
0.435460	125.00
0.435480	125.00
0.435500	125.00
0.435520	125.00
0.435540	125.00
0.435560	124.00
0.435580	124.00
0.435600	124.00
0.435620	124.00
0.435640	124.00
0.435660	124.00
0.435680	124.00
0.435700	124.00
0.435720	124.00
0.435740	125.00
0.435760	125.00
0.435780	125.00
0.435800	125.00
0.435820	125.00
0.435840	124.00
0.435860	124.00
0.435880	124.00
0.435900	124.00
0.435920	124.00
0.435940	124.00
0.435960	124.00
0.435980	124.00
0.436000	124.00
0.436020	124.00
0.436040	124.00
0.436060	124.00
0.436080	125.00
0.436100	125.00
0.436120	125.00
0.436140	125.00
0.436160	125.00
0.436180	124.00
0.436200	124.00
0.436220	124.00
0.436240	125.00
0.436260	125.00
0.436280	125.00
0.436300	125.00
0.436320	125.00
0.436340	125.00
0.436360	124.00
0.436380	124.00
0.436400	124.00
0.436420	124.00
0.436440	124.00
0.436460	125.00
0.436480	125.00
0.436500	125.00
0.436520	125.00
0.436540	125.00
0.436560	125.00
0.436580	125.00
0.436600	125.00
0.436620	125.00
0.436640	126.00
0.436660	126.00
0.436680	126.00
0.436700	126.00
0.436720	126.00
0.436740	126.00
0.436760	125.00
0.436780	125.00
0.436800	124.00
0.436820	124.00
0.436840	124.00
0.436860	124.00
0.436880	124.00
0.436900	124.00
0.436920	124.00
0.436940	124.00
0.436960	124.00
0.436980	124.00
0.437000	124.00
0.437020	124.00
0.437040	124.00
0.437060	123.00
0.437080	123.00
0.437100	123.00
0.437120	123.00
0.437140	124.00
0.437160	124.00
0.437180	125.00
0.437200	126.00
0.437220	127.00
0.437240	127.00
0.437260	128.00
0.437280	128.00
0.437300	128.00
0.437320	128.00
0.437340	128.00
0.437360	128.00
0.437380	127.00
0.437400	126.00
0.437420	125.00
0.437440	123.00
0.437460	122.00
0.437480	120.00
0.437500	119.00
0.437520	118.00
0.437540	118.00
0.437560	118.00
0.437580	118.00
0.437600	120.00
0.437620	121.00
0.437640	123.00
0.437660	126.00
0.437680	129.00
0.437700	132.00
0.437720	134.00
0.437740	136.00
0.437760	136.00
0.437780	136.00
0.437800	135.00
0.437820	133.00
0.437840	129.00
0.437860	125.00
0.437880	121.00
0.437900	116.00
0.437920	113.00
0.437940	109.00
0.437960	107.00
0.437980	106.00
0.438000	107.00
0.438020	110.00
0.438040	114.00
0.438060	120.00
0.438080	126.00
0.438100	133.00
0.438120	138.00
0.438140	143.00
0.438160	146.00
0.438180	148.00
0.438200	149.00
0.438220	147.00
0.438240	143.00
0.438260	138.00
0.438280	131.00
0.438300	123.00
0.438320	116.00
0.438340	110.00
0.438360	106.00
0.438380	102.00
0.438400	100.00
0.438420	100.00
0.438440	102.00
0.438460	106.00
0.438480	110.00
0.438500	116.00
0.438520	122.00
0.438540	129.00
0.438560	134.00
0.438580	139.00
0.438600	143.00
0.438620	145.00
0.438640	146.00
0.438660	145.00
0.438680	143.00
0.438700	140.00
0.438720	136.00
0.438740	132.00
0.438760	128.00
0.438780	123.00
0.438800	119.00
0.438820	116.00
0.438840	113.00
0.438860	110.00
0.438880	109.00
0.438900	109.00
0.438920	110.00
0.438940	111.00
0.438960	113.00
0.438980	115.00
0.439000	119.00
0.439020	122.00
0.439040	126.00
0.439060	129.00
0.439080	132.00
0.439100	135.00
0.439120	137.00
0.439140	139.00
0.439160	139.00
0.439180	138.00
0.439200	137.00
0.439220	135.00
0.439240	132.00
0.439260	129.00
0.439280	125.00
0.439300	122.00
0.439320	119.00
0.439340	116.00
0.439360	114.00
0.439380	113.00
0.439400	112.00
0.439420	113.00
0.439440	114.00
0.439460	117.00
0.439480	120.00
0.439500	122.00
0.439520	125.00
0.439540	128.00
0.439560	131.00
0.439580	133.00
0.439600	134.00
0.439620	135.00
0.439640	134.00
0.439660	133.00
0.439680	131.00
0.439700	129.00
0.439720	127.00
0.439740	125.00
0.439760	123.00
0.439780	121.00
0.439800	120.00
0.439820	119.00
0.439840	119.00
0.439860	119.00
0.439880	120.00
0.439900	121.00
0.439920	122.00
0.439940	123.00
0.439960	125.00
0.439980	126.00
0.440000	126.00
0.440020	127.00
0.440040	127.00
0.440060	128.00
0.440080	127.00
0.440100	127.00
0.440120	126.00
0.440140	126.00
0.440160	125.00
0.440180	125.00
0.440200	124.00
0.440220	124.00
0.440240	124.00
0.440260	124.00
0.440280	124.00
0.440300	124.00
0.440320	124.00
0.440340	124.00
0.440360	124.00
0.440380	125.00
0.440400	125.00
0.440420	125.00
0.440440	125.00
0.440460	125.00
0.440480	125.00
0.440500	124.00
0.440520	124.00
0.440540	124.00
0.440560	125.00
0.440580	125.00
0.440600	125.00
0.440620	126.00
0.440640	126.00
0.440660	126.00
0.440680	126.00
0.440700	126.00
0.440720	126.00
0.440740	126.00
0.440760	126.00
0.440780	126.00
0.440800	125.00
0.440820	124.00
0.440840	124.00
0.440860	124.00
0.440880	124.00
0.440900	124.00
0.440920	124.00
0.440940	123.00
0.440960	123.00
0.440980	123.00
0.441000	124.00
0.441020	125.00
0.441040	125.00
0.441060	126.00
0.441080	126.00
0.441100	126.00
0.441120	126.00
0.441140	126.00
0.441160	126.00
0.441180	126.00
0.441200	126.00
0.441220	126.00
0.441240	125.00
0.441260	124.00
0.441280	124.00
0.441300	123.00
0.441320	123.00
0.441340	123.00
0.441360	123.00
0.441380	123.00
0.441400	123.00
0.441420	124.00
0.441440	124.00
0.441460	124.00
0.441480	124.00
0.441500	125.00
0.441520	125.00
0.441540	126.00
0.441560	126.00
0.441580	126.00
0.441600	126.00
0.441620	126.00
0.441640	126.00
0.441660	127.00
0.441680	126.00
0.441700	126.00
0.441720	126.00
0.441740	125.00
0.441760	124.00
0.441780	124.00
0.441800	123.00
0.441820	123.00
0.441840	123.00
0.441860	124.00
0.441880	123.00
0.441900	123.00
0.441920	123.00
0.441940	124.00
0.441960	124.00
0.441980	125.00
0.442000	125.00
0.442020	126.00
0.442040	126.00
0.442060	126.00
0.442080	126.00
0.442100	126.00
0.442120	126.00
0.442140	126.00
0.442160	127.00
0.442180	126.00
0.442200	125.00
0.442220	124.00
0.442240	124.00
0.442260	123.00
0.442280	123.00
0.442300	123.00
0.442320	123.00
0.442340	123.00
0.442360	123.00
0.442380	123.00
0.442400	124.00
0.442420	124.00
0.442440	125.00
0.442460	125.00
0.442480	126.00
0.442500	126.00
0.442520	126.00
0.442540	126.00
0.442560	126.00
0.442580	126.00
0.442600	126.00
0.442620	126.00
0.442640	125.00
0.442660	125.00
0.442680	125.00
0.442700	125.00
0.442720	124.00
0.442740	123.00
0.442760	123.00
0.442780	123.00
0.442800	123.00
0.442820	123.00
0.442840	123.00
0.442860	123.00
0.442880	124.00
0.442900	124.00
0.442920	125.00
0.442940	126.00
0.442960	126.00
0.442980	126.00
0.443000	127.00
0.443020	127.00
0.443040	127.00
0.443060	126.00
0.443080	126.00
0.443100	126.00
0.443120	126.00
0.443140	125.00
0.443160	125.00
0.443180	124.00
0.443200	123.00
0.443220	122.00
0.443240	122.00
0.443260	122.00
0.443280	122.00
0.443300	122.00
0.443320	122.00
0.443340	123.00
0.443360	123.00
0.443380	124.00
0.443400	125.00
0.443420	126.00
0.443440	127.00
0.443460	127.00
0.443480	128.00
0.443500	128.00
0.443520	129.00
0.443540	128.00
0.443560	128.00
0.443580	127.00
0.443600	126.00
0.443620	125.00
0.443640	124.00
0.443660	122.00
0.443680	121.00
0.443700	121.00
0.443720	121.00
0.443740	121.00
0.443760	120.00
0.443780	120.00
0.443800	120.00
0.443820	121.00
0.443840	122.00
0.443860	124.00
0.443880	126.00
0.443900	127.00
0.443920	129.00
0.443940	130.00
0.443960	131.00
0.443980	132.00
0.444000	132.00
0.444020	132.00
0.444040	130.00
0.444060	129.00
0.444080	127.00
0.444100	124.00
0.444120	121.00
0.444140	118.00
0.444160	115.00
0.444180	113.00
0.444200	112.00
0.444220	112.00
0.444240	113.00
0.444260	115.00
0.444280	118.00
0.444300	122.00
0.444320	127.00
0.444340	132.00
0.444360	136.00
0.444380	140.00
0.444400	142.00
0.444420	144.00
0.444440	143.00
0.444460	142.00
0.444480	139.00
0.444500	135.00
0.444520	129.00
0.444540	124.00
0.444560	118.00
0.444580	112.00
0.444600	108.00
0.444620	104.00
0.444640	102.00
0.444660	102.00
0.444680	104.00
0.444700	107.00
0.444720	111.00
0.444740	116.00
0.444760	122.00
0.444780	129.00
0.444800	135.00
0.444820	140.00
0.444840	144.00
0.444860	147.00
0.444880	149.00
0.444900	148.00
0.444920	146.00
0.444940	142.00
0.444960	137.00
0.444980	131.00
0.445000	123.00
0.445020	116.00
0.445040	110.00
0.445060	105.00
0.445080	102.00
0.445100	100.00
0.445120	100.00
0.445140	102.00
0.445160	105.00
0.445180	111.00
0.445200	117.00
0.445220	124.00
0.445240	132.00
0.445260	138.00
0.445280	144.00
0.445300	147.00
0.445320	149.00
0.445340	149.00
0.445360	146.00
0.445380	142.00
0.445400	137.00
0.445420	131.00
0.445440	124.00
0.445460	118.00
0.445480	112.00
0.445500	108.00
0.445520	105.00
0.445540	104.00
0.445560	105.00
0.445580	107.00
0.445600	111.00
0.445620	115.00
0.445640	120.00
0.445660	125.00
0.445680	131.00
0.445700	135.00
0.445720	138.00
0.445740	140.00
0.445760	141.00
0.445780	140.00
0.445800	138.00
0.445820	135.00
0.445840	131.00
0.445860	128.00
0.445880	124.00
0.445900	120.00
0.445920	117.00
0.445940	115.00
0.445960	114.00
0.445980	114.00
0.446000	114.00
0.446020	116.00
0.446040	118.00
0.446060	121.00
0.446080	123.00
0.446100	126.00
0.446120	128.00
0.446140	130.00
0.446160	132.00
0.446180	133.00
0.446200	133.00
0.446220	132.00
0.446240	130.00
0.446260	128.00
0.446280	127.00
0.446300	125.00
0.446320	123.00
0.446340	122.00
0.446360	120.00
0.446380	119.00
0.446400	119.00
0.446420	120.00
0.446440	121.00
0.446460	122.00
0.446480	123.00
0.446500	124.00
0.446520	126.00
0.446540	127.00
0.446560	128.00
0.446580	129.00
0.446600	129.00
0.446620	129.00
0.446640	128.00
0.446660	127.00
0.446680	126.00
0.446700	125.00
0.446720	124.00
0.446740	124.00
0.446760	123.00
0.446780	122.00
0.446800	122.00
0.446820	122.00
0.446840	122.00
0.446860	122.00
0.446880	123.00
0.446900	124.00
0.446920	125.00
0.446940	126.00
0.446960	127.00
0.446980	127.00
0.447000	127.00
0.447020	127.00
0.447040	127.00
0.447060	127.00
0.447080	126.00
0.447100	125.00
0.447120	125.00
0.447140	124.00
0.447160	123.00
0.447180	123.00
0.447200	122.00
0.447220	122.00
0.447240	123.00
0.447260	123.00
0.447280	124.00
0.447300	124.00
0.447320	125.00
0.447340	126.00
0.447360	126.00
0.447380	126.00
0.447400	126.00
0.447420	126.00
0.447440	126.00
0.447460	126.00
0.447480	126.00
0.447500	125.00
0.447520	124.00
0.447540	124.00
0.447560	123.00
0.447580	123.00
0.447600	122.00
0.447620	122.00
0.447640	123.00
0.447660	123.00
0.447680	123.00
0.447700	124.00
0.447720	125.00
0.447740	125.00
0.447760	126.00
0.447780	127.00
0.447800	127.00
0.447820	127.00
0.447840	127.00
0.447860	126.00
0.447880	126.00
0.447900	126.00
0.447920	125.00
0.447940	124.00
0.447960	123.00
0.447980	123.00
0.448000	123.00
0.448020	123.00
0.448040	123.00
0.448060	123.00
0.448080	124.00
0.448100	124.00
0.448120	125.00
0.448140	125.00
0.448160	126.00
0.448180	126.00
0.448200	127.00
0.448220	127.00
0.448240	127.00
0.448260	126.00
0.448280	126.00
0.448300	125.00
0.448320	124.00
0.448340	123.00
0.448360	123.00
0.448380	122.00
0.448400	122.00
0.448420	123.00
0.448440	123.00
0.448460	124.00
0.448480	124.00
0.448500	125.00
0.448520	126.00
0.448540	126.00
0.448560	126.00
0.448580	126.00
0.448600	127.00
0.448620	127.00
0.448640	127.00
0.448660	126.00
0.448680	126.00
0.448700	126.00
0.448720	125.00
0.448740	125.00
0.448760	124.00
0.448780	124.00
0.448800	123.00
0.448820	123.00
0.448840	123.00
0.448860	123.00
0.448880	124.00
0.448900	124.00
0.448920	125.00
0.448940	125.00
0.448960	125.00
0.448980	126.00
0.449000	126.00
0.449020	126.00
0.449040	126.00
0.449060	125.00
0.449080	125.00
0.449100	125.00
0.449120	125.00
0.449140	125.00
0.449160	125.00
0.449180	125.00
0.449200	125.00
0.449220	125.00
0.449240	125.00
0.449260	125.00
0.449280	125.00
0.449300	125.00
0.449320	125.00
0.449340	125.00
0.449360	125.00
0.449380	125.00
0.449400	125.00
0.449420	125.00
0.449440	124.00
0.449460	124.00
0.449480	124.00
0.449500	123.00
0.449520	123.00
0.449540	123.00
0.449560	123.00
0.449580	123.00
0.449600	124.00
0.449620	125.00
0.449640	126.00
0.449660	127.00
0.449680	127.00
0.449700	127.00
0.449720	127.00
0.449740	128.00
0.449760	128.00
0.449780	128.00
0.449800	127.00
0.449820	126.00
0.449840	125.00
0.449860	125.00
0.449880	124.00
0.449900	123.00
0.449920	122.00
0.449940	121.00
0.449960	121.00
0.449980	123.00
