0.410000	101.00
0.410020	49.00
0.410040	102.00
0.410060	141.00
0.410080	144.00
0.410100	125.00
0.410120	112.00
0.410140	118.00
0.410160	130.00
0.410180	133.00
0.410200	124.00
0.410220	118.00
0.410240	121.00
0.410260	129.00
0.410280	131.00
0.410300	125.00
0.410320	120.00
0.410340	122.00
0.410360	128.00
0.410380	130.00
0.410400	125.00
0.410420	121.00
0.410440	123.00
0.410460	127.00
0.410480	129.00
0.410500	126.00
0.410520	122.00
0.410540	123.00
0.410560	126.00
0.410580	127.00
0.410600	124.00
0.410620	122.00
0.410640	123.00
0.410660	126.00
0.410680	127.00
0.410700	125.00
0.410720	123.00
0.410740	123.00
0.410760	125.00
0.410780	126.00
0.410800	124.00
0.410820	123.00
0.410840	123.00
0.410860	125.00
0.410880	126.00
0.410900	124.00
0.410920	123.00
0.410940	123.00
0.410960	125.00
0.410980	126.00
0.411000	125.00
0.411020	124.00
0.411040	124.00
0.411060	126.00
0.411080	126.00
0.411100	124.00
0.411120	123.00
0.411140	124.00
0.411160	125.00
0.411180	126.00
0.411200	125.00
0.411220	124.00
0.411240	125.00
0.411260	126.00
0.411280	126.00
0.411300	125.00
0.411320	124.00
0.411340	124.00
0.411360	126.00
0.411380	126.00
0.411400	124.00
0.411420	123.00
0.411440	124.00
0.411460	125.00
0.411480	125.00
0.411500	124.00
0.411520	124.00
0.411540	124.00
0.411560	125.00
0.411580	125.00
0.411600	124.00
0.411620	123.00
0.411640	124.00
0.411660	126.00
0.411680	126.00
0.411700	125.00
0.411720	125.00
0.411740	125.00
0.411760	126.00
0.411780	126.00
0.411800	124.00
0.411820	123.00
0.411840	124.00
0.411860	125.00
0.411880	125.00
0.411900	124.00
0.411920	123.00
0.411940	124.00
0.411960	125.00
0.411980	125.00
0.412000	124.00
0.412020	124.00
0.412040	124.00
0.412060	125.00
0.412080	125.00
0.412100	124.00
0.412120	124.00
0.412140	124.00
0.412160	125.00
0.412180	125.00
0.412200	124.00
0.412220	124.00
0.412240	124.00
0.412260	125.00
0.412280	125.00
0.412300	124.00
0.412320	124.00
0.412340	124.00
0.412360	125.00
0.412380	125.00
0.412400	125.00
0.412420	124.00
0.412440	124.00
0.412460	125.00
0.412480	125.00
0.412500	124.00
0.412520	124.00
0.412540	124.00
0.412560	125.00
0.412580	125.00
0.412600	124.00
0.412620	124.00
0.412640	124.00
0.412660	125.00
0.412680	125.00
0.412700	125.00
0.412720	124.00
0.412740	124.00
0.412760	125.00
0.412780	126.00
0.412800	125.00
0.412820	124.00
0.412840	124.00
0.412860	125.00
0.412880	125.00
0.412900	125.00
0.412920	124.00
0.412940	124.00
0.412960	125.00
0.412980	125.00
0.413000	125.00
0.413020	125.00
0.413040	125.00
0.413060	125.00
0.413080	125.00
0.413100	124.00
0.413120	124.00
0.413140	124.00
0.413160	125.00
0.413180	126.00
0.413200	125.00
0.413220	125.00
0.413240	125.00
0.413260	126.00
0.413280	126.00
0.413300	125.00
0.413320	125.00
0.413340	124.00
0.413360	124.00
0.413380	125.00
0.413400	125.00
0.413420	125.00
0.413440	125.00
0.413460	126.00
0.413480	126.00
0.413500	125.00
0.413520	124.00
0.413540	124.00
0.413560	124.00
0.413580	125.00
0.413600	124.00
0.413620	124.00
0.413640	124.00
0.413660	125.00
0.413680	125.00
0.413700	124.00
0.413720	124.00
0.413740	124.00
0.413760	125.00
0.413780	126.00
0.413800	126.00
0.413820	125.00
0.413840	124.00
0.413860	124.00
0.413880	125.00
0.413900	125.00
0.413920	125.00
0.413940	125.00
0.413960	125.00
0.413980	125.00
0.414000	124.00
0.414020	124.00
0.414040	124.00
0.414060	125.00
0.414080	125.00
0.414100	125.00
0.414120	125.00
0.414140	125.00
0.414160	125.00
0.414180	126.00
0.414200	125.00
0.414220	125.00
0.414240	125.00
0.414260	125.00
0.414280	125.00
0.414300	125.00
0.414320	125.00
0.414340	125.00
0.414360	125.00
0.414380	125.00
0.414400	125.00
0.414420	125.00
0.414440	125.00
0.414460	125.00
0.414480	125.00
0.414500	124.00
0.414520	124.00
0.414540	124.00
0.414560	124.00
0.414580	125.00
0.414600	124.00
0.414620	124.00
0.414640	124.00
0.414660	124.00
0.414680	125.00
0.414700	125.00
0.414720	125.00
0.414740	125.00
0.414760	125.00
0.414780	125.00
0.414800	124.00
0.414820	124.00
0.414840	124.00
0.414860	125.00
0.414880	125.00
0.414900	124.00
0.414920	124.00
0.414940	124.00
0.414960	125.00
0.414980	125.00
0.415000	125.00
0.415020	125.00
0.415040	125.00
0.415060	125.00
0.415080	125.00
0.415100	124.00
0.415120	124.00
0.415140	124.00
0.415160	125.00
0.415180	125.00
0.415200	124.00
0.415220	124.00
0.415240	124.00
0.415260	125.00
0.415280	125.00
0.415300	124.00
0.415320	124.00
0.415340	124.00
0.415360	125.00
0.415380	126.00
0.415400	125.00
0.415420	124.00
0.415440	124.00
0.415460	124.00
0.415480	125.00
0.415500	125.00
0.415520	125.00
0.415540	125.00
0.415560	125.00
0.415580	126.00
0.415600	125.00
0.415620	125.00
0.415640	125.00
0.415660	125.00
0.415680	125.00
0.415700	125.00
0.415720	124.00
0.415740	124.00
0.415760	124.00
0.415780	125.00
0.415800	124.00
0.415820	124.00
0.415840	125.00
0.415860	125.00
0.415880	126.00
0.415900	125.00
0.415920	125.00
0.415940	124.00
0.415960	124.00
0.415980	125.00
0.416000	124.00
0.416020	124.00
0.416040	124.00
0.416060	124.00
0.416080	125.00
0.416100	124.00
0.416120	124.00
0.416140	124.00
0.416160	125.00
0.416180	125.00
0.416200	125.00
0.416220	125.00
0.416240	124.00
0.416260	124.00
0.416280	124.00
0.416300	125.00
0.416320	125.00
0.416340	125.00
0.416360	125.00
0.416380	126.00
0.416400	125.00
0.416420	125.00
0.416440	125.00
0.416460	126.00
0.416480	125.00
0.416500	125.00
0.416520	125.00
0.416540	124.00
0.416560	125.00
0.416580	125.00
0.416600	125.00
0.416620	125.00
0.416640	125.00
0.416660	125.00
0.416680	125.00
0.416700	124.00
0.416720	124.00
0.416740	125.00
0.416760	125.00
0.416780	126.00
0.416800	125.00
0.416820	125.00
0.416840	124.00
0.416860	125.00
0.416880	125.00
0.416900	125.00
0.416920	125.00
0.416940	125.00
0.416960	125.00
0.416980	125.00
0.417000	125.00
0.417020	125.00
0.417040	125.00
0.417060	125.00
0.417080	125.00
0.417100	125.00
0.417120	125.00
0.417140	125.00
0.417160	125.00
0.417180	125.00
0.417200	124.00
0.417220	124.00
0.417240	124.00
0.417260	125.00
0.417280	125.00
0.417300	125.00
0.417320	125.00
0.417340	124.00
0.417360	124.00
0.417380	124.00
0.417400	124.00
0.417420	124.00
0.417440	124.00
0.417460	124.00
0.417480	124.00
0.417500	124.00
0.417520	124.00
0.417540	124.00
0.417560	124.00
0.417580	124.00
0.417600	124.00
0.417620	124.00
0.417640	124.00
0.417660	125.00
0.417680	125.00
0.417700	125.00
0.417720	124.00
0.417740	124.00
0.417760	124.00
0.417780	125.00
0.417800	125.00
0.417820	125.00
0.417840	125.00
0.417860	125.00
0.417880	124.00
0.417900	124.00
0.417920	124.00
0.417940	125.00
0.417960	125.00
0.417980	126.00
0.418000	125.00
0.418020	125.00
0.418040	125.00
0.418060	125.00
0.418080	125.00
0.418100	125.00
0.418120	125.00
0.418140	125.00
0.418160	125.00
0.418180	125.00
0.418200	125.00
0.418220	125.00
0.418240	125.00
0.418260	126.00
0.418280	126.00
0.418300	125.00
0.418320	124.00
0.418340	124.00
0.418360	125.00
0.418380	125.00
0.418400	125.00
0.418420	125.00
0.418440	124.00
0.418460	124.00
0.418480	125.00
0.418500	125.00
0.418520	125.00
0.418540	125.00
0.418560	125.00
0.418580	125.00
0.418600	125.00
0.418620	125.00
0.418640	125.00
0.418660	125.00
0.418680	125.00
0.418700	124.00
0.418720	124.00
0.418740	124.00
0.418760	125.00
0.418780	125.00
0.418800	125.00
0.418820	124.00
0.418840	124.00
0.418860	124.00
0.418880	124.00
0.418900	124.00
0.418920	124.00
0.418940	124.00
0.418960	124.00
0.418980	124.00
0.419000	124.00
0.419020	124.00
0.419040	124.00
0.419060	124.00
0.419080	124.00
0.419100	124.00
0.419120	124.00
0.419140	124.00
0.419160	124.00
0.419180	124.00
0.419200	124.00
0.419220	124.00
0.419240	124.00
0.419260	124.00
0.419280	124.00
0.419300	124.00
0.419320	124.00
0.419340	125.00
0.419360	125.00
0.419380	125.00
0.419400	125.00
0.419420	124.00
0.419440	124.00
0.419460	125.00
0.419480	125.00
0.419500	125.00
0.419520	125.00
0.419540	125.00
0.419560	125.00
0.419580	125.00
0.419600	125.00
0.419620	125.00
0.419640	125.00
0.419660	125.00
0.419680	125.00
0.419700	124.00
0.419720	124.00
0.419740	124.00
0.419760	125.00
0.419780	125.00
0.419800	125.00
0.419820	125.00
0.419840	125.00
0.419860	125.00
0.419880	125.00
0.419900	125.00
0.419920	125.00
0.419940	125.00
0.419960	125.00
0.419980	125.00
0.420000	125.00
0.420020	125.00
0.420040	125.00
0.420060	125.00
0.420080	124.00
0.420100	124.00
0.420120	124.00
0.420140	124.00
0.420160	124.00
0.420180	125.00
0.420200	125.00
0.420220	125.00
0.420240	124.00
0.420260	124.00
0.420280	124.00
0.420300	124.00
0.420320	125.00
0.420340	125.00
0.420360	125.00
0.420380	125.00
0.420400	125.00
0.420420	124.00
0.420440	124.00
0.420460	124.00
0.420480	124.00
0.420500	124.00
0.420520	124.00
0.420540	124.00
0.420560	124.00
0.420580	125.00
0.420600	125.00
0.420620	125.00
0.420640	125.00
0.420660	125.00
0.420680	124.00
0.420700	125.00
0.420720	125.00
0.420740	125.00
0.420760	125.00
0.420780	125.00
0.420800	125.00
0.420820	124.00
0.420840	124.00
0.420860	124.00
0.420880	124.00
0.420900	124.00
0.420920	124.00
0.420940	124.00
0.420960	124.00
0.420980	124.00
0.421000	124.00
0.421020	124.00
0.421040	124.00
0.421060	124.00
0.421080	124.00
0.421100	124.00
0.421120	124.00
0.421140	124.00
0.421160	124.00
0.421180	124.00
0.421200	124.00
0.421220	125.00
0.421240	125.00
0.421260	125.00
0.421280	125.00
0.421300	125.00
0.421320	125.00
0.421340	124.00
0.421360	124.00
0.421380	124.00
0.421400	124.00
0.421420	124.00
0.421440	124.00
0.421460	124.00
0.421480	124.00
0.421500	124.00
0.421520	124.00
0.421540	124.00
0.421560	124.00
0.421580	125.00
0.421600	125.00
0.421620	125.00
0.421640	125.00
0.421660	125.00
0.421680	125.00
0.421700	125.00
0.421720	125.00
0.421740	125.00
0.421760	125.00
0.421780	125.00
0.421800	125.00
0.421820	125.00
0.421840	125.00
0.421860	125.00
0.421880	125.00
0.421900	125.00
0.421920	125.00
0.421940	125.00
0.421960	125.00
0.421980	124.00
0.422000	124.00
0.422020	124.00
0.422040	124.00
0.422060	124.00
0.422080	125.00
0.422100	125.00
0.422120	125.00
0.422140	125.00
0.422160	125.00
0.422180	125.00
0.422200	124.00
0.422220	124.00
0.422240	124.00
0.422260	124.00
0.422280	124.00
0.422300	124.00
0.422320	124.00
0.422340	124.00
0.422360	124.00
0.422380	124.00
0.422400	124.00
0.422420	124.00
0.422440	124.00
0.422460	124.00
0.422480	124.00
0.422500	124.00
0.422520	124.00
0.422540	124.00
0.422560	124.00
0.422580	124.00
0.422600	124.00
0.422620	125.00
0.422640	125.00
0.422660	125.00
0.422680	125.00
0.422700	125.00
0.422720	125.00
0.422740	125.00
0.422760	125.00
0.422780	125.00
0.422800	125.00
0.422820	125.00
0.422840	125.00
0.422860	125.00
0.422880	125.00
0.422900	125.00
0.422920	125.00
0.422940	125.00
0.422960	125.00
0.422980	125.00
0.423000	124.00
0.423020	124.00
0.423040	124.00
0.423060	124.00
0.423080	124.00
0.423100	125.00
0.423120	125.00
0.423140	125.00
0.423160	125.00
0.423180	125.00
0.423200	125.00
0.423220	125.00
0.423240	125.00
0.423260	125.00
0.423280	125.00
0.423300	124.00
0.423320	124.00
0.423340	124.00
0.423360	124.00
0.423380	124.00
0.423400	124.00
0.423420	124.00
0.423440	125.00
0.423460	125.00
0.423480	125.00
0.423500	124.00
0.423520	124.00
0.423540	124.00
0.423560	124.00
0.423580	125.00
0.423600	125.00
0.423620	125.00
0.423640	125.00
0.423660	126.00
0.423680	125.00
0.423700	125.00
0.423720	125.00
0.423740	125.00
0.423760	125.00
0.423780	125.00
0.423800	125.00
0.423820	125.00
0.423840	125.00
0.423860	125.00
0.423880	125.00
0.423900	125.00
0.423920	125.00
0.423940	125.00
0.423960	125.00
0.423980	124.00
0.424000	124.00
0.424020	124.00
0.424040	125.00
0.424060	125.00
0.424080	125.00
0.424100	124.00
0.424120	124.00
0.424140	124.00
0.424160	124.00
0.424180	125.00
0.424200	125.00
0.424220	125.00
0.424240	125.00
0.424260	125.00
0.424280	125.00
0.424300	124.00
0.424320	123.00
0.424340	123.00
0.424360	122.00
0.424380	121.00
0.424400	121.00
0.424420	121.00
0.424440	122.00
0.424460	124.00
0.424480	126.00
0.424500	129.00
0.424520	132.00
0.424540	135.00
0.424560	138.00
0.424580	140.00
0.424600	141.00
0.424620	140.00
0.424640	137.00
0.424660	132.00
0.424680	125.00
0.424700	117.00
0.424720	109.00
0.424740	101.00
0.424760	96.00
0.424780	92.00
0.424800	90.00
0.424820	91.00
0.424840	96.00
0.424860	103.00
0.424880	114.00
0.424900	127.00
0.424920	139.00
0.424940	151.00
0.424960	161.00
0.424980	169.00
0.425000	175.00
0.425020	177.00
0.425040	175.00
0.425060	169.00
0.425080	158.00
0.425100	142.00
0.425120	122.00
0.425140	100.00
0.425160	77.00
0.425180	58.00
0.425200	45.00
0.425220	38.00
0.425240	38.00
0.425260	47.00
0.425280	63.00
0.425300	88.00
0.425320	120.00
0.425340	154.00
0.425360	188.00
0.425380	216.00
0.425400	235.00
0.425420	244.00
0.425440	241.00
0.425460	230.00
0.425480	211.00
0.425500	182.00
0.425520	142.00
0.425540	94.00
0.425560	48.00
0.425580	15.00
0.425600	1.00
0.425620	0.00
0.425640	2.00
0.425660	0.00
0.425680	2.00
0.425700	19.00
0.425720	57.00
0.425740	111.00
0.425760	166.00
0.425780	209.00
0.425800	237.00
0.425820	252.00
0.425840	255.00
0.425860	255.00
0.425880	248.00
0.425900	231.00
0.425920	205.00
0.425940	170.00
0.425960	126.00
0.425980	80.00
0.426000	40.00
0.426020	14.00
0.426040	2.00
0.426060	0.00
0.426080	0.00
0.426100	4.00
0.426120	19.00
0.426140	46.00
0.426160	83.00
0.426180	123.00
0.426200	159.00
0.426220	187.00
0.426240	208.00
0.426260	221.00
0.426280	226.00
0.426300	222.00
0.426320	211.00
0.426340	194.00
0.426360	172.00
0.426380	148.00
0.426400	122.00
0.426420	97.00
0.426440	76.00
0.426460	61.00
0.426480	53.00
0.426500	51.00
0.426520	54.00
0.426540	64.00
0.426560	78.00
0.426580	96.00
0.426600	114.00
0.426620	131.00
0.426640	146.00
0.426660	159.00
0.426680	167.00
0.426700	171.00
0.426720	171.00
0.426740	167.00
0.426760	160.00
0.426780	151.00
0.426800	140.00
0.426820	128.00
0.426840	118.00
0.426860	109.00
0.426880	102.00
0.426900	97.00
0.426920	95.00
0.426940	96.00
0.426960	99.00
0.426980	104.00
0.427000	110.00
0.427020	117.00
0.427040	124.00
0.427060	131.00
0.427080	137.00
0.427100	141.00
0.427120	143.00
0.427140	143.00
0.427160	143.00
0.427180	141.00
0.427200	137.00
0.427220	133.00
0.427240	128.00
0.427260	124.00
0.427280	121.00
0.427300	117.00
0.427320	115.00
0.427340	114.00
0.427360	113.00
0.427380	114.00
0.427400	116.00
0.427420	118.00
0.427440	120.00
0.427460	123.00
0.427480	125.00
0.427500	127.00
0.427520	129.00
0.427540	131.00
0.427560	133.00
0.427580	133.00
0.427600	132.00
0.427620	130.00
0.427640	129.00
0.427660	127.00
0.427680	126.00
0.427700	124.00
0.427720	122.00
0.427740	121.00
0.427760	121.00
0.427780	120.00
0.427800	120.00
0.427820	120.00
0.427840	121.00
0.427860	122.00
0.427880	123.00
0.427900	124.00
0.427920	125.00
0.427940	126.00
0.427960	127.00
0.427980	128.00
0.428000	127.00
0.428020	127.00
0.428040	127.00
0.428060	127.00
0.428080	126.00
0.428100	126.00
0.428120	125.00
0.428140	124.00
0.428160	124.00
0.428180	124.00
0.428200	123.00
0.428220	123.00
0.428240	123.00
0.428260	124.00
0.428280	124.00
0.428300	124.00
0.428320	124.00
0.428340	125.00
0.428360	126.00
0.428380	126.00
0.428400	126.00
0.428420	126.00
0.428440	126.00
0.428460	126.00
0.428480	126.00
0.428500	126.00
0.428520	125.00
0.428540	125.00
0.428560	125.00
0.428580	125.00
0.428600	124.00
0.428620	124.00
0.428640	123.00
0.428660	123.00
0.428680	124.00
0.428700	124.00
0.428720	124.00
0.428740	124.00
0.428760	124.00
0.428780	125.00
0.428800	125.00
0.428820	125.00
0.428840	125.00
0.428860	125.00
0.428880	125.00
0.428900	125.00
0.428920	125.00
0.428940	125.00
0.428960	125.00
0.428980	125.00
0.429000	125.00
0.429020	125.00
0.429040	125.00
0.429060	124.00
0.429080	124.00
0.429100	124.00
0.429120	124.00
0.429140	124.00
0.429160	125.00
0.429180	125.00
0.429200	125.00
0.429220	124.00
0.429240	124.00
0.429260	124.00
0.429280	124.00
0.429300	124.00
0.429320	125.00
0.429340	125.00
0.429360	125.00
0.429380	125.00
0.429400	125.00
0.429420	124.00
0.429440	124.00
0.429460	125.00
0.429480	125.00
0.429500	125.00
0.429520	125.00
0.429540	125.00
0.429560	125.00
0.429580	125.00
0.429600	125.00
0.429620	125.00
0.429640	124.00
0.429660	124.00
0.429680	124.00
0.429700	124.00
0.429720	124.00
0.429740	124.00
0.429760	125.00
0.429780	125.00
0.429800	126.00
0.429820	125.00
0.429840	125.00
0.429860	125.00
0.429880	125.00
0.429900	125.00
0.429920	125.00
0.429940	125.00
0.429960	126.00
0.429980	126.00
0.430000	126.00
0.430020	125.00
0.430040	125.00
0.430060	124.00
0.430080	125.00
0.430100	125.00
0.430120	125.00
0.430140	125.00
0.430160	125.00
0.430180	125.00
0.430200	125.00
0.430220	125.00
0.430240	124.00
0.430260	124.00
0.430280	124.00
0.430300	124.00
0.430320	124.00
0.430340	124.00
0.430360	124.00
0.430380	125.00
0.430400	125.00
0.430420	125.00
0.430440	124.00
0.430460	124.00
0.430480	124.00
0.430500	125.00
0.430520	125.00
0.430540	125.00
0.430560	126.00
0.430580	126.00
0.430600	126.00
0.430620	125.00
0.430640	125.00
0.430660	125.00
0.430680	125.00
0.430700	125.00
0.430720	124.00
0.430740	123.00
0.430760	122.00
0.430780	122.00
0.430800	121.00
0.430820	121.00
0.430840	121.00
0.430860	122.00
0.430880	124.00
0.430900	125.00
0.430920	127.00
0.430940	129.00
0.430960	130.00
0.430980	131.00
0.431000	132.00
0.431020	132.00
0.431040	132.00
0.431060	131.00
0.431080	130.00
0.431100	127.00
0.431120	124.00
0.431140	121.00
0.431160	119.00
0.431180	117.00
0.431200	115.00
0.431220	113.00
0.431240	112.00
0.431260	113.00
0.431280	114.00
0.431300	117.00
0.431320	120.00
0.431340	124.00
0.431360	129.00
0.431380	134.00
0.431400	139.00
0.431420	143.00
0.431440	145.00
0.431460	145.00
0.431480	143.00
0.431500	140.00
0.431520	134.00
0.431540	127.00
0.431560	119.00
0.431580	111.00
0.431600	104.00
0.431620	97.00
0.431640	94.00
0.431660	93.00
0.431680	96.00
0.431700	100.00
0.431720	107.00
0.431740	117.00
0.431760	128.00
0.431780	139.00
0.431800	149.00
0.431820	157.00
0.431840	163.00
0.431860	166.00
0.431880	165.00
0.431900	160.00
0.431920	153.00
0.431940	143.00
0.431960	131.00
0.431980	118.00
0.432000	106.00
0.432020	96.00
0.432040	89.00
0.432060	84.00
0.432080	83.00
0.432100	84.00
0.432120	89.00
0.432140	97.00
0.432160	107.00
0.432180	118.00
0.432200	129.00
0.432220	139.00
0.432240	148.00
0.432260	155.00
0.432280	159.00
0.432300	160.00
0.432320	157.00
0.432340	153.00
0.432360	146.00
0.432380	138.00
0.432400	129.00
0.432420	120.00
0.432440	113.00
0.432460	107.00
0.432480	103.00
0.432500	100.00
0.432520	100.00
0.432540	102.00
0.432560	106.00
0.432580	111.00
0.432600	117.00
0.432620	123.00
0.432640	128.00
0.432660	133.00
0.432680	137.00
0.432700	140.00
0.432720	141.00
0.432740	140.00
0.432760	139.00
0.432780	136.00
0.432800	133.00
0.432820	129.00
0.432840	125.00
0.432860	121.00
0.432880	118.00
0.432900	116.00
0.432920	115.00
0.432940	114.00
0.432960	115.00
0.432980	117.00
0.433000	119.00
0.433020	121.00
0.433040	123.00
0.433060	126.00
0.433080	129.00
0.433100	130.00
0.433120	131.00
0.433140	131.00
0.433160	131.00
0.433180	130.00
0.433200	129.00
0.433220	127.00
0.433240	126.00
0.433260	124.00
0.433280	123.00
0.433300	121.00
0.433320	120.00
0.433340	119.00
0.433360	119.00
0.433380	119.00
0.433400	121.00
0.433420	122.00
0.433440	123.00
0.433460	125.00
0.433480	126.00
0.433500	127.00
0.433520	128.00
0.433540	129.00
0.433560	129.00
0.433580	129.00
0.433600	128.00
0.433620	127.00
0.433640	127.00
0.433660	126.00
0.433680	125.00
0.433700	124.00
0.433720	124.00
0.433740	123.00
0.433760	122.00
0.433780	122.00
0.433800	122.00
0.433820	123.00
0.433840	123.00
0.433860	123.00
0.433880	124.00
0.433900	125.00
0.433920	126.00
0.433940	126.00
0.433960	127.00
0.433980	128.00
0.434000	128.00
0.434020	128.00
0.434040	127.00
0.434060	126.00
0.434080	126.00
0.434100	126.00
0.434120	125.00
0.434140	125.00
0.434160	124.00
0.434180	124.00
0.434200	123.00
0.434220	123.00
0.434240	123.00
0.434260	123.00
0.434280	123.00
0.434300	124.00
0.434320	124.00
0.434340	124.00
0.434360	125.00
0.434380	125.00
0.434400	125.00
0.434420	126.00
0.434440	126.00
0.434460	126.00
0.434480	126.00
0.434500	125.00
0.434520	125.00
0.434540	125.00
0.434560	125.00
0.434580	124.00
0.434600	124.00
0.434620	124.00
0.434640	124.00
0.434660	124.00
0.434680	124.00
0.434700	124.00
0.434720	124.00
0.434740	125.00
0.434760	125.00
0.434780	126.00
0.434800	126.00
0.434820	126.00
0.434840	126.00
0.434860	126.00
0.434880	126.00
0.434900	126.00
0.434920	125.00
0.434940	125.00
0.434960	125.00
0.434980	125.00
0.435000	124.00
0.435020	124.00
0.435040	124.00
0.435060	124.00
0.435080	124.00
0.435100	124.00
0.435120	124.00
0.435140	124.00
0.435160	125.00
0.435180	125.00
0.435200	125.00
0.435220	125.00
0.435240	125.00
0.435260	125.00
0.435280	125.00
0.435300	125.00
0.435320	125.00
0.435340	125.00
0.435360	125.00
0.435380	125.00
0.435400	125.00
0.435420	124.00
0.435440	124.00
0.435460	125.00
0.435480	125.00
0.435500	125.00
0.435520	125.00
0.435540	124.00
0.435560	124.00
0.435580	124.00
0.435600	124.00
0.435620	125.00
0.435640	125.00
0.435660	125.00
0.435680	125.00
0.435700	125.00
0.435720	125.00
0.435740	125.00
0.435760	125.00
0.435780	125.00
0.435800	125.00
0.435820	125.00
0.435840	125.00
0.435860	125.00
0.435880	125.00
0.435900	125.00
0.435920	124.00
0.435940	124.00
0.435960	124.00
0.435980	124.00
0.436000	124.00
0.436020	124.00
0.436040	124.00
0.436060	124.00
0.436080	125.00
0.436100	125.00
0.436120	125.00
0.436140	124.00
0.436160	124.00
0.436180	124.00
0.436200	124.00
0.436220	124.00
0.436240	124.00
0.436260	124.00
0.436280	125.00
0.436300	125.00
0.436320	125.00
0.436340	125.00
0.436360	125.00
0.436380	125.00
0.436400	124.00
0.436420	124.00
0.436440	124.00
0.436460	124.00
0.436480	125.00
0.436500	125.00
0.436520	125.00
0.436540	125.00
0.436560	125.00
0.436580	125.00
0.436600	125.00
0.436620	125.00
0.436640	125.00
0.436660	125.00
0.436680	125.00
0.436700	125.00
0.436720	125.00
0.436740	125.00
0.436760	125.00
0.436780	126.00
0.436800	126.00
0.436820	125.00
0.436840	125.00
0.436860	125.00
0.436880	125.00
0.436900	124.00
0.436920	124.00
0.436940	124.00
0.436960	123.00
0.436980	123.00
0.437000	123.00
0.437020	123.00
0.437040	123.00
0.437060	123.00
0.437080	124.00
0.437100	124.00
0.437120	125.00
0.437140	126.00
0.437160	127.00
0.437180	127.00
0.437200	128.00
0.437220	128.00
0.437240	128.00
0.437260	128.00
0.437280	127.00
0.437300	126.00
0.437320	125.00
0.437340	124.00
0.437360	122.00
0.437380	121.00
0.437400	119.00
0.437420	118.00
0.437440	118.00
0.437460	119.00
0.437480	119.00
0.437500	120.00
0.437520	121.00
0.437540	123.00
0.437560	126.00
0.437580	128.00
0.437600	131.00
0.437620	133.00
0.437640	135.00
0.437660	136.00
0.437680	136.00
0.437700	135.00
0.437720	133.00
0.437740	131.00
0.437760	127.00
0.437780	123.00
0.437800	119.00
0.437820	114.00
0.437840	111.00
0.437860	108.00
0.437880	107.00
0.437900	108.00
0.437920	110.00
0.437940	114.00
0.437960	118.00
0.437980	124.00
0.438000	129.00
0.438020	135.00
0.438040	140.00
0.438060	145.00
0.438080	147.00
0.438100	148.00
0.438120	147.00
0.438140	144.00
0.438160	139.00
0.438180	133.00
0.438200	126.00
0.438220	119.00
0.438240	112.00
0.438260	106.00
0.438280	102.00
0.438300	100.00
0.438320	99.00
0.438340	101.00
0.438360	104.00
0.438380	109.00
0.438400	115.00
0.438420	122.00
0.438440	128.00
0.438460	134.00
0.438480	139.00
0.438500	143.00
0.438520	146.00
0.438540	146.00
0.438560	146.00
0.438580	144.00
0.438600	140.00
0.438620	135.00
0.438640	130.00
0.438660	125.00
0.438680	120.00
0.438700	116.00
0.438720	113.00
0.438740	110.00
0.438760	109.00
0.438780	109.00
0.438800	110.00
0.438820	112.00
0.438840	115.00
0.438860	119.00
0.438880	122.00
0.438900	126.00
0.438920	129.00
0.438940	133.00
0.438960	135.00
0.438980	137.00
0.439000	137.00
0.439020	137.00
0.439040	136.00
0.439060	134.00
0.439080	132.00
0.439100	129.00
0.439120	126.00
0.439140	123.00
0.439160	120.00
0.439180	118.00
0.439200	116.00
0.439220	115.00
0.439240	115.00
0.439260	115.00
0.439280	116.00
0.439300	118.00
0.439320	120.00
0.439340	122.00
0.439360	125.00
0.439380	127.00
0.439400	130.00
0.439420	131.00
0.439440	133.00
0.439460	134.00
0.439480	134.00
0.439500	134.00
0.439520	132.00
0.439540	131.00
0.439560	129.00
0.439580	126.00
0.439600	124.00
0.439620	122.00
0.439640	121.00
0.439660	120.00
0.439680	119.00
0.439700	119.00
0.439720	119.00
0.439740	119.00
0.439760	120.00
0.439780	122.00
0.439800	123.00
0.439820	125.00
0.439840	126.00
0.439860	127.00
0.439880	128.00
0.439900	129.00
0.439920	129.00
0.439940	129.00
0.439960	128.00
0.439980	127.00
0.440000	126.00
0.440020	125.00
0.440040	124.00
0.440060	123.00
0.440080	123.00
0.440100	122.00
0.440120	122.00
0.440140	122.00
0.440160	123.00
0.440180	123.00
0.440200	124.00
0.440220	124.00
0.440240	125.00
0.440260	126.00
0.440280	126.00
0.440300	126.00
0.440320	126.00
0.440340	126.00
0.440360	126.00
0.440380	126.00
0.440400	125.00
0.440420	125.00
0.440440	124.00
0.440460	124.00
0.440480	124.00
0.440500	124.00
0.440520	124.00
0.440540	124.00
0.440560	124.00
0.440580	125.00
0.440600	125.00
0.440620	125.00
0.440640	125.00
0.440660	126.00
0.440680	126.00
0.440700	126.00
0.440720	125.00
0.440740	125.00
0.440760	125.00
0.440780	124.00
0.440800	124.00
0.440820	124.00
0.440840	124.00
0.440860	124.00
0.440880	124.00
0.440900	124.00
0.440920	124.00
0.440940	124.00
0.440960	124.00
0.440980	125.00
0.441000	125.00
0.441020	126.00
0.441040	126.00
0.441060	126.00
0.441080	126.00
0.441100	126.00
0.441120	126.00
0.441140	125.00
0.441160	125.00
0.441180	125.00
0.441200	125.00
0.441220	125.00
0.441240	124.00
0.441260	123.00
0.441280	123.00
0.441300	123.00
0.441320	123.00
0.441340	123.00
0.441360	123.00
0.441380	124.00
0.441400	124.00
0.441420	124.00
0.441440	125.00
0.441460	125.00
0.441480	125.00
0.441500	125.00
0.441520	125.00
0.441540	125.00
0.441560	125.00
0.441580	125.00
0.441600	125.00
0.441620	125.00
0.441640	125.00
0.441660	125.00
0.441680	125.00
0.441700	125.00
0.441720	125.00
0.441740	124.00
0.441760	124.00
0.441780	125.00
0.441800	125.00
0.441820	125.00
0.441840	125.00
0.441860	124.00
0.441880	124.00
0.441900	124.00
0.441920	125.00
0.441940	126.00
0.441960	126.00
0.441980	126.00
0.442000	126.00
0.442020	126.00
0.442040	125.00
0.442060	125.00
0.442080	125.00
0.442100	124.00
0.442120	124.00
0.442140	124.00
0.442160	124.00
0.442180	124.00
0.442200	124.00
0.442220	124.00
0.442240	124.00
0.442260	125.00
0.442280	125.00
0.442300	125.00
0.442320	125.00
0.442340	125.00
0.442360	125.00
0.442380	125.00
0.442400	125.00
0.442420	125.00
0.442440	125.00
0.442460	125.00
0.442480	125.00
0.442500	125.00
0.442520	125.00
0.442540	125.00
0.442560	125.00
0.442580	125.00
0.442600	125.00
0.442620	124.00
0.442640	124.00
0.442660	124.00
0.442680	124.00
0.442700	124.00
0.442720	124.00
0.442740	124.00
0.442760	124.00
0.442780	124.00
0.442800	125.00
0.442820	125.00
0.442840	126.00
0.442860	126.00
0.442880	126.00
0.442900	126.00
0.442920	126.00
0.442940	126.00
0.442960	126.00
0.442980	126.00
0.443000	126.00
0.443020	126.00
0.443040	125.00
0.443060	125.00
0.443080	124.00
0.443100	124.00
0.443120	123.00
0.443140	122.00
0.443160	122.00
0.443180	122.00
0.443200	123.00
0.443220	123.00
0.443240	124.00
0.443260	124.00
0.443280	125.00
0.443300	125.00
0.443320	126.00
0.443340	126.00
0.443360	127.00
0.443380	128.00
0.443400	128.00
0.443420	128.00
0.443440	127.00
0.443460	127.00
0.443480	126.00
0.443500	126.00
0.443520	125.00
0.443540	124.00
0.443560	123.00
0.443580	122.00
0.443600	122.00
0.443620	121.00
0.443640	121.00
0.443660	120.00
0.443680	120.00
0.443700	121.00
0.443720	122.00
0.443740	123.00
0.443760	124.00
0.443780	126.00
0.443800	128.00
0.443820	129.00
0.443840	130.00
0.443860	131.00
0.443880	131.00
0.443900	131.00
0.443920	131.00
0.443940	130.00
0.443960	128.00
0.443980	126.00
0.444000	123.00
0.444020	121.00
0.444040	118.00
0.444060	116.00
0.444080	115.00
0.444100	114.00
0.444120	114.00
0.444140	115.00
0.444160	117.00
0.444180	120.00
0.444200	123.00
0.444220	127.00
0.444240	131.00
0.444260	135.00
0.444280	137.00
0.444300	139.00
0.444320	140.00
0.444340	140.00
0.444360	138.00
0.444380	135.00
0.444400	131.00
0.444420	127.00
0.444440	122.00
0.444460	118.00
0.444480	114.00
0.444500	111.00
0.444520	109.00
0.444540	108.00
0.444560	109.00
0.444580	110.00
0.444600	113.00
0.444620	117.00
0.444640	121.00
0.444660	126.00
0.444680	131.00
0.444700	136.00
0.444720	139.00
0.444740	141.00
0.444760	141.00
0.444780	141.00
0.444800	139.00
0.444820	136.00
0.444840	132.00
0.444860	128.00
0.444880	123.00
0.444900	119.00
0.444920	115.00
0.444940	113.00
0.444960	111.00
0.444980	110.00
0.445000	111.00
0.445020	112.00
0.445040	115.00
0.445060	119.00
0.445080	123.00
0.445100	127.00
0.445120	131.00
0.445140	134.00
0.445160	137.00
0.445180	138.00
0.445200	138.00
0.445220	136.00
0.445240	134.00
0.445260	131.00
0.445280	128.00
0.445300	124.00
0.445320	120.00
0.445340	117.00
0.445360	114.00
0.445380	113.00
0.445400	113.00
0.445420	113.00
0.445440	115.00
0.445460	117.00
0.445480	120.00
0.445500	124.00
0.445520	127.00
0.445540	130.00
0.445560	133.00
0.445580	135.00
0.445600	136.00
0.445620	136.00
0.445640	134.00
0.445660	132.00
0.445680	130.00
0.445700	127.00
0.445720	124.00
0.445740	121.00
0.445760	119.00
0.445780	118.00
0.445800	116.00
0.445820	115.00
0.445840	115.00
0.445860	116.00
0.445880	118.00
0.445900	121.00
0.445920	124.00
0.445940	126.00
0.445960	128.00
0.445980	130.00
0.446000	132.00
0.446020	133.00
0.446040	133.00
0.446060	132.00
0.446080	131.00
0.446100	130.00
0.446120	127.00
0.446140	125.00
0.446160	123.00
0.446180	122.00
0.446200	120.00
0.446220	119.00
0.446240	118.00
0.446260	118.00
0.446280	119.00
0.446300	121.00
0.446320	122.00
0.446340	123.00
0.446360	125.00
0.446380	126.00
0.446400	128.00
0.446420	129.00
0.446440	129.00
0.446460	129.00
0.446480	129.00
0.446500	129.00
0.446520	129.00
0.446540	128.00
0.446560	126.00
0.446580	125.00
0.446600	124.00
0.446620	123.00
0.446640	122.00
0.446660	121.00
0.446680	121.00
0.446700	121.00
0.446720	121.00
0.446740	122.00
0.446760	123.00
0.446780	124.00
0.446800	125.00
0.446820	126.00
0.446840	126.00
0.446860	127.00
0.446880	127.00
0.446900	127.00
0.446920	127.00
0.446940	126.00
0.446960	126.00
0.446980	125.00
0.447000	124.00
0.447020	124.00
0.447040	123.00
0.447060	123.00
0.447080	123.00
0.447100	122.00
0.447120	122.00
0.447140	122.00
0.447160	123.00
0.447180	124.00
0.447200	126.00
0.447220	126.00
0.447240	127.00
0.447260	127.00
0.447280	127.00
0.447300	127.00
0.447320	127.00
0.447340	127.00
0.447360	126.00
0.447380	126.00
0.447400	125.00
0.447420	125.00
0.447440	124.00
0.447460	124.00
0.447480	124.00
0.447500	123.00
0.447520	123.00
0.447540	123.00
0.447560	123.00
0.447580	124.00
0.447600	124.00
0.447620	125.00
0.447640	125.00
0.447660	126.00
0.447680	126.00
0.447700	126.00
0.447720	126.00
0.447740	126.00
0.447760	126.00
0.447780	125.00
0.447800	125.00
0.447820	125.00
0.447840	125.00
0.447860	124.00
0.447880	124.00
0.447900	124.00
0.447920	124.00
0.447940	124.00
0.447960	124.00
0.447980	124.00
0.448000	125.00
0.448020	126.00
0.448040	126.00
0.448060	126.00
0.448080	125.00
0.448100	125.00
0.448120	125.00
0.448140	125.00
0.448160	124.00
0.448180	123.00
0.448200	123.00
0.448220	123.00
0.448240	123.00
0.448260	123.00
0.448280	124.00
0.448300	124.00
0.448320	125.00
0.448340	126.00
0.448360	126.00
0.448380	126.00
0.448400	127.00
0.448420	127.00
0.448440	127.00
0.448460	127.00
0.448480	127.00
0.448500	126.00
0.448520	126.00
0.448540	125.00
0.448560	124.00
0.448580	123.00
0.448600	122.00
0.448620	122.00
0.448640	122.00
0.448660	121.00
0.448680	121.00
0.448700	122.00
0.448720	123.00
0.448740	124.00
0.448760	125.00
0.448780	126.00
0.448800	126.00
0.448820	127.00
0.448840	127.00
0.448860	127.00
0.448880	127.00
0.448900	127.00
0.448920	126.00
0.448940	126.00
0.448960	125.00
0.448980	124.00
0.449000	123.00
0.449020	123.00
0.449040	123.00
0.449060	123.00
0.449080	123.00
0.449100	123.00
0.449120	123.00
0.449140	124.00
0.449160	125.00
0.449180	125.00
0.449200	126.00
0.449220	126.00
0.449240	126.00
0.449260	126.00
0.449280	126.00
0.449300	126.00
0.449320	126.00
0.449340	126.00
0.449360	125.00
0.449380	125.00
0.449400	124.00
0.449420	124.00
0.449440	123.00
0.449460	123.00
0.449480	122.00
0.449500	122.00
0.449520	123.00
0.449540	123.00
0.449560	124.00
0.449580	125.00
0.449600	125.00
0.449620	126.00
0.449640	127.00
0.449660	127.00
0.449680	127.00
0.449700	127.00
0.449720	127.00
0.449740	126.00
0.449760	125.00
0.449780	124.00
0.449800	123.00
0.449820	123.00
0.449840	122.00
0.449860	122.00
0.449880	122.00
0.449900	121.00
0.449920	121.00
0.449940	122.00
0.449960	123.00
0.449980	125.00
