0.380000	101.00
0.380020	48.00
0.380040	101.00
0.380060	140.00
0.380080	144.00
0.380100	125.00
0.380120	112.00
0.380140	118.00
0.380160	131.00
0.380180	134.00
0.380200	125.00
0.380220	118.00
0.380240	121.00
0.380260	128.00
0.380280	130.00
0.380300	124.00
0.380320	120.00
0.380340	121.00
0.380360	127.00
0.380380	128.00
0.380400	124.00
0.380420	121.00
0.380440	122.00
0.380460	126.00
0.380480	128.00
0.380500	125.00
0.380520	123.00
0.380540	124.00
0.380560	127.00
0.380580	128.00
0.380600	125.00
0.380620	123.00
0.380640	123.00
0.380660	126.00
0.380680	126.00
0.380700	124.00
0.380720	122.00
0.380740	123.00
0.380760	126.00
0.380780	127.00
0.380800	126.00
0.380820	124.00
0.380840	124.00
0.380860	126.00
0.380880	127.00
0.380900	125.00
0.380920	124.00
0.380940	124.00
0.380960	126.00
0.380980	127.00
0.381000	126.00
0.381020	124.00
0.381040	124.00
0.381060	125.00
0.381080	125.00
0.381100	124.00
0.381120	124.00
0.381140	125.00
0.381160	126.00
0.381180	127.00
0.381200	125.00
0.381220	124.00
0.381240	124.00
0.381260	126.00
0.381280	127.00
0.381300	126.00
0.381320	124.00
0.381340	125.00
0.381360	126.00
0.381380	127.00
0.381400	125.00
0.381420	124.00
0.381440	123.00
0.381460	125.00
0.381480	125.00
0.381500	125.00
0.381520	124.00
0.381540	125.00
0.381560	126.00
0.381580	126.00
0.381600	125.00
0.381620	124.00
0.381640	124.00
0.381660	126.00
0.381680	126.00
0.381700	125.00
0.381720	124.00
0.381740	124.00
0.381760	125.00
0.381780	126.00
0.381800	125.00
0.381820	124.00
0.381840	124.00
0.381860	125.00
0.381880	126.00
0.381900	125.00
0.381920	125.00
0.381940	125.00
0.381960	125.00
0.381980	126.00
0.382000	125.00
0.382020	125.00
0.382040	125.00
0.382060	125.00
0.382080	126.00
0.382100	125.00
0.382120	124.00
0.382140	125.00
0.382160	125.00
0.382180	125.00
0.382200	124.00
0.382220	124.00
0.382240	124.00
0.382260	125.00
0.382280	125.00
0.382300	125.00
0.382320	124.00
0.382340	124.00
0.382360	125.00
0.382380	125.00
0.382400	125.00
0.382420	125.00
0.382440	125.00
0.382460	125.00
0.382480	125.00
0.382500	124.00
0.382520	124.00
0.382540	125.00
0.382560	126.00
0.382580	125.00
0.382600	124.00
0.382620	123.00
0.382640	124.00
0.382660	125.00
0.382680	125.00
0.382700	125.00
0.382720	125.00
0.382740	125.00
0.382760	126.00
0.382780	126.00
0.382800	125.00
0.382820	125.00
0.382840	125.00
0.382860	125.00
0.382880	125.00
0.382900	124.00
0.382920	123.00
0.382940	124.00
0.382960	125.00
0.382980	126.00
0.383000	125.00
0.383020	124.00
0.383040	124.00
0.383060	125.00
0.383080	125.00
0.383100	125.00
0.383120	125.00
0.383140	125.00
0.383160	126.00
0.383180	125.00
0.383200	125.00
0.383220	124.00
0.383240	125.00
0.383260	125.00
0.383280	125.00
0.383300	124.00
0.383320	124.00
0.383340	124.00
0.383360	126.00
0.383380	126.00
0.383400	126.00
0.383420	125.00
0.383440	125.00
0.383460	125.00
0.383480	125.00
0.383500	125.00
0.383520	125.00
0.383540	126.00
0.383560	126.00
0.383580	125.00
0.383600	125.00
0.383620	125.00
0.383640	125.00
0.383660	126.00
0.383680	126.00
0.383700	125.00
0.383720	124.00
0.383740	125.00
0.383760	125.00
0.383780	126.00
0.383800	125.00
0.383820	124.00
0.383840	125.00
0.383860	125.00
0.383880	126.00
0.383900	125.00
0.383920	124.00
0.383940	124.00
0.383960	124.00
0.383980	125.00
0.384000	124.00
0.384020	124.00
0.384040	124.00
0.384060	125.00
0.384080	125.00
0.384100	126.00
0.384120	126.00
0.384140	126.00
0.384160	126.00
0.384180	126.00
0.384200	126.00
0.384220	126.00
0.384240	126.00
0.384260	126.00
0.384280	126.00
0.384300	125.00
0.384320	125.00
0.384340	125.00
0.384360	126.00
0.384380	126.00
0.384400	126.00
0.384420	125.00
0.384440	125.00
0.384460	125.00
0.384480	125.00
0.384500	125.00
0.384520	125.00
0.384540	125.00
0.384560	125.00
0.384580	125.00
0.384600	125.00
0.384620	125.00
0.384640	124.00
0.384660	124.00
0.384680	124.00
0.384700	124.00
0.384720	124.00
0.384740	125.00
0.384760	125.00
0.384780	125.00
0.384800	125.00
0.384820	125.00
0.384840	125.00
0.384860	125.00
0.384880	125.00
0.384900	125.00
0.384920	125.00
0.384940	124.00
0.384960	125.00
0.384980	125.00
0.385000	125.00
0.385020	125.00
0.385040	125.00
0.385060	125.00
0.385080	125.00
0.385100	125.00
0.385120	125.00
0.385140	124.00
0.385160	124.00
0.385180	124.00
0.385200	124.00
0.385220	125.00
0.385240	126.00
0.385260	126.00
0.385280	126.00
0.385300	126.00
0.385320	126.00
0.385340	125.00
0.385360	125.00
0.385380	125.00
0.385400	125.00
0.385420	125.00
0.385440	125.00
0.385460	125.00
0.385480	125.00
0.385500	125.00
0.385520	124.00
0.385540	125.00
0.385560	125.00
0.385580	125.00
0.385600	125.00
0.385620	125.00
0.385640	125.00
0.385660	126.00
0.385680	126.00
0.385700	125.00
0.385720	124.00
0.385740	124.00
0.385760	125.00
0.385780	126.00
0.385800	126.00
0.385820	126.00
0.385840	126.00
0.385860	126.00
0.385880	126.00
0.385900	125.00
0.385920	125.00
0.385940	125.00
0.385960	125.00
0.385980	125.00
0.386000	124.00
0.386020	124.00
0.386040	124.00
0.386060	124.00
0.386080	124.00
0.386100	124.00
0.386120	124.00
0.386140	124.00
0.386160	124.00
0.386180	124.00
0.386200	125.00
0.386220	125.00
0.386240	126.00
0.386260	126.00
0.386280	125.00
0.386300	125.00
0.386320	124.00
0.386340	125.00
0.386360	126.00
0.386380	126.00
0.386400	126.00
0.386420	126.00
0.386440	126.00
0.386460	126.00
0.386480	127.00
0.386500	126.00
0.386520	126.00
0.386540	125.00
0.386560	125.00
0.386580	124.00
0.386600	124.00
0.386620	123.00
0.386640	124.00
0.386660	125.00
0.386680	125.00
0.386700	125.00
0.386720	125.00
0.386740	124.00
0.386760	124.00
0.386780	125.00
0.386800	124.00
0.386820	124.00
0.386840	124.00
0.386860	124.00
0.386880	125.00
0.386900	125.00
0.386920	125.00
0.386940	125.00
0.386960	125.00
0.386980	125.00
0.387000	125.00
0.387020	125.00
0.387040	125.00
0.387060	125.00
0.387080	125.00
0.387100	125.00
0.387120	125.00
0.387140	125.00
0.387160	125.00
0.387180	125.00
0.387200	125.00
0.387220	125.00
0.387240	125.00
0.387260	125.00
0.387280	125.00
0.387300	124.00
0.387320	124.00
0.387340	124.00
0.387360	125.00
0.387380	125.00
0.387400	125.00
0.387420	125.00
0.387440	126.00
0.387460	126.00
0.387480	126.00
0.387500	125.00
0.387520	125.00
0.387540	125.00
0.387560	126.00
0.387580	126.00
0.387600	125.00
0.387620	124.00
0.387640	124.00
0.387660	124.00
0.387680	124.00
0.387700	124.00
0.387720	124.00
0.387740	124.00
0.387760	125.00
0.387780	126.00
0.387800	126.00
0.387820	125.00
0.387840	125.00
0.387860	126.00
0.387880	126.00
0.387900	125.00
0.387920	125.00
0.387940	125.00
0.387960	126.00
0.387980	126.00
0.388000	126.00
0.388020	125.00
0.388040	124.00
0.388060	124.00
0.388080	125.00
0.388100	125.00
0.388120	125.00
0.388140	125.00
0.388160	125.00
0.388180	126.00
0.388200	126.00
0.388220	126.00
0.388240	125.00
0.388260	125.00
0.388280	125.00
0.388300	125.00
0.388320	125.00
0.388340	125.00
0.388360	125.00
0.388380	124.00
0.388400	124.00
0.388420	123.00
0.388440	124.00
0.388460	124.00
0.388480	125.00
0.388500	125.00
0.388520	125.00
0.388540	125.00
0.388560	125.00
0.388580	126.00
0.388600	126.00
0.388620	126.00
0.388640	125.00
0.388660	125.00
0.388680	125.00
0.388700	125.00
0.388720	126.00
0.388740	126.00
0.388760	126.00
0.388780	125.00
0.388800	125.00
0.388820	125.00
0.388840	125.00
0.388860	125.00
0.388880	125.00
0.388900	125.00
0.388920	125.00
0.388940	125.00
0.388960	125.00
0.388980	124.00
0.389000	124.00
0.389020	124.00
0.389040	124.00
0.389060	125.00
0.389080	125.00
0.389100	125.00
0.389120	125.00
0.389140	125.00
0.389160	125.00
0.389180	126.00
0.389200	125.00
0.389220	125.00
0.389240	125.00
0.389260	125.00
0.389280	125.00
0.389300	125.00
0.389320	125.00
0.389340	125.00
0.389360	125.00
0.389380	125.00
0.389400	125.00
0.389420	125.00
0.389440	125.00
0.389460	125.00
0.389480	125.00
0.389500	125.00
0.389520	125.00
0.389540	125.00
0.389560	125.00
0.389580	125.00
0.389600	125.00
0.389620	125.00
0.389640	125.00
0.389660	125.00
0.389680	125.00
0.389700	125.00
0.389720	125.00
0.389740	126.00
0.389760	126.00
0.389780	126.00
0.389800	125.00
0.389820	125.00
0.389840	124.00
0.389860	124.00
0.389880	125.00
0.389900	125.00
0.389920	125.00
0.389940	125.00
0.389960	125.00
0.389980	125.00
0.390000	124.00
0.390020	124.00
0.390040	125.00
0.390060	125.00
0.390080	125.00
0.390100	125.00
0.390120	125.00
0.390140	125.00
0.390160	126.00
0.390180	126.00
0.390200	126.00
0.390220	125.00
0.390240	125.00
0.390260	125.00
0.390280	126.00
0.390300	126.00
0.390320	126.00
0.390340	126.00
0.390360	125.00
0.390380	125.00
0.390400	124.00
0.390420	124.00
0.390440	123.00
0.390460	123.00
0.390480	123.00
0.390500	124.00
0.390520	124.00
0.390540	125.00
0.390560	124.00
0.390580	124.00
0.390600	123.00
0.390620	123.00
0.390640	124.00
0.390660	124.00
0.390680	125.00
0.390700	125.00
0.390720	125.00
0.390740	125.00
0.390760	126.00
0.390780	126.00
0.390800	126.00
0.390820	126.00
0.390840	126.00
0.390860	126.00
0.390880	126.00
0.390900	125.00
0.390920	125.00
0.390940	125.00
0.390960	125.00
0.390980	125.00
0.391000	125.00
0.391020	126.00
0.391040	126.00
0.391060	126.00
0.391080	126.00
0.391100	125.00
0.391120	124.00
0.391140	124.00
0.391160	124.00
0.391180	125.00
0.391200	126.00
0.391220	126.00
0.391240	126.00
0.391260	125.00
0.391280	125.00
0.391300	124.00
0.391320	124.00
0.391340	125.00
0.391360	125.00
0.391380	126.00
0.391400	125.00
0.391420	125.00
0.391440	125.00
0.391460	125.00
0.391480	125.00
0.391500	125.00
0.391520	125.00
0.391540	125.00
0.391560	124.00
0.391580	124.00
0.391600	124.00
0.391620	124.00
0.391640	125.00
0.391660	125.00
0.391680	125.00
0.391700	125.00
0.391720	125.00
0.391740	125.00
0.391760	126.00
0.391780	126.00
0.391800	126.00
0.391820	125.00
0.391840	125.00
0.391860	125.00
0.391880	125.00
0.391900	125.00
0.391920	125.00
0.391940	125.00
0.391960	125.00
0.391980	125.00
0.392000	125.00
0.392020	125.00
0.392040	125.00
0.392060	125.00
0.392080	125.00
0.392100	125.00
0.392120	124.00
0.392140	124.00
0.392160	124.00
0.392180	124.00
0.392200	124.00
0.392220	124.00
0.392240	124.00
0.392260	125.00
0.392280	125.00
0.392300	125.00
0.392320	125.00
0.392340	125.00
0.392360	125.00
0.392380	125.00
0.392400	125.00
0.392420	125.00
0.392440	125.00
0.392460	125.00
0.392480	125.00
0.392500	125.00
0.392520	125.00
0.392540	125.00
0.392560	125.00
0.392580	125.00
0.392600	124.00
0.392620	124.00
0.392640	124.00
0.392660	125.00
0.392680	126.00
0.392700	126.00
0.392720	126.00
0.392740	126.00
0.392760	125.00
0.392780	125.00
0.392800	125.00
0.392820	125.00
0.392840	126.00
0.392860	126.00
0.392880	126.00
0.392900	126.00
0.392920	125.00
0.392940	125.00
0.392960	125.00
0.392980	125.00
0.393000	125.00
0.393020	124.00
0.393040	124.00
0.393060	124.00
0.393080	124.00
0.393100	125.00
0.393120	125.00
0.393140	125.00
0.393160	125.00
0.393180	125.00
0.393200	125.00
0.393220	125.00
0.393240	125.00
0.393260	125.00
0.393280	125.00
0.393300	125.00
0.393320	125.00
0.393340	125.00
0.393360	124.00
0.393380	124.00
0.393400	125.00
0.393420	125.00
0.393440	125.00
0.393460	125.00
0.393480	125.00
0.393500	125.00
0.393520	125.00
0.393540	126.00
0.393560	126.00
0.393580	126.00
0.393600	126.00
0.393620	125.00
0.393640	126.00
0.393660	126.00
0.393680	126.00
0.393700	126.00
0.393720	125.00
0.393740	125.00
0.393760	125.00
0.393780	126.00
0.393800	126.00
0.393820	126.00
0.393840	125.00
0.393860	125.00
0.393880	125.00
0.393900	125.00
0.393920	125.00
0.393940	124.00
0.393960	124.00
0.393980	125.00
0.394000	125.00
0.394020	125.00
0.394040	126.00
0.394060	126.00
0.394080	125.00
0.394100	125.00
0.394120	124.00
0.394140	125.00
0.394160	125.00
0.394180	125.00
0.394200	125.00
0.394220	125.00
0.394240	124.00
0.394260	125.00
0.394280	125.00
0.394300	126.00
0.394320	126.00
0.394340	126.00
0.394360	126.00
0.394380	126.00
0.394400	126.00
0.394420	125.00
0.394440	125.00
0.394460	125.00
0.394480	125.00
0.394500	125.00
0.394520	125.00
0.394540	124.00
0.394560	124.00
0.394580	125.00
0.394600	125.00
0.394620	126.00
0.394640	125.00
0.394660	125.00
0.394680	125.00
0.394700	124.00
0.394720	124.00
0.394740	125.00
0.394760	125.00
0.394780	125.00
0.394800	125.00
0.394820	125.00
0.394840	125.00
0.394860	125.00
0.394880	125.00
0.394900	125.00
0.394920	125.00
0.394940	125.00
0.394960	124.00
0.394980	125.00
0.395000	125.00
0.395020	125.00
0.395040	125.00
0.395060	125.00
0.395080	125.00
0.395100	125.00
0.395120	125.00
0.395140	125.00
0.395160	125.00
0.395180	125.00
0.395200	124.00
0.395220	124.00
0.395240	124.00
0.395260	125.00
0.395280	125.00
0.395300	125.00
0.395320	125.00
0.395340	125.00
0.395360	126.00
0.395380	126.00
0.395400	126.00
0.395420	125.00
0.395440	125.00
0.395460	125.00
0.395480	125.00
0.395500	125.00
0.395520	125.00
0.395540	125.00
0.395560	125.00
0.395580	125.00
0.395600	125.00
0.395620	125.00
0.395640	126.00
0.395660	126.00
0.395680	126.00
0.395700	126.00
0.395720	125.00
0.395740	124.00
0.395760	124.00
0.395780	123.00
0.395800	124.00
0.395820	125.00
0.395840	125.00
0.395860	125.00
0.395880	125.00
0.395900	125.00
0.395920	125.00
0.395940	125.00
0.395960	126.00
0.395980	126.00
0.396000	126.00
0.396020	125.00
0.396040	125.00
0.396060	125.00
0.396080	125.00
0.396100	126.00
0.396120	126.00
0.396140	126.00
0.396160	126.00
0.396180	125.00
0.396200	124.00
0.396220	123.00
0.396240	123.00
0.396260	124.00
0.396280	124.00
0.396300	124.00
0.396320	124.00
0.396340	124.00
0.396360	124.00
0.396380	125.00
0.396400	125.00
0.396420	125.00
0.396440	126.00
0.396460	127.00
0.396480	128.00
0.396500	128.00
0.396520	128.00
0.396540	128.00
0.396560	128.00
0.396580	128.00
0.396600	127.00
0.396620	126.00
0.396640	125.00
0.396660	124.00
0.396680	123.00
0.396700	121.00
0.396720	119.00
0.396740	117.00
0.396760	116.00
0.396780	115.00
0.396800	115.00
0.396820	116.00
0.396840	117.00
0.396860	119.00
0.396880	122.00
0.396900	127.00
0.396920	132.00
0.396940	137.00
0.396960	141.00
0.396980	144.00
0.397000	146.00
0.397020	146.00
0.397040	145.00
0.397060	143.00
0.397080	138.00
0.397100	132.00
0.397120	125.00
0.397140	116.00
0.397160	108.00
0.397180	100.00
0.397200	94.00
0.397220	90.00
0.397240	87.00
0.397260	87.00
0.397280	90.00
0.397300	96.00
0.397320	105.00
0.397340	116.00
0.397360	130.00
0.397380	145.00
0.397400	159.00
0.397420	170.00
0.397440	179.00
0.397460	185.00
0.397480	187.00
0.397500	185.00
0.397520	178.00
0.397540	165.00
0.397560	149.00
0.397580	130.00
0.397600	109.00
0.397620	88.00
0.397640	68.00
0.397660	51.00
0.397680	40.00
0.397700	36.00
0.397720	37.00
0.397740	45.00
0.397760	58.00
0.397780	78.00
0.397800	101.00
0.397820	128.00
0.397840	154.00
0.397860	177.00
0.397880	195.00
0.397900	207.00
0.397920	213.00
0.397940	213.00
0.397960	207.00
0.397980	195.00
0.398000	178.00
0.398020	157.00
0.398040	133.00
0.398060	108.00
0.398080	84.00
0.398100	64.00
0.398120	49.00
0.398140	40.00
0.398160	37.00
0.398180	41.00
0.398200	52.00
0.398220	68.00
0.398240	88.00
0.398260	109.00
0.398280	129.00
0.398300	149.00
0.398320	166.00
0.398340	179.00
0.398360	187.00
0.398380	189.00
0.398400	187.00
0.398420	180.00
0.398440	170.00
0.398460	157.00
0.398480	142.00
0.398500	127.00
0.398520	112.00
0.398540	99.00
0.398560	89.00
0.398580	82.00
0.398600	79.00
0.398620	80.00
0.398640	85.00
0.398660	92.00
0.398680	102.00
0.398700	112.00
0.398720	122.00
0.398740	132.00
0.398760	140.00
0.398780	147.00
0.398800	151.00
0.398820	154.00
0.398840	154.00
0.398860	151.00
0.398880	147.00
0.398900	141.00
0.398920	134.00
0.398940	128.00
0.398960	122.00
0.398980	117.00
0.399000	112.00
0.399020	109.00
0.399040	108.00
0.399060	108.00
0.399080	109.00
0.399100	110.00
0.399120	113.00
0.399140	117.00
0.399160	122.00
0.399180	126.00
0.399200	130.00
0.399220	133.00
0.399240	135.00
0.399260	136.00
0.399280	135.00
0.399300	133.00
0.399320	132.00
0.399340	130.00
0.399360	129.00
0.399380	126.00
0.399400	124.00
0.399420	122.00
0.399440	121.00
0.399460	120.00
0.399480	120.00
0.399500	120.00
0.399520	120.00
0.399540	121.00
0.399560	122.00
0.399580	123.00
0.399600	124.00
0.399620	125.00
0.399640	127.00
0.399660	129.00
0.399680	130.00
0.399700	130.00
0.399720	129.00
0.399740	128.00
0.399760	128.00
0.399780	127.00
0.399800	126.00
0.399820	125.00
0.399840	124.00
0.399860	123.00
0.399880	123.00
0.399900	122.00
0.399920	122.00
0.399940	121.00
0.399960	122.00
0.399980	123.00
0.400000	123.00
0.400020	124.00
0.400040	124.00
0.400060	124.00
0.400080	125.00
0.400100	126.00
0.400120	127.00
0.400140	128.00
0.400160	128.00
0.400180	127.00
0.400200	126.00
0.400220	126.00
0.400240	125.00
0.400260	125.00
0.400280	125.00
0.400300	125.00
0.400320	124.00
0.400340	124.00
0.400360	123.00
0.400380	122.00
0.400400	122.00
0.400420	123.00
0.400440	124.00
0.400460	124.00
0.400480	125.00
0.400500	126.00
0.400520	127.00
0.400540	129.00
0.400560	130.00
0.400580	130.00
0.400600	130.00
0.400620	129.00
0.400640	128.00
0.400660	127.00
0.400680	126.00
0.400700	125.00
0.400720	123.00
0.400740	122.00
0.400760	121.00
0.400780	121.00
0.400800	121.00
0.400820	120.00
0.400840	120.00
0.400860	121.00
0.400880	122.00
0.400900	124.00
0.400920	126.00
0.400940	127.00
0.400960	128.00
0.400980	130.00
0.401000	130.00
0.401020	131.00
0.401040	132.00
0.401060	132.00
0.401080	132.00
0.401100	131.00
0.401120	128.00
0.401140	126.00
0.401160	123.00
0.401180	122.00
0.401200	120.00
0.401220	119.00
0.401240	118.00
0.401260	118.00
0.401280	118.00
0.401300	118.00
0.401320	119.00
0.401340	121.00
0.401360	123.00
0.401380	126.00
0.401400	129.00
0.401420	130.00
0.401440	130.00
0.401460	130.00
0.401480	131.00
0.401500	131.00
0.401520	131.00
0.401540	129.00
0.401560	127.00
0.401580	125.00
0.401600	123.00
0.401620	122.00
0.401640	121.00
0.401660	121.00
0.401680	120.00
0.401700	120.00
0.401720	121.00
0.401740	121.00
0.401760	122.00
0.401780	123.00
0.401800	125.00
0.401820	127.00
0.401840	128.00
0.401860	128.00
0.401880	129.00
0.401900	128.00
0.401920	128.00
0.401940	128.00
0.401960	127.00
0.401980	127.00
0.402000	127.00
0.402020	126.00
0.402040	125.00
0.402060	124.00
0.402080	123.00
0.402100	123.00
0.402120	123.00
0.402140	123.00
0.402160	123.00
0.402180	123.00
0.402200	124.00
0.402220	124.00
0.402240	125.00
0.402260	126.00
0.402280	126.00
0.402300	127.00
0.402320	127.00
0.402340	127.00
0.402360	127.00
0.402380	127.00
0.402400	127.00
0.402420	127.00
0.402440	126.00
0.402460	125.00
0.402480	124.00
0.402500	124.00
0.402520	124.00
0.402540	125.00
0.402560	125.00
0.402580	125.00
0.402600	124.00
0.402620	123.00
0.402640	123.00
0.402660	124.00
0.402680	124.00
0.402700	124.00
0.402720	124.00
0.402740	124.00
0.402760	125.00
0.402780	125.00
0.402800	125.00
0.402820	125.00
0.402840	125.00
0.402860	125.00
0.402880	125.00
0.402900	125.00
0.402920	125.00
0.402940	124.00
0.402960	124.00
0.402980	125.00
0.403000	125.00
0.403020	126.00
0.403040	127.00
0.403060	127.00
0.403080	127.00
0.403100	127.00
0.403120	127.00
0.403140	125.00
0.403160	124.00
0.403180	122.00
0.403200	121.00
0.403220	120.00
0.403240	119.00
0.403260	119.00
0.403280	119.00
0.403300	120.00
0.403320	122.00
0.403340	124.00
0.403360	126.00
0.403380	128.00
0.403400	129.00
0.403420	131.00
0.403440	133.00
0.403460	134.00
0.403480	135.00
0.403500	135.00
0.403520	134.00
0.403540	133.00
0.403560	131.00
0.403580	128.00
0.403600	125.00
0.403620	121.00
0.403640	117.00
0.403660	113.00
0.403680	111.00
0.403700	109.00
0.403720	109.00
0.403740	110.00
0.403760	112.00
0.403780	114.00
0.403800	118.00
0.403820	123.00
0.403840	128.00
0.403860	134.00
0.403880	139.00
0.403900	143.00
0.403920	146.00
0.403940	147.00
0.403960	147.00
0.403980	144.00
0.404000	140.00
0.404020	135.00
0.404040	130.00
0.404060	124.00
0.404080	117.00
0.404100	111.00
0.404120	105.00
0.404140	101.00
0.404160	100.00
0.404180	100.00
0.404200	102.00
0.404220	106.00
0.404240	112.00
0.404260	119.00
0.404280	126.00
0.404300	133.00
0.404320	139.00
0.404340	144.00
0.404360	147.00
0.404380	149.00
0.404400	148.00
0.404420	146.00
0.404440	142.00
0.404460	137.00
0.404480	131.00
0.404500	124.00
0.404520	118.00
0.404540	113.00
0.404560	109.00
0.404580	106.00
0.404600	105.00
0.404620	106.00
0.404640	108.00
0.404660	112.00
0.404680	117.00
0.404700	122.00
0.404720	127.00
0.404740	132.00
0.404760	135.00
0.404780	137.00
0.404800	139.00
0.404820	139.00
0.404840	138.00
0.404860	136.00
0.404880	132.00
0.404900	129.00
0.404920	125.00
0.404940	122.00
0.404960	120.00
0.404980	118.00
0.405000	116.00
0.405020	115.00
0.405040	115.00
0.405060	116.00
0.405080	118.00
0.405100	120.00
0.405120	122.00
0.405140	124.00
0.405160	126.00
0.405180	128.00
0.405200	130.00
0.405220	131.00
0.405240	131.00
0.405260	132.00
0.405280	132.00
0.405300	131.00
0.405320	129.00
0.405340	127.00
0.405360	125.00
0.405380	123.00
0.405400	123.00
0.405420	122.00
0.405440	122.00
0.405460	122.00
0.405480	121.00
0.405500	121.00
0.405520	121.00
0.405540	122.00
0.405560	123.00
0.405580	125.00
0.405600	126.00
0.405620	126.00
0.405640	126.00
0.405660	127.00
0.405680	127.00
0.405700	127.00
0.405720	127.00
0.405740	127.00
0.405760	126.00
0.405780	126.00
0.405800	126.00
0.405820	126.00
0.405840	126.00
0.405860	126.00
0.405880	125.00
0.405900	125.00
0.405920	125.00
0.405940	125.00
0.405960	125.00
0.405980	125.00
0.406000	125.00
0.406020	125.00
0.406040	125.00
0.406060	124.00
0.406080	124.00
0.406100	124.00
0.406120	125.00
0.406140	125.00
0.406160	125.00
0.406180	124.00
0.406200	124.00
0.406220	124.00
0.406240	124.00
0.406260	124.00
0.406280	125.00
0.406300	125.00
0.406320	125.00
0.406340	126.00
0.406360	126.00
0.406380	126.00
0.406400	126.00
0.406420	126.00
0.406440	125.00
0.406460	124.00
0.406480	124.00
0.406500	123.00
0.406520	123.00
0.406540	124.00
0.406560	124.00
0.406580	124.00
0.406600	124.00
0.406620	125.00
0.406640	126.00
0.406660	127.00
0.406680	128.00
0.406700	128.00
0.406720	128.00
0.406740	128.00
0.406760	128.00
0.406780	127.00
0.406800	125.00
0.406820	124.00
0.406840	123.00
0.406860	123.00
0.406880	122.00
0.406900	121.00
0.406920	120.00
0.406940	120.00
0.406960	121.00
0.406980	122.00
0.407000	123.00
0.407020	124.00
0.407040	126.00
0.407060	127.00
0.407080	129.00
0.407100	129.00
0.407120	129.00
0.407140	130.00
0.407160	130.00
0.407180	130.00
0.407200	129.00
0.407220	127.00
0.407240	126.00
0.407260	124.00
0.407280	123.00
0.407300	121.00
0.407320	120.00
0.407340	119.00
0.407360	120.00
0.407380	120.00
0.407400	121.00
0.407420	122.00
0.407440	123.00
0.407460	125.00
0.407480	127.00
0.407500	128.00
0.407520	129.00
0.407540	129.00
0.407560	130.00
0.407580	130.00
0.407600	130.00
0.407620	128.00
0.407640	127.00
0.407660	125.00
0.407680	124.00
0.407700	124.00
0.407720	123.00
0.407740	122.00
0.407760	121.00
0.407780	121.00
0.407800	122.00
0.407820	122.00
0.407840	123.00
0.407860	123.00
0.407880	124.00
0.407900	125.00
0.407920	126.00
0.407940	127.00
0.407960	128.00
0.407980	129.00
0.408000	129.00
0.408020	128.00
0.408040	127.00
0.408060	127.00
0.408080	126.00
0.408100	126.00
0.408120	125.00
0.408140	124.00
0.408160	124.00
0.408180	124.00
0.408200	125.00
0.408220	125.00
0.408240	124.00
0.408260	124.00
0.408280	125.00
0.408300	125.00
0.408320	125.00
0.408340	125.00
0.408360	125.00
0.408380	125.00
0.408400	126.00
0.408420	126.00
0.408440	126.00
0.408460	125.00
0.408480	125.00
0.408500	125.00
0.408520	125.00
0.408540	124.00
0.408560	124.00
0.408580	125.00
0.408600	126.00
0.408620	126.00
0.408640	126.00
0.408660	125.00
0.408680	125.00
0.408700	125.00
0.408720	125.00
0.408740	125.00
0.408760	124.00
0.408780	124.00
0.408800	124.00
0.408820	125.00
0.408840	125.00
0.408860	125.00
0.408880	124.00
0.408900	124.00
0.408920	125.00
0.408940	125.00
0.408960	125.00
0.408980	125.00
0.409000	125.00
0.409020	125.00
0.409040	125.00
0.409060	125.00
0.409080	125.00
0.409100	125.00
0.409120	125.00
0.409140	125.00
0.409160	126.00
0.409180	126.00
0.409200	126.00
0.409220	126.00
0.409240	126.00
0.409260	126.00
0.409280	126.00
0.409300	125.00
0.409320	125.00
0.409340	125.00
0.409360	125.00
0.409380	125.00
0.409400	124.00
0.409420	123.00
0.409440	123.00
0.409460	123.00
0.409480	123.00
0.409500	123.00
0.409520	123.00
0.409540	124.00
0.409560	124.00
0.409580	125.00
0.409600	125.00
0.409620	125.00
0.409640	125.00
0.409660	127.00
0.409680	128.00
0.409700	129.00
0.409720	130.00
0.409740	129.00
0.409760	128.00
0.409780	128.00
0.409800	126.00
0.409820	125.00
0.409840	123.00
0.409860	122.00
0.409880	120.00
0.409900	119.00
0.409920	119.00
0.409940	118.00
0.409960	117.00
0.409980	117.00
0.410000	118.00
0.410020	120.00
0.410040	123.00
0.410060	126.00
0.410080	129.00
0.410100	132.00
0.410120	134.00
0.410140	135.00
0.410160	135.00
0.410180	135.00
0.410200	135.00
0.410220	133.00
0.410240	131.00
0.410260	128.00
0.410280	124.00
0.410300	121.00
0.410320	117.00
0.410340	115.00
0.410360	113.00
0.410380	113.00
0.410400	114.00
0.410420	115.00
0.410440	118.00
0.410460	120.00
0.410480	123.00
0.410500	126.00
0.410520	128.00
0.410540	130.00
0.410560	131.00
0.410580	132.00
0.410600	133.00
0.410620	132.00
0.410640	130.00
0.410660	128.00
0.410680	126.00
0.410700	124.00
0.410720	122.00
0.410740	121.00
0.410760	120.00
0.410780	120.00
0.410800	120.00
0.410820	121.00
0.410840	122.00
0.410860	124.00
0.410880	125.00
0.410900	127.00
0.410920	128.00
0.410940	129.00
0.410960	129.00
0.410980	129.00
0.411000	129.00
0.411020	129.00
0.411040	127.00
0.411060	126.00
0.411080	125.00
0.411100	124.00
0.411120	124.00
0.411140	123.00
0.411160	122.00
0.411180	121.00
0.411200	121.00
0.411220	121.00
0.411240	122.00
0.411260	123.00
0.411280	124.00
0.411300	125.00
0.411320	126.00
0.411340	127.00
0.411360	127.00
0.411380	127.00
0.411400	127.00
0.411420	127.00
0.411440	127.00
0.411460	127.00
0.411480	126.00
0.411500	126.00
0.411520	125.00
0.411540	124.00
0.411560	123.00
0.411580	123.00
0.411600	124.00
0.411620	124.00
0.411640	124.00
0.411660	123.00
0.411680	123.00
0.411700	123.00
0.411720	124.00
0.411740	125.00
0.411760	126.00
0.411780	126.00
0.411800	126.00
0.411820	126.00
0.411840	126.00
0.411860	126.00
0.411880	126.00
0.411900	126.00
0.411920	126.00
0.411940	126.00
0.411960	126.00
0.411980	125.00
0.412000	125.00
0.412020	125.00
0.412040	125.00
0.412060	125.00
0.412080	125.00
0.412100	125.00
0.412120	125.00
0.412140	125.00
0.412160	125.00
0.412180	125.00
0.412200	125.00
0.412220	125.00
0.412240	125.00
0.412260	125.00
0.412280	125.00
0.412300	125.00
0.412320	125.00
0.412340	124.00
0.412360	124.00
0.412380	124.00
0.412400	125.00
0.412420	125.00
0.412440	126.00
0.412460	126.00
0.412480	126.00
0.412500	126.00
0.412520	126.00
0.412540	126.00
0.412560	126.00
0.412580	125.00
0.412600	124.00
0.412620	124.00
0.412640	125.00
0.412660	125.00
0.412680	125.00
0.412700	124.00
0.412720	124.00
0.412740	124.00
0.412760	124.00
0.412780	125.00
0.412800	125.00
0.412820	126.00
0.412840	127.00
0.412860	127.00
0.412880	127.00
0.412900	127.00
0.412920	127.00
0.412940	127.00
0.412960	126.00
0.412980	125.00
0.413000	123.00
0.413020	123.00
0.413040	123.00
0.413060	123.00
0.413080	123.00
0.413100	123.00
0.413120	122.00
0.413140	122.00
0.413160	123.00
0.413180	124.00
0.413200	126.00
0.413220	127.00
0.413240	128.00
0.413260	128.00
0.413280	129.00
0.413300	129.00
0.413320	129.00
0.413340	129.00
0.413360	128.00
0.413380	127.00
0.413400	127.00
0.413420	126.00
0.413440	125.00
0.413460	124.00
0.413480	123.00
0.413500	122.00
0.413520	121.00
0.413540	121.00
0.413560	121.00
0.413580	121.00
0.413600	122.00
0.413620	123.00
0.413640	125.00
0.413660	126.00
0.413680	127.00
0.413700	127.00
0.413720	128.00
0.413740	129.00
0.413760	129.00
0.413780	129.00
0.413800	128.00
0.413820	127.00
0.413840	126.00
0.413860	125.00
0.413880	125.00
0.413900	124.00
0.413920	124.00
0.413940	123.00
0.413960	122.00
0.413980	122.00
0.414000	123.00
0.414020	123.00
0.414040	123.00
0.414060	124.00
0.414080	124.00
0.414100	124.00
0.414120	125.00
0.414140	125.00
0.414160	125.00
0.414180	125.00
0.414200	125.00
0.414220	126.00
0.414240	127.00
0.414260	127.00
0.414280	126.00
0.414300	125.00
0.414320	125.00
0.414340	125.00
0.414360	125.00
0.414380	125.00
0.414400	124.00
0.414420	123.00
0.414440	124.00
0.414460	124.00
0.414480	125.00
0.414500	125.00
0.414520	125.00
0.414540	125.00
0.414560	125.00
0.414580	125.00
0.414600	125.00
0.414620	125.00
0.414640	125.00
0.414660	125.00
0.414680	125.00
0.414700	125.00
0.414720	125.00
0.414740	125.00
0.414760	125.00
0.414780	125.00
0.414800	125.00
0.414820	125.00
0.414840	125.00
0.414860	126.00
0.414880	125.00
0.414900	125.00
0.414920	125.00
0.414940	125.00
0.414960	125.00
0.414980	125.00
0.415000	125.00
0.415020	125.00
0.415040	125.00
0.415060	125.00
0.415080	125.00
0.415100	125.00
0.415120	125.00
0.415140	125.00
0.415160	125.00
0.415180	125.00
0.415200	125.00
0.415220	125.00
0.415240	125.00
0.415260	125.00
0.415280	125.00
0.415300	125.00
0.415320	124.00
0.415340	124.00
0.415360	124.00
0.415380	124.00
0.415400	124.00
0.415420	125.00
0.415440	125.00
0.415460	125.00
0.415480	126.00
0.415500	126.00
0.415520	126.00
0.415540	126.00
0.415560	125.00
0.415580	125.00
0.415600	125.00
0.415620	125.00
0.415640	125.00
0.415660	124.00
0.415680	123.00
0.415700	123.00
0.415720	123.00
0.415740	124.00
0.415760	124.00
0.415780	125.00
0.415800	125.00
0.415820	125.00
0.415840	125.00
0.415860	125.00
0.415880	126.00
0.415900	126.00
0.415920	127.00
0.415940	127.00
0.415960	127.00
0.415980	127.00
0.416000	127.00
0.416020	126.00
0.416040	126.00
0.416060	126.00
0.416080	125.00
0.416100	124.00
0.416120	123.00
0.416140	122.00
0.416160	122.00
0.416180	122.00
0.416200	121.00
0.416220	121.00
0.416240	121.00
0.416260	122.00
0.416280	123.00
0.416300	124.00
0.416320	125.00
0.416340	126.00
0.416360	127.00
0.416380	128.00
0.416400	129.00
0.416420	129.00
0.416440	128.00
0.416460	128.00
0.416480	128.00
0.416500	128.00
0.416520	128.00
0.416540	128.00
0.416560	127.00
0.416580	126.00
0.416600	124.00
0.416620	123.00
0.416640	122.00
0.416660	122.00
0.416680	122.00
0.416700	122.00
0.416720	122.00
0.416740	122.00
0.416760	121.00
0.416780	121.00
0.416800	122.00
0.416820	123.00
0.416840	124.00
0.416860	124.00
0.416880	125.00
0.416900	125.00
0.416920	126.00
0.416940	127.00
0.416960	128.00
0.416980	129.00
0.417000	129.00
0.417020	130.00
0.417040	130.00
0.417060	130.00
0.417080	129.00
0.417100	128.00
0.417120	127.00
0.417140	126.00
0.417160	124.00
0.417180	123.00
0.417200	122.00
0.417220	121.00
0.417240	120.00
0.417260	120.00
0.417280	120.00
0.417300	120.00
0.417320	121.00
0.417340	122.00
0.417360	123.00
0.417380	124.00
0.417400	125.00
0.417420	126.00
0.417440	127.00
0.417460	128.00
0.417480	129.00
0.417500	129.00
0.417520	128.00
0.417540	128.00
0.417560	127.00
0.417580	127.00
0.417600	126.00
0.417620	125.00
0.417640	124.00
0.417660	124.00
0.417680	123.00
0.417700	123.00
0.417720	122.00
0.417740	122.00
0.417760	122.00
0.417780	123.00
0.417800	124.00
0.417820	125.00
0.417840	126.00
0.417860	126.00
0.417880	126.00
0.417900	126.00
0.417920	126.00
0.417940	126.00
0.417960	125.00
0.417980	125.00
0.418000	125.00
0.418020	125.00
0.418040	125.00
0.418060	125.00
0.418080	125.00
0.418100	125.00
0.418120	125.00
0.418140	125.00
0.418160	125.00
0.418180	125.00
0.418200	125.00
0.418220	124.00
0.418240	124.00
0.418260	124.00
0.418280	124.00
0.418300	124.00
0.418320	124.00
0.418340	124.00
0.418360	125.00
0.418380	125.00
0.418400	125.00
0.418420	126.00
0.418440	126.00
0.418460	126.00
0.418480	126.00
0.418500	126.00
0.418520	126.00
0.418540	125.00
0.418560	124.00
0.418580	124.00
0.418600	125.00
0.418620	126.00
0.418640	126.00
0.418660	126.00
0.418680	126.00
0.418700	126.00
0.418720	125.00
0.418740	125.00
0.418760	125.00
0.418780	125.00
0.418800	124.00
0.418820	124.00
0.418840	124.00
0.418860	123.00
0.418880	123.00
0.418900	123.00
0.418920	123.00
0.418940	124.00
0.418960	124.00
0.418980	124.00
0.419000	125.00
0.419020	126.00
0.419040	127.00
0.419060	127.00
0.419080	127.00
0.419100	126.00
0.419120	125.00
0.419140	125.00
0.419160	125.00
0.419180	124.00
0.419200	124.00
0.419220	123.00
0.419240	122.00
0.419260	122.00
0.419280	122.00
0.419300	122.00
0.419320	122.00
0.419340	123.00
0.419360	124.00
0.419380	125.00
0.419400	126.00
0.419420	126.00
0.419440	126.00
0.419460	127.00
0.419480	127.00
0.419500	128.00
0.419520	128.00
0.419540	128.00
0.419560	128.00
0.419580	127.00
0.419600	126.00
0.419620	125.00
0.419640	124.00
0.419660	123.00
0.419680	123.00
0.419700	122.00
0.419720	122.00
0.419740	122.00
0.419760	122.00
0.419780	123.00
0.419800	124.00
0.419820	125.00
0.419840	125.00
0.419860	126.00
0.419880	127.00
0.419900	128.00
0.419920	128.00
0.419940	128.00
0.419960	127.00
0.419980	127.00
