0.410000	101.00
0.410020	49.00
0.410040	101.00
0.410060	140.00
0.410080	143.00
0.410100	124.00
0.410120	112.00
0.410140	118.00
0.410160	131.00
0.410180	133.00
0.410200	125.00
0.410220	119.00
0.410240	122.00
0.410260	129.00
0.410280	131.00
0.410300	125.00
0.410320	121.00
0.410340	123.00
0.410360	128.00
0.410380	129.00
0.410400	125.00
0.410420	122.00
0.410440	123.00
0.410460	127.00
0.410480	128.00
0.410500	125.00
0.410520	122.00
0.410540	123.00
0.410560	126.00
0.410580	127.00
0.410600	124.00
0.410620	122.00
0.410640	124.00
0.410660	127.00
0.410680	127.00
0.410700	125.00
0.410720	123.00
0.410740	124.00
0.410760	126.00
0.410780	127.00
0.410800	125.00
0.410820	122.00
0.410840	123.00
0.410860	125.00
0.410880	126.00
0.410900	125.00
0.410920	123.00
0.410940	124.00
0.410960	125.00
0.410980	126.00
0.411000	125.00
0.411020	123.00
0.411040	124.00
0.411060	126.00
0.411080	126.00
0.411100	125.00
0.411120	124.00
0.411140	125.00
0.411160	126.00
0.411180	126.00
0.411200	125.00
0.411220	124.00
0.411240	124.00
0.411260	125.00
0.411280	126.00
0.411300	124.00
0.411320	123.00
0.411340	124.00
0.411360	125.00
0.411380	126.00
0.411400	125.00
0.411420	124.00
0.411440	124.00
0.411460	125.00
0.411480	125.00
0.411500	124.00
0.411520	124.00
0.411540	125.00
0.411560	126.00
0.411580	126.00
0.411600	125.00
0.411620	123.00
0.411640	124.00
0.411660	125.00
0.411680	125.00
0.411700	125.00
0.411720	124.00
0.411740	125.00
0.411760	126.00
0.411780	126.00
0.411800	125.00
0.411820	124.00
0.411840	124.00
0.411860	125.00
0.411880	125.00
0.411900	124.00
0.411920	124.00
0.411940	124.00
0.411960	125.00
0.411980	125.00
0.412000	124.00
0.412020	123.00
0.412040	124.00
0.412060	125.00
0.412080	125.00
0.412100	124.00
0.412120	124.00
0.412140	125.00
0.412160	126.00
0.412180	126.00
0.412200	125.00
0.412220	125.00
0.412240	125.00
0.412260	126.00
0.412280	126.00
0.412300	125.00
0.412320	124.00
0.412340	124.00
0.412360	125.00
0.412380	125.00
0.412400	124.00
0.412420	124.00
0.412440	124.00
0.412460	125.00
0.412480	126.00
0.412500	125.00
0.412520	125.00
0.412540	125.00
0.412560	125.00
0.412580	125.00
0.412600	124.00
0.412620	124.00
0.412640	124.00
0.412660	125.00
0.412680	125.00
0.412700	125.00
0.412720	125.00
0.412740	125.00
0.412760	125.00
0.412780	125.00
0.412800	124.00
0.412820	124.00
0.412840	125.00
0.412860	126.00
0.412880	126.00
0.412900	125.00
0.412920	124.00
0.412940	124.00
0.412960	125.00
0.412980	125.00
0.413000	125.00
0.413020	125.00
0.413040	125.00
0.413060	126.00
0.413080	126.00
0.413100	125.00
0.413120	124.00
0.413140	125.00
0.413160	125.00
0.413180	125.00
0.413200	124.00
0.413220	124.00
0.413240	124.00
0.413260	125.00
0.413280	126.00
0.413300	125.00
0.413320	125.00
0.413340	125.00
0.413360	125.00
0.413380	125.00
0.413400	125.00
0.413420	125.00
0.413440	125.00
0.413460	126.00
0.413480	126.00
0.413500	125.00
0.413520	123.00
0.413540	123.00
0.413560	124.00
0.413580	124.00
0.413600	124.00
0.413620	124.00
0.413640	124.00
0.413660	124.00
0.413680	125.00
0.413700	125.00
0.413720	125.00
0.413740	125.00
0.413760	126.00
0.413780	126.00
0.413800	125.00
0.413820	125.00
0.413840	125.00
0.413860	126.00
0.413880	125.00
0.413900	125.00
0.413920	124.00
0.413940	124.00
0.413960	125.00
0.413980	125.00
0.414000	124.00
0.414020	124.00
0.414040	124.00
0.414060	125.00
0.414080	125.00
0.414100	125.00
0.414120	125.00
0.414140	125.00
0.414160	125.00
0.414180	125.00
0.414200	125.00
0.414220	124.00
0.414240	124.00
0.414260	124.00
0.414280	125.00
0.414300	125.00
0.414320	124.00
0.414340	125.00
0.414360	125.00
0.414380	125.00
0.414400	125.00
0.414420	124.00
0.414440	124.00
0.414460	124.00
0.414480	124.00
0.414500	124.00
0.414520	124.00
0.414540	124.00
0.414560	124.00
0.414580	125.00
0.414600	125.00
0.414620	125.00
0.414640	124.00
0.414660	124.00
0.414680	124.00
0.414700	124.00
0.414720	124.00
0.414740	125.00
0.414760	125.00
0.414780	125.00
0.414800	125.00
0.414820	125.00
0.414840	125.00
0.414860	125.00
0.414880	125.00
0.414900	124.00
0.414920	124.00
0.414940	125.00
0.414960	126.00
0.414980	125.00
0.415000	124.00
0.415020	124.00
0.415040	124.00
0.415060	125.00
0.415080	125.00
0.415100	125.00
0.415120	124.00
0.415140	124.00
0.415160	124.00
0.415180	125.00
0.415200	124.00
0.415220	124.00
0.415240	124.00
0.415260	124.00
0.415280	125.00
0.415300	125.00
0.415320	125.00
0.415340	125.00
0.415360	125.00
0.415380	125.00
0.415400	124.00
0.415420	124.00
0.415440	124.00
0.415460	125.00
0.415480	125.00
0.415500	124.00
0.415520	124.00
0.415540	124.00
0.415560	125.00
0.415580	125.00
0.415600	125.00
0.415620	125.00
0.415640	125.00
0.415660	125.00
0.415680	125.00
0.415700	125.00
0.415720	125.00
0.415740	124.00
0.415760	124.00
0.415780	124.00
0.415800	124.00
0.415820	124.00
0.415840	124.00
0.415860	125.00
0.415880	125.00
0.415900	124.00
0.415920	124.00
0.415940	124.00
0.415960	124.00
0.415980	125.00
0.416000	124.00
0.416020	124.00
0.416040	124.00
0.416060	124.00
0.416080	125.00
0.416100	124.00
0.416120	124.00
0.416140	124.00
0.416160	124.00
0.416180	125.00
0.416200	125.00
0.416220	125.00
0.416240	125.00
0.416260	126.00
0.416280	125.00
0.416300	125.00
0.416320	124.00
0.416340	124.00
0.416360	125.00
0.416380	125.00
0.416400	124.00
0.416420	124.00
0.416440	124.00
0.416460	125.00
0.416480	125.00
0.416500	125.00
0.416520	124.00
0.416540	124.00
0.416560	125.00
0.416580	126.00
0.416600	125.00
0.416620	125.00
0.416640	125.00
0.416660	125.00
0.416680	125.00
0.416700	125.00
0.416720	124.00
0.416740	124.00
0.416760	125.00
0.416780	125.00
0.416800	124.00
0.416820	124.00
0.416840	124.00
0.416860	125.00
0.416880	125.00
0.416900	125.00
0.416920	124.00
0.416940	124.00
0.416960	125.00
0.416980	126.00
0.417000	126.00
0.417020	125.00
0.417040	125.00
0.417060	125.00
0.417080	126.00
0.417100	125.00
0.417120	124.00
0.417140	124.00
0.417160	124.00
0.417180	125.00
0.417200	125.00
0.417220	124.00
0.417240	124.00
0.417260	125.00
0.417280	125.00
0.417300	125.00
0.417320	125.00
0.417340	125.00
0.417360	125.00
0.417380	125.00
0.417400	125.00
0.417420	125.00
0.417440	125.00
0.417460	126.00
0.417480	126.00
0.417500	125.00
0.417520	125.00
0.417540	124.00
0.417560	125.00
0.417580	125.00
0.417600	124.00
0.417620	124.00
0.417640	124.00
0.417660	125.00
0.417680	125.00
0.417700	125.00
0.417720	125.00
0.417740	125.00
0.417760	124.00
0.417780	124.00
0.417800	124.00
0.417820	124.00
0.417840	124.00
0.417860	124.00
0.417880	125.00
0.417900	124.00
0.417920	124.00
0.417940	124.00
0.417960	124.00
0.417980	125.00
0.418000	125.00
0.418020	125.00
0.418040	125.00
0.418060	126.00
0.418080	126.00
0.418100	125.00
0.418120	125.00
0.418140	125.00
0.418160	125.00
0.418180	125.00
0.418200	124.00
0.418220	124.00
0.418240	124.00
0.418260	124.00
0.418280	125.00
0.418300	125.00
0.418320	125.00
0.418340	125.00
0.418360	125.00
0.418380	125.00
0.418400	125.00
0.418420	125.00
0.418440	125.00
0.418460	126.00
0.418480	126.00
0.418500	125.00
0.418520	124.00
0.418540	124.00
0.418560	125.00
0.418580	125.00
0.418600	125.00
0.418620	125.00
0.418640	125.00
0.418660	125.00
0.418680	125.00
0.418700	125.00
0.418720	124.00
0.418740	124.00
0.418760	124.00
0.418780	124.00
0.418800	124.00
0.418820	124.00
0.418840	124.00
0.418860	125.00
0.418880	125.00
0.418900	125.00
0.418920	124.00
0.418940	124.00
0.418960	124.00
0.418980	124.00
0.419000	124.00
0.419020	124.00
0.419040	124.00
0.419060	125.00
0.419080	125.00
0.419100	125.00
0.419120	125.00
0.419140	125.00
0.419160	125.00
0.419180	125.00
0.419200	124.00
0.419220	124.00
0.419240	124.00
0.419260	124.00
0.419280	125.00
0.419300	125.00
0.419320	125.00
0.419340	125.00
0.419360	126.00
0.419380	126.00
0.419400	125.00
0.419420	125.00
0.419440	125.00
0.419460	125.00
0.419480	125.00
0.419500	125.00
0.419520	124.00
0.419540	124.00
0.419560	124.00
0.419580	125.00
0.419600	125.00
0.419620	125.00
0.419640	125.00
0.419660	125.00
0.419680	126.00
0.419700	125.00
0.419720	125.00
0.419740	125.00
0.419760	124.00
0.419780	124.00
0.419800	124.00
0.419820	124.00
0.419840	124.00
0.419860	125.00
0.419880	125.00
0.419900	125.00
0.419920	124.00
0.419940	124.00
0.419960	124.00
0.419980	125.00
0.420000	125.00
0.420020	125.00
0.420040	125.00
0.420060	125.00
0.420080	125.00
0.420100	125.00
0.420120	125.00
0.420140	125.00
0.420160	125.00
0.420180	125.00
0.420200	125.00
0.420220	125.00
0.420240	125.00
0.420260	125.00
0.420280	125.00
0.420300	125.00
0.420320	125.00
0.420340	125.00
0.420360	125.00
0.420380	125.00
0.420400	124.00
0.420420	124.00
0.420440	124.00
0.420460	125.00
0.420480	125.00
0.420500	125.00
0.420520	125.00
0.420540	124.00
0.420560	125.00
0.420580	125.00
0.420600	125.00
0.420620	125.00
0.420640	125.00
0.420660	125.00
0.420680	125.00
0.420700	124.00
0.420720	124.00
0.420740	125.00
0.420760	125.00
0.420780	125.00
0.420800	125.00
0.420820	125.00
0.420840	125.00
0.420860	125.00
0.420880	125.00
0.420900	125.00
0.420920	124.00
0.420940	124.00
0.420960	125.00
0.420980	125.00
0.421000	126.00
0.421020	125.00
0.421040	125.00
0.421060	125.00
0.421080	125.00
0.421100	124.00
0.421120	124.00
0.421140	124.00
0.421160	124.00
0.421180	125.00
0.421200	125.00
0.421220	125.00
0.421240	124.00
0.421260	124.00
0.421280	125.00
0.421300	125.00
0.421320	125.00
0.421340	125.00
0.421360	125.00
0.421380	125.00
0.421400	125.00
0.421420	125.00
0.421440	125.00
0.421460	124.00
0.421480	124.00
0.421500	124.00
0.421520	124.00
0.421540	124.00
0.421560	124.00
0.421580	124.00
0.421600	125.00
0.421620	125.00
0.421640	125.00
0.421660	125.00
0.421680	124.00
0.421700	124.00
0.421720	124.00
0.421740	124.00
0.421760	124.00
0.421780	125.00
0.421800	125.00
0.421820	125.00
0.421840	125.00
0.421860	125.00
0.421880	124.00
0.421900	124.00
0.421920	124.00
0.421940	124.00
0.421960	124.00
0.421980	124.00
0.422000	125.00
0.422020	125.00
0.422040	125.00
0.422060	125.00
0.422080	124.00
0.422100	124.00
0.422120	124.00
0.422140	124.00
0.422160	125.00
0.422180	124.00
0.422200	124.00
0.422220	124.00
0.422240	125.00
0.422260	125.00
0.422280	125.00
0.422300	125.00
0.422320	125.00
0.422340	124.00
0.422360	124.00
0.422380	124.00
0.422400	124.00
0.422420	125.00
0.422440	125.00
0.422460	125.00
0.422480	126.00
0.422500	125.00
0.422520	125.00
0.422540	125.00
0.422560	124.00
0.422580	124.00
0.422600	124.00
0.422620	124.00
0.422640	125.00
0.422660	125.00
0.422680	125.00
0.422700	124.00
0.422720	124.00
0.422740	124.00
0.422760	124.00
0.422780	125.00
0.422800	125.00
0.422820	125.00
0.422840	125.00
0.422860	124.00
0.422880	124.00
0.422900	124.00
0.422920	124.00
0.422940	124.00
0.422960	124.00
0.422980	124.00
0.423000	125.00
0.423020	125.00
0.423040	125.00
0.423060	124.00
0.423080	124.00
0.423100	124.00
0.423120	124.00
0.423140	124.00
0.423160	124.00
0.423180	124.00
0.423200	125.00
0.423220	125.00
0.423240	125.00
0.423260	125.00
0.423280	125.00
0.423300	124.00
0.423320	125.00
0.423340	125.00
0.423360	126.00
0.423380	125.00
0.423400	125.00
0.423420	125.00
0.423440	125.00
0.423460	126.00
0.423480	125.00
0.423500	124.00
0.423520	124.00
0.423540	124.00
0.423560	125.00
0.423580	125.00
0.423600	125.00
0.423620	125.00
0.423640	125.00
0.423660	125.00
0.423680	124.00
0.423700	124.00
0.423720	124.00
0.423740	124.00
0.423760	124.00
0.423780	124.00
0.423800	124.00
0.423820	124.00
0.423840	124.00
0.423860	125.00
0.423880	124.00
0.423900	124.00
0.423920	124.00
0.423940	124.00
0.423960	125.00
0.423980	125.00
0.424000	124.00
0.424020	124.00
0.424040	124.00
0.424060	124.00
0.424080	124.00
0.424100	124.00
0.424120	124.00
0.424140	124.00
0.424160	125.00
0.424180	124.00
0.424200	124.00
0.424220	124.00
0.424240	124.00
0.424260	124.00
0.424280	125.00
0.424300	125.00
0.424320	125.00
0.424340	125.00
0.424360	125.00
0.424380	126.00
0.424400	125.00
0.424420	125.00
0.424440	125.00
0.424460	125.00
0.424480	125.00
0.424500	124.00
0.424520	124.00
0.424540	124.00
0.424560	125.00
0.424580	125.00
0.424600	125.00
0.424620	124.00
0.424640	124.00
0.424660	124.00
0.424680	124.00
0.424700	124.00
0.424720	124.00
0.424740	124.00
0.424760	124.00
0.424780	123.00
0.424800	122.00
0.424820	122.00
0.424840	122.00
0.424860	123.00
0.424880	125.00
0.424900	126.00
0.424920	129.00
0.424940	132.00
0.424960	135.00
0.424980	138.00
0.425000	140.00
0.425020	141.00
0.425040	140.00
0.425060	136.00
0.425080	130.00
0.425100	123.00
0.425120	115.00
0.425140	108.00
0.425160	101.00
0.425180	96.00
0.425200	92.00
0.425220	91.00
0.425240	93.00
0.425260	97.00
0.425280	105.00
0.425300	116.00
0.425320	129.00
0.425340	141.00
0.425360	153.00
0.425380	163.00
0.425400	170.00
0.425420	175.00
0.425440	177.00
0.425460	174.00
0.425480	167.00
0.425500	156.00
0.425520	140.00
0.425540	120.00
0.425560	97.00
0.425580	76.00
0.425600	58.00
0.425620	45.00
0.425640	39.00
0.425660	39.00
0.425680	48.00
0.425700	65.00
0.425720	91.00
0.425740	123.00
0.425760	157.00
0.425780	190.00
0.425800	217.00
0.425820	236.00
0.425840	244.00
0.425860	242.00
0.425880	231.00
0.425900	211.00
0.425920	182.00
0.425940	142.00
0.425960	93.00
0.425980	46.00
0.426000	13.00
0.426020	0.00
0.426040	0.00
0.426060	2.00
0.426080	1.00
0.426100	2.00
0.426120	19.00
0.426140	58.00
0.426160	113.00
0.426180	168.00
0.426200	211.00
0.426220	239.00
0.426240	253.00
0.426260	255.00
0.426280	255.00
0.426300	248.00
0.426320	231.00
0.426340	205.00
0.426360	169.00
0.426380	124.00
0.426400	76.00
0.426420	35.00
0.426440	10.00
0.426460	1.00
0.426480	0.00
0.426500	0.00
0.426520	4.00
0.426540	18.00
0.426560	46.00
0.426580	85.00
0.426600	127.00
0.426620	164.00
0.426640	192.00
0.426660	213.00
0.426680	226.00
0.426700	230.00
0.426720	225.00
0.426740	212.00
0.426760	193.00
0.426780	170.00
0.426800	144.00
0.426820	117.00
0.426840	91.00
0.426860	70.00
0.426880	55.00
0.426900	48.00
0.426920	46.00
0.426940	51.00
0.426960	62.00
0.426980	78.00
0.427000	96.00
0.427020	115.00
0.427040	134.00
0.427060	150.00
0.427080	164.00
0.427100	173.00
0.427120	176.00
0.427140	175.00
0.427160	170.00
0.427180	162.00
0.427200	152.00
0.427220	139.00
0.427240	127.00
0.427260	115.00
0.427280	105.00
0.427300	98.00
0.427320	93.00
0.427340	91.00
0.427360	92.00
0.427380	97.00
0.427400	103.00
0.427420	110.00
0.427440	117.00
0.427460	125.00
0.427480	133.00
0.427500	139.00
0.427520	143.00
0.427540	145.00
0.427560	146.00
0.427580	145.00
0.427600	142.00
0.427620	138.00
0.427640	133.00
0.427660	128.00
0.427680	123.00
0.427700	119.00
0.427720	115.00
0.427740	113.00
0.427760	111.00
0.427780	112.00
0.427800	113.00
0.427820	115.00
0.427840	117.00
0.427860	120.00
0.427880	123.00
0.427900	126.00
0.427920	129.00
0.427940	131.00
0.427960	132.00
0.427980	133.00
0.428000	133.00
0.428020	132.00
0.428040	131.00
0.428060	129.00
0.428080	127.00
0.428100	125.00
0.428120	124.00
0.428140	122.00
0.428160	121.00
0.428180	120.00
0.428200	120.00
0.428220	120.00
0.428240	121.00
0.428260	122.00
0.428280	123.00
0.428300	124.00
0.428320	125.00
0.428340	126.00
0.428360	126.00
0.428380	127.00
0.428400	128.00
0.428420	128.00
0.428440	127.00
0.428460	127.00
0.428480	127.00
0.428500	127.00
0.428520	126.00
0.428540	125.00
0.428560	124.00
0.428580	124.00
0.428600	124.00
0.428620	124.00
0.428640	124.00
0.428660	123.00
0.428680	123.00
0.428700	124.00
0.428720	124.00
0.428740	124.00
0.428760	125.00
0.428780	125.00
0.428800	126.00
0.428820	126.00
0.428840	126.00
0.428860	126.00
0.428880	126.00
0.428900	126.00
0.428920	126.00
0.428940	125.00
0.428960	125.00
0.428980	124.00
0.429000	124.00
0.429020	123.00
0.429040	123.00
0.429060	123.00
0.429080	123.00
0.429100	124.00
0.429120	124.00
0.429140	124.00
0.429160	124.00
0.429180	124.00
0.429200	124.00
0.429220	124.00
0.429240	125.00
0.429260	125.00
0.429280	126.00
0.429300	125.00
0.429320	125.00
0.429340	124.00
0.429360	124.00
0.429380	124.00
0.429400	125.00
0.429420	125.00
0.429440	125.00
0.429460	125.00
0.429480	125.00
0.429500	125.00
0.429520	124.00
0.429540	124.00
0.429560	124.00
0.429580	124.00
0.429600	124.00
0.429620	125.00
0.429640	125.00
0.429660	125.00
0.429680	125.00
0.429700	125.00
0.429720	125.00
0.429740	125.00
0.429760	126.00
0.429780	126.00
0.429800	126.00
0.429820	125.00
0.429840	125.00
0.429860	125.00
0.429880	125.00
0.429900	125.00
0.429920	125.00
0.429940	125.00
0.429960	125.00
0.429980	126.00
0.430000	126.00
0.430020	125.00
0.430040	125.00
0.430060	125.00
0.430080	125.00
0.430100	125.00
0.430120	125.00
0.430140	125.00
0.430160	125.00
0.430180	125.00
0.430200	125.00
0.430220	125.00
0.430240	125.00
0.430260	125.00
0.430280	124.00
0.430300	124.00
0.430320	124.00
0.430340	124.00
0.430360	124.00
0.430380	124.00
0.430400	124.00
0.430420	124.00
0.430440	124.00
0.430460	124.00
0.430480	124.00
0.430500	124.00
0.430520	125.00
0.430540	125.00
0.430560	125.00
0.430580	126.00
0.430600	125.00
0.430620	124.00
0.430640	124.00
0.430660	124.00
0.430680	125.00
0.430700	125.00
0.430720	125.00
0.430740	125.00
0.430760	125.00
0.430780	125.00
0.430800	125.00
0.430820	125.00
0.430840	124.00
0.430860	124.00
0.430880	124.00
0.430900	124.00
0.430920	125.00
0.430940	125.00
0.430960	125.00
0.430980	126.00
0.431000	126.00
0.431020	126.00
0.431040	126.00
0.431060	126.00
0.431080	125.00
0.431100	125.00
0.431120	124.00
0.431140	123.00
0.431160	122.00
0.431180	122.00
0.431200	121.00
0.431220	120.00
0.431240	120.00
0.431260	121.00
0.431280	122.00
0.431300	124.00
0.431320	125.00
0.431340	127.00
0.431360	129.00
0.431380	132.00
0.431400	133.00
0.431420	134.00
0.431440	134.00
0.431460	133.00
0.431480	132.00
0.431500	129.00
0.431520	126.00
0.431540	123.00
0.431560	119.00
0.431580	116.00
0.431600	114.00
0.431620	111.00
0.431640	110.00
0.431660	110.00
0.431680	111.00
0.431700	113.00
0.431720	117.00
0.431740	121.00
0.431760	127.00
0.431780	134.00
0.431800	139.00
0.431820	144.00
0.431840	148.00
0.431860	149.00
0.431880	148.00
0.431900	145.00
0.431920	140.00
0.431940	133.00
0.431960	124.00
0.431980	114.00
0.432000	104.00
0.432020	95.00
0.432040	89.00
0.432060	86.00
0.432080	87.00
0.432100	92.00
0.432120	99.00
0.432140	109.00
0.432160	122.00
0.432180	136.00
0.432200	148.00
0.432220	159.00
0.432240	167.00
0.432260	172.00
0.432280	173.00
0.432300	169.00
0.432320	162.00
0.432340	151.00
0.432360	138.00
0.432380	123.00
0.432400	109.00
0.432420	96.00
0.432440	85.00
0.432460	78.00
0.432480	75.00
0.432500	76.00
0.432520	81.00
0.432540	90.00
0.432560	101.00
0.432580	114.00
0.432600	128.00
0.432620	140.00
0.432640	151.00
0.432660	160.00
0.432680	165.00
0.432700	167.00
0.432720	164.00
0.432740	159.00
0.432760	151.00
0.432780	142.00
0.432800	132.00
0.432820	121.00
0.432840	111.00
0.432860	103.00
0.432880	98.00
0.432900	95.00
0.432920	94.00
0.432940	96.00
0.432960	100.00
0.432980	106.00
0.433000	113.00
0.433020	121.00
0.433040	129.00
0.433060	135.00
0.433080	140.00
0.433100	144.00
0.433120	145.00
0.433140	145.00
0.433160	143.00
0.433180	140.00
0.433200	136.00
0.433220	131.00
0.433240	126.00
0.433260	122.00
0.433280	118.00
0.433300	115.00
0.433320	113.00
0.433340	112.00
0.433360	113.00
0.433380	114.00
0.433400	117.00
0.433420	119.00
0.433440	122.00
0.433460	125.00
0.433480	128.00
0.433500	130.00
0.433520	132.00
0.433540	133.00
0.433560	133.00
0.433580	133.00
0.433600	131.00
0.433620	130.00
0.433640	128.00
0.433660	126.00
0.433680	124.00
0.433700	123.00
0.433720	121.00
0.433740	120.00
0.433760	119.00
0.433780	120.00
0.433800	120.00
0.433820	121.00
0.433840	122.00
0.433860	123.00
0.433880	124.00
0.433900	125.00
0.433920	126.00
0.433940	127.00
0.433960	128.00
0.433980	128.00
0.434000	129.00
0.434020	128.00
0.434040	127.00
0.434060	126.00
0.434080	125.00
0.434100	125.00
0.434120	124.00
0.434140	123.00
0.434160	123.00
0.434180	122.00
0.434200	123.00
0.434220	123.00
0.434240	123.00
0.434260	123.00
0.434280	124.00
0.434300	124.00
0.434320	125.00
0.434340	125.00
0.434360	126.00
0.434380	126.00
0.434400	126.00
0.434420	127.00
0.434440	126.00
0.434460	126.00
0.434480	125.00
0.434500	125.00
0.434520	124.00
0.434540	124.00
0.434560	124.00
0.434580	124.00
0.434600	123.00
0.434620	123.00
0.434640	124.00
0.434660	124.00
0.434680	125.00
0.434700	125.00
0.434720	125.00
0.434740	125.00
0.434760	125.00
0.434780	126.00
0.434800	126.00
0.434820	126.00
0.434840	126.00
0.434860	126.00
0.434880	126.00
0.434900	125.00
0.434920	124.00
0.434940	123.00
0.434960	123.00
0.434980	123.00
0.435000	123.00
0.435020	123.00
0.435040	123.00
0.435060	124.00
0.435080	125.00
0.435100	125.00
0.435120	126.00
0.435140	126.00
0.435160	127.00
0.435180	127.00
0.435200	127.00
0.435220	126.00
0.435240	126.00
0.435260	125.00
0.435280	125.00
0.435300	125.00
0.435320	125.00
0.435340	125.00
0.435360	124.00
0.435380	124.00
0.435400	124.00
0.435420	123.00
0.435440	123.00
0.435460	123.00
0.435480	123.00
0.435500	124.00
0.435520	124.00
0.435540	124.00
0.435560	125.00
0.435580	125.00
0.435600	125.00
0.435620	125.00
0.435640	126.00
0.435660	126.00
0.435680	126.00
0.435700	126.00
0.435720	125.00
0.435740	125.00
0.435760	125.00
0.435780	124.00
0.435800	124.00
0.435820	124.00
0.435840	124.00
0.435860	124.00
0.435880	124.00
0.435900	124.00
0.435920	124.00
0.435940	124.00
0.435960	124.00
0.435980	125.00
0.436000	125.00
0.436020	125.00
0.436040	124.00
0.436060	124.00
0.436080	125.00
0.436100	125.00
0.436120	125.00
0.436140	125.00
0.436160	125.00
0.436180	125.00
0.436200	125.00
0.436220	125.00
0.436240	125.00
0.436260	125.00
0.436280	125.00
0.436300	125.00
0.436320	124.00
0.436340	124.00
0.436360	124.00
0.436380	124.00
0.436400	124.00
0.436420	124.00
0.436440	124.00
0.436460	124.00
0.436480	124.00
0.436500	125.00
0.436520	125.00
0.436540	125.00
0.436560	125.00
0.436580	126.00
0.436600	126.00
0.436620	126.00
0.436640	125.00
0.436660	125.00
0.436680	124.00
0.436700	124.00
0.436720	124.00
0.436740	124.00
0.436760	124.00
0.436780	124.00
0.436800	124.00
0.436820	124.00
0.436840	124.00
0.436860	124.00
0.436880	125.00
0.436900	125.00
0.436920	125.00
0.436940	125.00
0.436960	126.00
0.436980	126.00
0.437000	126.00
0.437020	126.00
0.437040	126.00
0.437060	126.00
0.437080	126.00
0.437100	125.00
0.437120	125.00
0.437140	125.00
0.437160	124.00
0.437180	124.00
0.437200	125.00
0.437220	125.00
0.437240	125.00
0.437260	125.00
0.437280	125.00
0.437300	124.00
0.437320	124.00
0.437340	124.00
0.437360	123.00
0.437380	123.00
0.437400	123.00
0.437420	123.00
0.437440	123.00
0.437460	124.00
0.437480	124.00
0.437500	125.00
0.437520	126.00
0.437540	127.00
0.437560	128.00
0.437580	129.00
0.437600	130.00
0.437620	130.00
0.437640	130.00
0.437660	130.00
0.437680	129.00
0.437700	127.00
0.437720	125.00
0.437740	123.00
0.437760	121.00
0.437780	120.00
0.437800	118.00
0.437820	117.00
0.437840	117.00
0.437860	117.00
0.437880	117.00
0.437900	118.00
0.437920	120.00
0.437940	122.00
0.437960	125.00
0.437980	129.00
0.438000	132.00
0.438020	136.00
0.438040	139.00
0.438060	141.00
0.438080	141.00
0.438100	140.00
0.438120	137.00
0.438140	134.00
0.438160	128.00
0.438180	122.00
0.438200	115.00
0.438220	109.00
0.438240	104.00
0.438260	101.00
0.438280	99.00
0.438300	100.00
0.438320	104.00
0.438340	110.00
0.438360	117.00
0.438380	126.00
0.438400	134.00
0.438420	143.00
0.438440	150.00
0.438460	155.00
0.438480	158.00
0.438500	158.00
0.438520	155.00
0.438540	149.00
0.438560	141.00
0.438580	132.00
0.438600	121.00
0.438620	111.00
0.438640	102.00
0.438660	95.00
0.438680	91.00
0.438700	90.00
0.438720	91.00
0.438740	94.00
0.438760	101.00
0.438780	109.00
0.438800	119.00
0.438820	128.00
0.438840	137.00
0.438860	144.00
0.438880	150.00
0.438900	154.00
0.438920	155.00
0.438940	153.00
0.438960	150.00
0.438980	144.00
0.439000	137.00
0.439020	130.00
0.439040	122.00
0.439060	116.00
0.439080	110.00
0.439100	106.00
0.439120	103.00
0.439140	103.00
0.439160	104.00
0.439180	107.00
0.439200	112.00
0.439220	116.00
0.439240	121.00
0.439260	126.00
0.439280	131.00
0.439300	135.00
0.439320	138.00
0.439340	140.00
0.439360	140.00
0.439380	139.00
0.439400	137.00
0.439420	134.00
0.439440	131.00
0.439460	127.00
0.439480	124.00
0.439500	121.00
0.439520	118.00
0.439540	116.00
0.439560	115.00
0.439580	115.00
0.439600	116.00
0.439620	118.00
0.439640	120.00
0.439660	122.00
0.439680	124.00
0.439700	125.00
0.439720	127.00
0.439740	129.00
0.439760	130.00
0.439780	131.00
0.439800	131.00
0.439820	130.00
0.439840	129.00
0.439860	128.00
0.439880	127.00
0.439900	126.00
0.439920	125.00
0.439940	123.00
0.439960	122.00
0.439980	121.00
0.440000	121.00
0.440020	121.00
0.440040	121.00
0.440060	122.00
0.440080	123.00
0.440100	124.00
0.440120	125.00
0.440140	126.00
0.440160	126.00
0.440180	126.00
0.440200	127.00
0.440220	127.00
0.440240	127.00
0.440260	127.00
0.440280	127.00
0.440300	126.00
0.440320	125.00
0.440340	124.00
0.440360	123.00
0.440380	123.00
0.440400	122.00
0.440420	122.00
0.440440	122.00
0.440460	122.00
0.440480	122.00
0.440500	123.00
0.440520	124.00
0.440540	125.00
0.440560	126.00
0.440580	127.00
0.440600	127.00
0.440620	127.00
0.440640	127.00
0.440660	127.00
0.440680	127.00
0.440700	127.00
0.440720	126.00
0.440740	125.00
0.440760	124.00
0.440780	124.00
0.440800	123.00
0.440820	123.00
0.440840	123.00
0.440860	123.00
0.440880	123.00
0.440900	123.00
0.440920	124.00
0.440940	125.00
0.440960	125.00
0.440980	126.00
0.441000	126.00
0.441020	127.00
0.441040	127.00
0.441060	127.00
0.441080	126.00
0.441100	126.00
0.441120	125.00
0.441140	125.00
0.441160	124.00
0.441180	123.00
0.441200	123.00
0.441220	122.00
0.441240	122.00
0.441260	123.00
0.441280	123.00
0.441300	124.00
0.441320	124.00
0.441340	125.00
0.441360	125.00
0.441380	126.00
0.441400	126.00
0.441420	126.00
0.441440	127.00
0.441460	127.00
0.441480	127.00
0.441500	127.00
0.441520	126.00
0.441540	125.00
0.441560	124.00
0.441580	124.00
0.441600	123.00
0.441620	123.00
0.441640	123.00
0.441660	123.00
0.441680	123.00
0.441700	124.00
0.441720	124.00
0.441740	124.00
0.441760	124.00
0.441780	124.00
0.441800	125.00
0.441820	125.00
0.441840	125.00
0.441860	125.00
0.441880	125.00
0.441900	125.00
0.441920	125.00
0.441940	125.00
0.441960	125.00
0.441980	125.00
0.442000	125.00
0.442020	124.00
0.442040	124.00
0.442060	124.00
0.442080	124.00
0.442100	124.00
0.442120	124.00
0.442140	125.00
0.442160	125.00
0.442180	125.00
0.442200	125.00
0.442220	125.00
0.442240	124.00
0.442260	124.00
0.442280	124.00
0.442300	124.00
0.442320	124.00
0.442340	124.00
0.442360	124.00
0.442380	124.00
0.442400	124.00
0.442420	125.00
0.442440	125.00
0.442460	125.00
0.442480	124.00
0.442500	125.00
0.442520	125.00
0.442540	125.00
0.442560	125.00
0.442580	125.00
0.442600	125.00
0.442620	125.00
0.442640	125.00
0.442660	124.00
0.442680	124.00
0.442700	124.00
0.442720	124.00
0.442740	124.00
0.442760	124.00
0.442780	124.00
0.442800	125.00
0.442820	125.00
0.442840	125.00
0.442860	124.00
0.442880	124.00
0.442900	125.00
0.442920	125.00
0.442940	125.00
0.442960	125.00
0.442980	125.00
0.443000	125.00
0.443020	125.00
0.443040	125.00
0.443060	125.00
0.443080	124.00
0.443100	124.00
0.443120	123.00
0.443140	123.00
0.443160	124.00
0.443180	124.00
0.443200	124.00
0.443220	124.00
0.443240	125.00
0.443260	125.00
0.443280	126.00
0.443300	126.00
0.443320	126.00
0.443340	126.00
0.443360	126.00
0.443380	126.00
0.443400	126.00
0.443420	126.00
0.443440	126.00
0.443460	126.00
0.443480	125.00
0.443500	125.00
0.443520	124.00
0.443540	123.00
0.443560	123.00
0.443580	122.00
0.443600	122.00
0.443620	122.00
0.443640	123.00
0.443660	123.00
0.443680	124.00
0.443700	124.00
0.443720	125.00
0.443740	126.00
0.443760	127.00
0.443780	128.00
0.443800	129.00
0.443820	130.00
0.443840	130.00
0.443860	129.00
0.443880	128.00
0.443900	126.00
0.443920	125.00
0.443940	124.00
0.443960	123.00
0.443980	121.00
0.444000	120.00
0.444020	119.00
0.444040	118.00
0.444060	118.00
0.444080	119.00
0.444100	120.00
0.444120	121.00
0.444140	123.00
0.444160	125.00
0.444180	127.00
0.444200	130.00
0.444220	132.00
0.444240	134.00
0.444260	136.00
0.444280	136.00
0.444300	136.00
0.444320	134.00
0.444340	132.00
0.444360	129.00
0.444380	124.00
0.444400	120.00
0.444420	115.00
0.444440	111.00
0.444460	108.00
0.444480	106.00
0.444500	106.00
0.444520	108.00
0.444540	111.00
0.444560	116.00
0.444580	122.00
0.444600	128.00
0.444620	135.00
0.444640	141.00
0.444660	146.00
0.444680	149.00
0.444700	149.00
0.444720	148.00
0.444740	145.00
0.444760	141.00
0.444780	134.00
0.444800	127.00
0.444820	119.00
0.444840	111.00
0.444860	106.00
0.444880	101.00
0.444900	99.00
0.444920	99.00
0.444940	100.00
0.444960	104.00
0.444980	109.00
0.445000	116.00
0.445020	123.00
0.445040	130.00
0.445060	137.00
0.445080	142.00
0.445100	145.00
0.445120	147.00
0.445140	147.00
0.445160	146.00
0.445180	143.00
0.445200	138.00
0.445220	132.00
0.445240	126.00
0.445260	120.00
0.445280	115.00
0.445300	110.00
0.445320	108.00
0.445340	107.00
0.445360	107.00
0.445380	109.00
0.445400	112.00
0.445420	115.00
0.445440	119.00
0.445460	124.00
0.445480	129.00
0.445500	132.00
0.445520	135.00
0.445540	136.00
0.445560	137.00
0.445580	136.00
0.445600	135.00
0.445620	133.00
0.445640	131.00
0.445660	128.00
0.445680	125.00
0.445700	122.00
0.445720	119.00
0.445740	117.00
0.445760	116.00
0.445780	116.00
0.445800	117.00
0.445820	118.00
0.445840	120.00
0.445860	121.00
0.445880	123.00
0.445900	125.00
0.445920	127.00
0.445940	128.00
0.445960	130.00
0.445980	130.00
0.446000	131.00
0.446020	130.00
0.446040	130.00
0.446060	128.00
0.446080	127.00
0.446100	126.00
0.446120	125.00
0.446140	124.00
0.446160	122.00
0.446180	121.00
0.446200	120.00
0.446220	121.00
0.446240	121.00
0.446260	122.00
0.446280	122.00
0.446300	123.00
0.446320	123.00
0.446340	124.00
0.446360	125.00
0.446380	126.00
0.446400	127.00
0.446420	128.00
0.446440	129.00
0.446460	129.00
0.446480	128.00
0.446500	127.00
0.446520	126.00
0.446540	125.00
0.446560	124.00
0.446580	123.00
0.446600	122.00
0.446620	121.00
0.446640	121.00
0.446660	122.00
0.446680	122.00
0.446700	123.00
0.446720	123.00
0.446740	124.00
0.446760	125.00
0.446780	126.00
0.446800	127.00
0.446820	128.00
0.446840	128.00
0.446860	128.00
0.446880	128.00
0.446900	127.00
0.446920	127.00
0.446940	126.00
0.446960	125.00
0.446980	124.00
0.447000	123.00
0.447020	122.00
0.447040	121.00
0.447060	121.00
0.447080	121.00
0.447100	122.00
0.447120	122.00
0.447140	123.00
0.447160	124.00
0.447180	125.00
0.447200	127.00
0.447220	127.00
0.447240	128.00
0.447260	128.00
0.447280	127.00
0.447300	127.00
0.447320	126.00
0.447340	125.00
0.447360	125.00
0.447380	124.00
0.447400	123.00
0.447420	123.00
0.447440	122.00
0.447460	122.00
0.447480	122.00
0.447500	122.00
0.447520	123.00
0.447540	124.00
0.447560	125.00
0.447580	125.00
0.447600	126.00
0.447620	127.00
0.447640	127.00
0.447660	127.00
0.447680	127.00
0.447700	127.00
0.447720	126.00
0.447740	126.00
0.447760	125.00
0.447780	125.00
0.447800	124.00
0.447820	123.00
0.447840	123.00
0.447860	122.00
0.447880	122.00
0.447900	122.00
0.447920	123.00
0.447940	123.00
0.447960	124.00
0.447980	125.00
0.448000	125.00
0.448020	125.00
0.448040	125.00
0.448060	125.00
0.448080	125.00
0.448100	126.00
0.448120	126.00
0.448140	126.00
0.448160	126.00
0.448180	125.00
0.448200	124.00
0.448220	124.00
0.448240	124.00
0.448260	124.00
0.448280	124.00
0.448300	124.00
0.448320	124.00
0.448340	125.00
0.448360	125.00
0.448380	125.00
0.448400	125.00
0.448420	125.00
0.448440	125.00
0.448460	126.00
0.448480	126.00
0.448500	126.00
0.448520	125.00
0.448540	124.00
0.448560	124.00
0.448580	123.00
0.448600	123.00
0.448620	123.00
0.448640	124.00
0.448660	124.00
0.448680	125.00
0.448700	125.00
0.448720	125.00
0.448740	125.00
0.448760	126.00
0.448780	126.00
0.448800	126.00
0.448820	127.00
0.448840	127.00
0.448860	127.00
0.448880	126.00
0.448900	125.00
0.448920	124.00
0.448940	124.00
0.448960	123.00
0.448980	123.00
0.449000	123.00
0.449020	122.00
0.449040	123.00
0.449060	123.00
0.449080	123.00
0.449100	124.00
0.449120	125.00
0.449140	125.00
0.449160	126.00
0.449180	126.00
0.449200	126.00
0.449220	126.00
0.449240	126.00
0.449260	126.00
0.449280	125.00
0.449300	124.00
0.449320	123.00
0.449340	122.00
0.449360	122.00
0.449380	122.00
0.449400	122.00
0.449420	123.00
0.449440	123.00
0.449460	123.00
0.449480	124.00
0.449500	124.00
0.449520	125.00
0.449540	126.00
0.449560	126.00
0.449580	127.00
0.449600	127.00
0.449620	127.00
0.449640	127.00
0.449660	127.00
0.449680	126.00
0.449700	126.00
0.449720	125.00
0.449740	124.00
0.449760	123.00
0.449780	123.00
0.449800	122.00
0.449820	122.00
0.449840	122.00
0.449860	122.00
0.449880	123.00
0.449900	123.00
0.449920	124.00
0.449940	125.00
0.449960	126.00
0.449980	127.00
