0.410000	101.00
0.410020	49.00
0.410040	101.00
0.410060	140.00
0.410080	144.00
0.410100	125.00
0.410120	113.00
0.410140	118.00
0.410160	131.00
0.410180	133.00
0.410200	124.00
0.410220	117.00
0.410240	121.00
0.410260	128.00
0.410280	130.00
0.410300	124.00
0.410320	120.00
0.410340	122.00
0.410360	128.00
0.410380	129.00
0.410400	125.00
0.410420	122.00
0.410440	123.00
0.410460	127.00
0.410480	128.00
0.410500	124.00
0.410520	121.00
0.410540	121.00
0.410560	125.00
0.410580	127.00
0.410600	124.00
0.410620	122.00
0.410640	123.00
0.410660	126.00
0.410680	127.00
0.410700	124.00
0.410720	122.00
0.410740	123.00
0.410760	125.00
0.410780	126.00
0.410800	125.00
0.410820	123.00
0.410840	124.00
0.410860	127.00
0.410880	127.00
0.410900	125.00
0.410920	123.00
0.410940	123.00
0.410960	125.00
0.410980	126.00
0.411000	125.00
0.411020	124.00
0.411040	124.00
0.411060	126.00
0.411080	126.00
0.411100	125.00
0.411120	124.00
0.411140	125.00
0.411160	126.00
0.411180	126.00
0.411200	125.00
0.411220	124.00
0.411240	124.00
0.411260	125.00
0.411280	126.00
0.411300	125.00
0.411320	124.00
0.411340	125.00
0.411360	126.00
0.411380	126.00
0.411400	124.00
0.411420	123.00
0.411440	124.00
0.411460	125.00
0.411480	125.00
0.411500	124.00
0.411520	123.00
0.411540	124.00
0.411560	125.00
0.411580	126.00
0.411600	124.00
0.411620	123.00
0.411640	124.00
0.411660	125.00
0.411680	125.00
0.411700	124.00
0.411720	123.00
0.411740	124.00
0.411760	125.00
0.411780	126.00
0.411800	125.00
0.411820	124.00
0.411840	124.00
0.411860	125.00
0.411880	125.00
0.411900	124.00
0.411920	124.00
0.411940	124.00
0.411960	125.00
0.411980	126.00
0.412000	125.00
0.412020	125.00
0.412040	125.00
0.412060	126.00
0.412080	125.00
0.412100	124.00
0.412120	123.00
0.412140	124.00
0.412160	124.00
0.412180	125.00
0.412200	124.00
0.412220	124.00
0.412240	124.00
0.412260	125.00
0.412280	125.00
0.412300	124.00
0.412320	124.00
0.412340	124.00
0.412360	126.00
0.412380	126.00
0.412400	125.00
0.412420	124.00
0.412440	124.00
0.412460	125.00
0.412480	125.00
0.412500	124.00
0.412520	124.00
0.412540	124.00
0.412560	125.00
0.412580	125.00
0.412600	124.00
0.412620	124.00
0.412640	124.00
0.412660	125.00
0.412680	126.00
0.412700	125.00
0.412720	124.00
0.412740	125.00
0.412760	125.00
0.412780	125.00
0.412800	125.00
0.412820	124.00
0.412840	124.00
0.412860	125.00
0.412880	125.00
0.412900	125.00
0.412920	124.00
0.412940	124.00
0.412960	125.00
0.412980	125.00
0.413000	124.00
0.413020	124.00
0.413040	124.00
0.413060	125.00
0.413080	125.00
0.413100	124.00
0.413120	124.00
0.413140	124.00
0.413160	125.00
0.413180	125.00
0.413200	124.00
0.413220	124.00
0.413240	124.00
0.413260	125.00
0.413280	125.00
0.413300	125.00
0.413320	124.00
0.413340	124.00
0.413360	125.00
0.413380	125.00
0.413400	124.00
0.413420	124.00
0.413440	124.00
0.413460	125.00
0.413480	125.00
0.413500	124.00
0.413520	124.00
0.413540	124.00
0.413560	125.00
0.413580	125.00
0.413600	125.00
0.413620	124.00
0.413640	124.00
0.413660	125.00
0.413680	125.00
0.413700	124.00
0.413720	124.00
0.413740	124.00
0.413760	125.00
0.413780	125.00
0.413800	124.00
0.413820	124.00
0.413840	124.00
0.413860	125.00
0.413880	125.00
0.413900	125.00
0.413920	125.00
0.413940	125.00
0.413960	126.00
0.413980	126.00
0.414000	125.00
0.414020	125.00
0.414040	125.00
0.414060	125.00
0.414080	125.00
0.414100	124.00
0.414120	124.00
0.414140	124.00
0.414160	124.00
0.414180	125.00
0.414200	125.00
0.414220	125.00
0.414240	125.00
0.414260	125.00
0.414280	125.00
0.414300	125.00
0.414320	124.00
0.414340	124.00
0.414360	124.00
0.414380	125.00
0.414400	125.00
0.414420	124.00
0.414440	125.00
0.414460	125.00
0.414480	125.00
0.414500	124.00
0.414520	124.00
0.414540	124.00
0.414560	125.00
0.414580	125.00
0.414600	124.00
0.414620	124.00
0.414640	124.00
0.414660	125.00
0.414680	125.00
0.414700	124.00
0.414720	124.00
0.414740	124.00
0.414760	125.00
0.414780	126.00
0.414800	126.00
0.414820	125.00
0.414840	125.00
0.414860	125.00
0.414880	125.00
0.414900	125.00
0.414920	125.00
0.414940	125.00
0.414960	125.00
0.414980	125.00
0.415000	124.00
0.415020	124.00
0.415040	124.00
0.415060	125.00
0.415080	125.00
0.415100	124.00
0.415120	124.00
0.415140	125.00
0.415160	126.00
0.415180	126.00
0.415200	125.00
0.415220	124.00
0.415240	124.00
0.415260	125.00
0.415280	126.00
0.415300	125.00
0.415320	124.00
0.415340	124.00
0.415360	124.00
0.415380	125.00
0.415400	125.00
0.415420	125.00
0.415440	124.00
0.415460	125.00
0.415480	125.00
0.415500	125.00
0.415520	125.00
0.415540	125.00
0.415560	125.00
0.415580	126.00
0.415600	125.00
0.415620	124.00
0.415640	124.00
0.415660	124.00
0.415680	125.00
0.415700	125.00
0.415720	124.00
0.415740	124.00
0.415760	124.00
0.415780	124.00
0.415800	124.00
0.415820	124.00
0.415840	124.00
0.415860	124.00
0.415880	124.00
0.415900	125.00
0.415920	124.00
0.415940	125.00
0.415960	125.00
0.415980	125.00
0.416000	124.00
0.416020	124.00
0.416040	124.00
0.416060	124.00
0.416080	125.00
0.416100	124.00
0.416120	124.00
0.416140	124.00
0.416160	124.00
0.416180	125.00
0.416200	125.00
0.416220	124.00
0.416240	124.00
0.416260	125.00
0.416280	125.00
0.416300	125.00
0.416320	125.00
0.416340	125.00
0.416360	124.00
0.416380	124.00
0.416400	124.00
0.416420	124.00
0.416440	125.00
0.416460	125.00
0.416480	126.00
0.416500	125.00
0.416520	125.00
0.416540	124.00
0.416560	124.00
0.416580	124.00
0.416600	124.00
0.416620	124.00
0.416640	125.00
0.416660	125.00
0.416680	125.00
0.416700	124.00
0.416720	124.00
0.416740	124.00
0.416760	125.00
0.416780	125.00
0.416800	125.00
0.416820	125.00
0.416840	125.00
0.416860	125.00
0.416880	125.00
0.416900	125.00
0.416920	125.00
0.416940	125.00
0.416960	126.00
0.416980	126.00
0.417000	125.00
0.417020	125.00
0.417040	124.00
0.417060	125.00
0.417080	125.00
0.417100	125.00
0.417120	124.00
0.417140	124.00
0.417160	124.00
0.417180	124.00
0.417200	124.00
0.417220	124.00
0.417240	124.00
0.417260	124.00
0.417280	124.00
0.417300	125.00
0.417320	125.00
0.417340	125.00
0.417360	125.00
0.417380	125.00
0.417400	124.00
0.417420	124.00
0.417440	124.00
0.417460	125.00
0.417480	125.00
0.417500	125.00
0.417520	125.00
0.417540	125.00
0.417560	125.00
0.417580	124.00
0.417600	124.00
0.417620	124.00
0.417640	125.00
0.417660	126.00
0.417680	126.00
0.417700	125.00
0.417720	125.00
0.417740	125.00
0.417760	126.00
0.417780	126.00
0.417800	125.00
0.417820	125.00
0.417840	124.00
0.417860	125.00
0.417880	125.00
0.417900	125.00
0.417920	124.00
0.417940	124.00
0.417960	124.00
0.417980	124.00
0.418000	124.00
0.418020	124.00
0.418040	124.00
0.418060	124.00
0.418080	124.00
0.418100	124.00
0.418120	124.00
0.418140	124.00
0.418160	124.00
0.418180	125.00
0.418200	124.00
0.418220	124.00
0.418240	124.00
0.418260	124.00
0.418280	124.00
0.418300	124.00
0.418320	124.00
0.418340	124.00
0.418360	125.00
0.418380	125.00
0.418400	124.00
0.418420	124.00
0.418440	124.00
0.418460	125.00
0.418480	125.00
0.418500	125.00
0.418520	125.00
0.418540	124.00
0.418560	124.00
0.418580	125.00
0.418600	125.00
0.418620	125.00
0.418640	125.00
0.418660	125.00
0.418680	124.00
0.418700	124.00
0.418720	124.00
0.418740	124.00
0.418760	125.00
0.418780	124.00
0.418800	124.00
0.418820	124.00
0.418840	124.00
0.418860	125.00
0.418880	124.00
0.418900	124.00
0.418920	124.00
0.418940	124.00
0.418960	125.00
0.418980	125.00
0.419000	125.00
0.419020	125.00
0.419040	124.00
0.419060	124.00
0.419080	124.00
0.419100	124.00
0.419120	124.00
0.419140	124.00
0.419160	124.00
0.419180	124.00
0.419200	125.00
0.419220	125.00
0.419240	125.00
0.419260	125.00
0.419280	125.00
0.419300	124.00
0.419320	124.00
0.419340	124.00
0.419360	125.00
0.419380	125.00
0.419400	125.00
0.419420	125.00
0.419440	125.00
0.419460	125.00
0.419480	125.00
0.419500	125.00
0.419520	125.00
0.419540	125.00
0.419560	125.00
0.419580	125.00
0.419600	125.00
0.419620	125.00
0.419640	125.00
0.419660	125.00
0.419680	124.00
0.419700	124.00
0.419720	124.00
0.419740	124.00
0.419760	124.00
0.419780	124.00
0.419800	124.00
0.419820	124.00
0.419840	124.00
0.419860	124.00
0.419880	124.00
0.419900	124.00
0.419920	124.00
0.419940	124.00
0.419960	125.00
0.419980	125.00
0.420000	125.00
0.420020	125.00
0.420040	125.00
0.420060	125.00
0.420080	125.00
0.420100	125.00
0.420120	124.00
0.420140	124.00
0.420160	124.00
0.420180	124.00
0.420200	124.00
0.420220	124.00
0.420240	124.00
0.420260	124.00
0.420280	124.00
0.420300	124.00
0.420320	125.00
0.420340	125.00
0.420360	125.00
0.420380	125.00
0.420400	125.00
0.420420	124.00
0.420440	124.00
0.420460	125.00
0.420480	125.00
0.420500	125.00
0.420520	125.00
0.420540	125.00
0.420560	125.00
0.420580	124.00
0.420600	124.00
0.420620	124.00
0.420640	124.00
0.420660	124.00
0.420680	124.00
0.420700	124.00
0.420720	124.00
0.420740	124.00
0.420760	124.00
0.420780	125.00
0.420800	125.00
0.420820	125.00
0.420840	125.00
0.420860	125.00
0.420880	124.00
0.420900	124.00
0.420920	124.00
0.420940	124.00
0.420960	125.00
0.420980	125.00
0.421000	124.00
0.421020	124.00
0.421040	124.00
0.421060	124.00
0.421080	124.00
0.421100	125.00
0.421120	125.00
0.421140	125.00
0.421160	125.00
0.421180	125.00
0.421200	124.00
0.421220	124.00
0.421240	125.00
0.421260	125.00
0.421280	125.00
0.421300	124.00
0.421320	124.00
0.421340	124.00
0.421360	125.00
0.421380	125.00
0.421400	125.00
0.421420	124.00
0.421440	124.00
0.421460	125.00
0.421480	125.00
0.421500	125.00
0.421520	124.00
0.421540	124.00
0.421560	125.00
0.421580	125.00
0.421600	125.00
0.421620	125.00
0.421640	125.00
0.421660	125.00
0.421680	125.00
0.421700	124.00
0.421720	124.00
0.421740	125.00
0.421760	125.00
0.421780	125.00
0.421800	124.00
0.421820	124.00
0.421840	124.00
0.421860	124.00
0.421880	125.00
0.421900	124.00
0.421920	124.00
0.421940	124.00
0.421960	124.00
0.421980	125.00
0.422000	124.00
0.422020	124.00
0.422040	124.00
0.422060	124.00
0.422080	125.00
0.422100	124.00
0.422120	124.00
0.422140	124.00
0.422160	124.00
0.422180	125.00
0.422200	125.00
0.422220	125.00
0.422240	125.00
0.422260	125.00
0.422280	126.00
0.422300	125.00
0.422320	125.00
0.422340	125.00
0.422360	125.00
0.422380	125.00
0.422400	124.00
0.422420	124.00
0.422440	124.00
0.422460	124.00
0.422480	125.00
0.422500	124.00
0.422520	124.00
0.422540	124.00
0.422560	125.00
0.422580	125.00
0.422600	125.00
0.422620	125.00
0.422640	125.00
0.422660	125.00
0.422680	125.00
0.422700	124.00
0.422720	124.00
0.422740	124.00
0.422760	124.00
0.422780	125.00
0.422800	125.00
0.422820	125.00
0.422840	125.00
0.422860	125.00
0.422880	125.00
0.422900	125.00
0.422920	125.00
0.422940	125.00
0.422960	125.00
0.422980	124.00
0.423000	124.00
0.423020	124.00
0.423040	124.00
0.423060	125.00
0.423080	124.00
0.423100	124.00
0.423120	125.00
0.423140	125.00
0.423160	125.00
0.423180	125.00
0.423200	125.00
0.423220	125.00
0.423240	125.00
0.423260	124.00
0.423280	124.00
0.423300	124.00
0.423320	125.00
0.423340	125.00
0.423360	126.00
0.423380	126.00
0.423400	125.00
0.423420	125.00
0.423440	125.00
0.423460	125.00
0.423480	125.00
0.423500	124.00
0.423520	124.00
0.423540	124.00
0.423560	124.00
0.423580	124.00
0.423600	124.00
0.423620	124.00
0.423640	124.00
0.423660	124.00
0.423680	124.00
0.423700	124.00
0.423720	124.00
0.423740	124.00
0.423760	125.00
0.423780	124.00
0.423800	124.00
0.423820	124.00
0.423840	125.00
0.423860	125.00
0.423880	125.00
0.423900	125.00
0.423920	125.00
0.423940	124.00
0.423960	124.00
0.423980	124.00
0.424000	124.00
0.424020	124.00
0.424040	125.00
0.424060	125.00
0.424080	125.00
0.424100	126.00
0.424120	126.00
0.424140	126.00
0.424160	125.00
0.424180	125.00
0.424200	124.00
0.424220	125.00
0.424240	125.00
0.424260	125.00
0.424280	125.00
0.424300	124.00
0.424320	124.00
0.424340	124.00
0.424360	124.00
0.424380	125.00
0.424400	124.00
0.424420	124.00
0.424440	124.00
0.424460	124.00
0.424480	124.00
0.424500	124.00
0.424520	124.00
0.424540	124.00
0.424560	125.00
0.424580	124.00
0.424600	124.00
0.424620	124.00
0.424640	125.00
0.424660	125.00
0.424680	125.00
0.424700	124.00
0.424720	124.00
0.424740	124.00
0.424760	125.00
0.424780	125.00
0.424800	125.00
0.424820	125.00
0.424840	125.00
0.424860	125.00
0.424880	124.00
0.424900	124.00
0.424920	124.00
0.424940	124.00
0.424960	124.00
0.424980	124.00
0.425000	124.00
0.425020	124.00
0.425040	125.00
0.425060	125.00
0.425080	125.00
0.425100	125.00
0.425120	124.00
0.425140	124.00
0.425160	124.00
0.425180	124.00
0.425200	124.00
0.425220	124.00
0.425240	124.00
0.425260	124.00
0.425280	123.00
0.425300	121.00
0.425320	121.00
0.425340	121.00
0.425360	122.00
0.425380	124.00
0.425400	125.00
0.425420	127.00
0.425440	130.00
0.425460	134.00
0.425480	137.00
0.425500	139.00
0.425520	141.00
0.425540	141.00
0.425560	139.00
0.425580	135.00
0.425600	129.00
0.425620	121.00
0.425640	113.00
0.425660	106.00
0.425680	99.00
0.425700	94.00
0.425720	91.00
0.425740	91.00
0.425760	93.00
0.425780	99.00
0.425800	107.00
0.425820	118.00
0.425840	132.00
0.425860	145.00
0.425880	157.00
0.425900	166.00
0.425920	173.00
0.425940	177.00
0.425960	178.00
0.425980	174.00
0.426000	166.00
0.426020	153.00
0.426040	136.00
0.426060	115.00
0.426080	92.00
0.426100	70.00
0.426120	53.00
0.426140	42.00
0.426160	37.00
0.426180	40.00
0.426200	50.00
0.426220	70.00
0.426240	98.00
0.426260	131.00
0.426280	165.00
0.426300	197.00
0.426320	223.00
0.426340	239.00
0.426360	245.00
0.426380	240.00
0.426400	226.00
0.426420	204.00
0.426440	173.00
0.426460	130.00
0.426480	80.00
0.426500	36.00
0.426520	8.00
0.426540	0.00
0.426560	0.00
0.426580	2.00
0.426600	0.00
0.426620	5.00
0.426640	28.00
0.426660	72.00
0.426680	128.00
0.426700	179.00
0.426720	218.00
0.426740	242.00
0.426760	255.00
0.426780	255.00
0.426800	255.00
0.426820	243.00
0.426840	224.00
0.426860	196.00
0.426880	157.00
0.426900	112.00
0.426920	65.00
0.426940	29.00
0.426960	8.00
0.426980	0.00
0.427000	0.00
0.427020	0.00
0.427040	7.00
0.427060	27.00
0.427080	59.00
0.427100	98.00
0.427120	137.00
0.427140	170.00
0.427160	196.00
0.427180	214.00
0.427200	225.00
0.427220	226.00
0.427240	219.00
0.427260	205.00
0.427280	187.00
0.427300	164.00
0.427320	138.00
0.427340	111.00
0.427360	87.00
0.427380	69.00
0.427400	57.00
0.427420	51.00
0.427440	51.00
0.427460	57.00
0.427480	69.00
0.427500	85.00
0.427520	104.00
0.427540	121.00
0.427560	138.00
0.427580	152.00
0.427600	163.00
0.427620	170.00
0.427640	173.00
0.427660	171.00
0.427680	165.00
0.427700	157.00
0.427720	147.00
0.427740	136.00
0.427760	124.00
0.427780	114.00
0.427800	105.00
0.427820	99.00
0.427840	95.00
0.427860	94.00
0.427880	96.00
0.427900	100.00
0.427920	106.00
0.427940	113.00
0.427960	120.00
0.427980	127.00
0.428000	133.00
0.428020	139.00
0.428040	142.00
0.428060	144.00
0.428080	144.00
0.428100	143.00
0.428120	139.00
0.428140	135.00
0.428160	131.00
0.428180	127.00
0.428200	122.00
0.428220	119.00
0.428240	115.00
0.428260	113.00
0.428280	112.00
0.428300	112.00
0.428320	114.00
0.428340	115.00
0.428360	118.00
0.428380	121.00
0.428400	124.00
0.428420	127.00
0.428440	129.00
0.428460	130.00
0.428480	131.00
0.428500	132.00
0.428520	132.00
0.428540	131.00
0.428560	130.00
0.428580	129.00
0.428600	127.00
0.428620	125.00
0.428640	123.00
0.428660	122.00
0.428680	121.00
0.428700	121.00
0.428720	120.00
0.428740	120.00
0.428760	121.00
0.428780	122.00
0.428800	123.00
0.428820	124.00
0.428840	125.00
0.428860	126.00
0.428880	126.00
0.428900	127.00
0.428920	127.00
0.428940	127.00
0.428960	127.00
0.428980	127.00
0.429000	127.00
0.429020	126.00
0.429040	125.00
0.429060	124.00
0.429080	124.00
0.429100	123.00
0.429120	123.00
0.429140	123.00
0.429160	123.00
0.429180	124.00
0.429200	124.00
0.429220	124.00
0.429240	124.00
0.429260	124.00
0.429280	125.00
0.429300	125.00
0.429320	126.00
0.429340	126.00
0.429360	126.00
0.429380	126.00
0.429400	126.00
0.429420	125.00
0.429440	125.00
0.429460	125.00
0.429480	124.00
0.429500	124.00
0.429520	124.00
0.429540	124.00
0.429560	124.00
0.429580	124.00
0.429600	124.00
0.429620	125.00
0.429640	125.00
0.429660	125.00
0.429680	125.00
0.429700	125.00
0.429720	125.00
0.429740	125.00
0.429760	125.00
0.429780	125.00
0.429800	125.00
0.429820	125.00
0.429840	125.00
0.429860	125.00
0.429880	125.00
0.429900	125.00
0.429920	125.00
0.429940	125.00
0.429960	125.00
0.429980	125.00
0.430000	124.00
0.430020	124.00
0.430040	124.00
0.430060	124.00
0.430080	124.00
0.430100	124.00
0.430120	124.00
0.430140	124.00
0.430160	124.00
0.430180	125.00
0.430200	125.00
0.430220	125.00
0.430240	125.00
0.430260	125.00
0.430280	125.00
0.430300	125.00
0.430320	125.00
0.430340	125.00
0.430360	124.00
0.430380	124.00
0.430400	125.00
0.430420	125.00
0.430440	125.00
0.430460	124.00
0.430480	124.00
0.430500	124.00
0.430520	125.00
0.430540	125.00
0.430560	125.00
0.430580	125.00
0.430600	124.00
0.430620	125.00
0.430640	125.00
0.430660	125.00
0.430680	126.00
0.430700	125.00
0.430720	125.00
0.430740	125.00
0.430760	125.00
0.430780	126.00
0.430800	126.00
0.430820	126.00
0.430840	125.00
0.430860	125.00
0.430880	125.00
0.430900	125.00
0.430920	125.00
0.430940	125.00
0.430960	125.00
0.430980	125.00
0.431000	125.00
0.431020	125.00
0.431040	125.00
0.431060	124.00
0.431080	124.00
0.431100	124.00
0.431120	124.00
0.431140	124.00
0.431160	124.00
0.431180	124.00
0.431200	124.00
0.431220	125.00
0.431240	125.00
0.431260	125.00
0.431280	125.00
0.431300	125.00
0.431320	125.00
0.431340	125.00
0.431360	125.00
0.431380	125.00
0.431400	125.00
0.431420	125.00
0.431440	125.00
0.431460	126.00
0.431480	126.00
0.431500	126.00
0.431520	125.00
0.431540	125.00
0.431560	125.00
0.431580	125.00
0.431600	125.00
0.431620	124.00
0.431640	123.00
0.431660	123.00
0.431680	122.00
0.431700	121.00
0.431720	121.00
0.431740	120.00
0.431760	120.00
0.431780	121.00
0.431800	123.00
0.431820	125.00
0.431840	126.00
0.431860	128.00
0.431880	130.00
0.431900	132.00
0.431920	134.00
0.431940	134.00
0.431960	134.00
0.431980	133.00
0.432000	131.00
0.432020	128.00
0.432040	125.00
0.432060	121.00
0.432080	118.00
0.432100	116.00
0.432120	114.00
0.432140	112.00
0.432160	111.00
0.432180	111.00
0.432200	112.00
0.432220	115.00
0.432240	120.00
0.432260	125.00
0.432280	130.00
0.432300	136.00
0.432320	141.00
0.432340	145.00
0.432360	148.00
0.432380	148.00
0.432400	146.00
0.432420	142.00
0.432440	137.00
0.432460	130.00
0.432480	121.00
0.432500	112.00
0.432520	103.00
0.432540	95.00
0.432560	90.00
0.432580	88.00
0.432600	89.00
0.432620	94.00
0.432640	102.00
0.432660	113.00
0.432680	126.00
0.432700	139.00
0.432720	151.00
0.432740	161.00
0.432760	168.00
0.432780	171.00
0.432800	171.00
0.432820	167.00
0.432840	159.00
0.432860	148.00
0.432880	135.00
0.432900	120.00
0.432920	106.00
0.432940	94.00
0.432960	84.00
0.432980	78.00
0.433000	75.00
0.433020	77.00
0.433040	83.00
0.433060	92.00
0.433080	103.00
0.433100	116.00
0.433120	129.00
0.433140	141.00
0.433160	151.00
0.433180	159.00
0.433200	164.00
0.433220	166.00
0.433240	164.00
0.433260	159.00
0.433280	152.00
0.433300	142.00
0.433320	131.00
0.433340	121.00
0.433360	112.00
0.433380	105.00
0.433400	99.00
0.433420	95.00
0.433440	95.00
0.433460	96.00
0.433480	100.00
0.433500	106.00
0.433520	113.00
0.433540	120.00
0.433560	128.00
0.433580	134.00
0.433600	139.00
0.433620	143.00
0.433640	144.00
0.433660	144.00
0.433680	144.00
0.433700	141.00
0.433720	137.00
0.433740	132.00
0.433760	127.00
0.433780	122.00
0.433800	118.00
0.433820	115.00
0.433840	113.00
0.433860	112.00
0.433880	112.00
0.433900	113.00
0.433920	116.00
0.433940	118.00
0.433960	121.00
0.433980	124.00
0.434000	127.00
0.434020	130.00
0.434040	132.00
0.434060	133.00
0.434080	133.00
0.434100	133.00
0.434120	132.00
0.434140	130.00
0.434160	128.00
0.434180	127.00
0.434200	125.00
0.434220	123.00
0.434240	122.00
0.434260	120.00
0.434280	119.00
0.434300	119.00
0.434320	120.00
0.434340	120.00
0.434360	121.00
0.434380	123.00
0.434400	124.00
0.434420	125.00
0.434440	127.00
0.434460	127.00
0.434480	128.00
0.434500	128.00
0.434520	128.00
0.434540	128.00
0.434560	128.00
0.434580	127.00
0.434600	126.00
0.434620	125.00
0.434640	124.00
0.434660	124.00
0.434680	123.00
0.434700	123.00
0.434720	122.00
0.434740	122.00
0.434760	123.00
0.434780	123.00
0.434800	123.00
0.434820	124.00
0.434840	124.00
0.434860	125.00
0.434880	126.00
0.434900	126.00
0.434920	126.00
0.434940	126.00
0.434960	126.00
0.434980	126.00
0.435000	126.00
0.435020	125.00
0.435040	125.00
0.435060	124.00
0.435080	124.00
0.435100	124.00
0.435120	124.00
0.435140	124.00
0.435160	124.00
0.435180	124.00
0.435200	125.00
0.435220	125.00
0.435240	126.00
0.435260	126.00
0.435280	126.00
0.435300	126.00
0.435320	125.00
0.435340	125.00
0.435360	125.00
0.435380	125.00
0.435400	125.00
0.435420	125.00
0.435440	124.00
0.435460	124.00
0.435480	124.00
0.435500	124.00
0.435520	124.00
0.435540	124.00
0.435560	124.00
0.435580	124.00
0.435600	124.00
0.435620	125.00
0.435640	125.00
0.435660	126.00
0.435680	126.00
0.435700	126.00
0.435720	126.00
0.435740	126.00
0.435760	126.00
0.435780	126.00
0.435800	126.00
0.435820	125.00
0.435840	124.00
0.435860	124.00
0.435880	124.00
0.435900	123.00
0.435920	123.00
0.435940	124.00
0.435960	124.00
0.435980	124.00
0.436000	125.00
0.436020	124.00
0.436040	124.00
0.436060	124.00
0.436080	125.00
0.436100	125.00
0.436120	126.00
0.436140	126.00
0.436160	126.00
0.436180	126.00
0.436200	126.00
0.436220	126.00
0.436240	125.00
0.436260	125.00
0.436280	125.00
0.436300	124.00
0.436320	124.00
0.436340	124.00
0.436360	124.00
0.436380	124.00
0.436400	124.00
0.436420	124.00
0.436440	124.00
0.436460	124.00
0.436480	124.00
0.436500	124.00
0.436520	124.00
0.436540	125.00
0.436560	125.00
0.436580	126.00
0.436600	126.00
0.436620	126.00
0.436640	126.00
0.436660	126.00
0.436680	126.00
0.436700	125.00
0.436720	125.00
0.436740	124.00
0.436760	124.00
0.436780	124.00
0.436800	124.00
0.436820	124.00
0.436840	124.00
0.436860	125.00
0.436880	125.00
0.436900	124.00
0.436920	124.00
0.436940	124.00
0.436960	124.00
0.436980	125.00
0.437000	125.00
0.437020	125.00
0.437040	125.00
0.437060	125.00
0.437080	126.00
0.437100	126.00
0.437120	126.00
0.437140	125.00
0.437160	125.00
0.437180	124.00
0.437200	124.00
0.437220	125.00
0.437240	125.00
0.437260	125.00
0.437280	124.00
0.437300	124.00
0.437320	124.00
0.437340	124.00
0.437360	124.00
0.437380	124.00
0.437400	124.00
0.437420	124.00
0.437440	125.00
0.437460	125.00
0.437480	125.00
0.437500	126.00
0.437520	125.00
0.437540	125.00
0.437560	125.00
0.437580	125.00
0.437600	125.00
0.437620	125.00
0.437640	125.00
0.437660	125.00
0.437680	125.00
0.437700	125.00
0.437720	125.00
0.437740	125.00
0.437760	124.00
0.437780	124.00
0.437800	124.00
0.437820	124.00
0.437840	124.00
0.437860	124.00
0.437880	124.00
0.437900	123.00
0.437920	123.00
0.437940	122.00
0.437960	123.00
0.437980	124.00
0.438000	124.00
0.438020	125.00
0.438040	126.00
0.438060	127.00
0.438080	128.00
0.438100	129.00
0.438120	130.00
0.438140	130.00
0.438160	129.00
0.438180	128.00
0.438200	127.00
0.438220	125.00
0.438240	124.00
0.438260	122.00
0.438280	120.00
0.438300	118.00
0.438320	117.00
0.438340	116.00
0.438360	116.00
0.438380	116.00
0.438400	117.00
0.438420	119.00
0.438440	121.00
0.438460	124.00
0.438480	128.00
0.438500	131.00
0.438520	135.00
0.438540	138.00
0.438560	140.00
0.438580	141.00
0.438600	140.00
0.438620	138.00
0.438640	135.00
0.438660	130.00
0.438680	124.00
0.438700	118.00
0.438720	112.00
0.438740	107.00
0.438760	103.00
0.438780	100.00
0.438800	100.00
0.438820	101.00
0.438840	106.00
0.438860	112.00
0.438880	121.00
0.438900	129.00
0.438920	138.00
0.438940	146.00
0.438960	153.00
0.438980	157.00
0.439000	159.00
0.439020	157.00
0.439040	153.00
0.439060	146.00
0.439080	138.00
0.439100	128.00
0.439120	117.00
0.439140	107.00
0.439160	99.00
0.439180	92.00
0.439200	89.00
0.439220	88.00
0.439240	90.00
0.439260	95.00
0.439280	103.00
0.439300	111.00
0.439320	121.00
0.439340	131.00
0.439360	141.00
0.439380	148.00
0.439400	154.00
0.439420	156.00
0.439440	157.00
0.439460	155.00
0.439480	152.00
0.439500	145.00
0.439520	137.00
0.439540	129.00
0.439560	120.00
0.439580	113.00
0.439600	107.00
0.439620	102.00
0.439640	100.00
0.439660	100.00
0.439680	102.00
0.439700	105.00
0.439720	110.00
0.439740	116.00
0.439760	122.00
0.439780	128.00
0.439800	133.00
0.439820	137.00
0.439840	140.00
0.439860	142.00
0.439880	142.00
0.439900	141.00
0.439920	138.00
0.439940	135.00
0.439960	130.00
0.439980	126.00
0.440000	122.00
0.440020	119.00
0.440040	117.00
0.440060	115.00
0.440080	114.00
0.440100	114.00
0.440120	115.00
0.440140	116.00
0.440160	118.00
0.440180	121.00
0.440200	123.00
0.440220	126.00
0.440240	128.00
0.440260	129.00
0.440280	131.00
0.440300	132.00
0.440320	132.00
0.440340	132.00
0.440360	130.00
0.440380	128.00
0.440400	126.00
0.440420	124.00
0.440440	123.00
0.440460	122.00
0.440480	122.00
0.440500	121.00
0.440520	120.00
0.440540	120.00
0.440560	121.00
0.440580	122.00
0.440600	123.00
0.440620	124.00
0.440640	125.00
0.440660	126.00
0.440680	127.00
0.440700	128.00
0.440720	128.00
0.440740	128.00
0.440760	127.00
0.440780	127.00
0.440800	126.00
0.440820	126.00
0.440840	125.00
0.440860	124.00
0.440880	123.00
0.440900	123.00
0.440920	122.00
0.440940	122.00
0.440960	122.00
0.440980	123.00
0.441000	123.00
0.441020	124.00
0.441040	125.00
0.441060	125.00
0.441080	126.00
0.441100	126.00
0.441120	127.00
0.441140	127.00
0.441160	127.00
0.441180	127.00
0.441200	127.00
0.441220	126.00
0.441240	125.00
0.441260	125.00
0.441280	124.00
0.441300	123.00
0.441320	123.00
0.441340	123.00
0.441360	123.00
0.441380	123.00
0.441400	123.00
0.441420	123.00
0.441440	124.00
0.441460	124.00
0.441480	125.00
0.441500	126.00
0.441520	126.00
0.441540	126.00
0.441560	126.00
0.441580	126.00
0.441600	126.00
0.441620	125.00
0.441640	124.00
0.441660	123.00
0.441680	122.00
0.441700	122.00
0.441720	122.00
0.441740	123.00
0.441760	123.00
0.441780	124.00
0.441800	124.00
0.441820	124.00
0.441840	125.00
0.441860	125.00
0.441880	126.00
0.441900	127.00
0.441920	127.00
0.441940	127.00
0.441960	127.00
0.441980	126.00
0.442000	126.00
0.442020	126.00
0.442040	126.00
0.442060	124.00
0.442080	123.00
0.442100	122.00
0.442120	122.00
0.442140	123.00
0.442160	123.00
0.442180	123.00
0.442200	124.00
0.442220	124.00
0.442240	124.00
0.442260	125.00
0.442280	125.00
0.442300	126.00
0.442320	126.00
0.442340	127.00
0.442360	127.00
0.442380	127.00
0.442400	126.00
0.442420	126.00
0.442440	125.00
0.442460	125.00
0.442480	124.00
0.442500	124.00
0.442520	124.00
0.442540	124.00
0.442560	124.00
0.442580	123.00
0.442600	123.00
0.442620	123.00
0.442640	123.00
0.442660	124.00
0.442680	124.00
0.442700	125.00
0.442720	125.00
0.442740	125.00
0.442760	126.00
0.442780	126.00
0.442800	126.00
0.442820	126.00
0.442840	126.00
0.442860	125.00
0.442880	125.00
0.442900	125.00
0.442920	125.00
0.442940	125.00
0.442960	125.00
0.442980	125.00
0.443000	125.00
0.443020	125.00
0.443040	124.00
0.443060	125.00
0.443080	125.00
0.443100	125.00
0.443120	125.00
0.443140	125.00
0.443160	124.00
0.443180	124.00
0.443200	124.00
0.443220	125.00
0.443240	125.00
0.443260	125.00
0.443280	125.00
0.443300	125.00
0.443320	125.00
0.443340	125.00
0.443360	125.00
0.443380	125.00
0.443400	125.00
0.443420	125.00
0.443440	125.00
0.443460	125.00
0.443480	125.00
0.443500	125.00
0.443520	125.00
0.443540	125.00
0.443560	124.00
0.443580	124.00
0.443600	124.00
0.443620	124.00
0.443640	124.00
0.443660	124.00
0.443680	124.00
0.443700	124.00
0.443720	124.00
0.443740	125.00
0.443760	125.00
0.443780	125.00
0.443800	125.00
0.443820	126.00
0.443840	126.00
0.443860	126.00
0.443880	126.00
0.443900	126.00
0.443920	126.00
0.443940	125.00
0.443960	125.00
0.443980	125.00
0.444000	124.00
0.444020	124.00
0.444040	123.00
0.444060	123.00
0.444080	123.00
0.444100	122.00
0.444120	122.00
0.444140	123.00
0.444160	123.00
0.444180	124.00
0.444200	125.00
0.444220	125.00
0.444240	126.00
0.444260	127.00
0.444280	128.00
0.444300	129.00
0.444320	129.00
0.444340	129.00
0.444360	129.00
0.444380	128.00
0.444400	127.00
0.444420	126.00
0.444440	124.00
0.444460	122.00
0.444480	121.00
0.444500	119.00
0.444520	118.00
0.444540	118.00
0.444560	118.00
0.444580	119.00
0.444600	119.00
0.444620	120.00
0.444640	122.00
0.444660	124.00
0.444680	127.00
0.444700	129.00
0.444720	131.00
0.444740	133.00
0.444760	135.00
0.444780	136.00
0.444800	135.00
0.444820	134.00
0.444840	131.00
0.444860	128.00
0.444880	125.00
0.444900	120.00
0.444920	116.00
0.444940	112.00
0.444960	109.00
0.444980	107.00
0.445000	107.00
0.445020	109.00
0.445040	111.00
0.445060	116.00
0.445080	121.00
0.445100	127.00
0.445120	133.00
0.445140	139.00
0.445160	145.00
0.445180	148.00
0.445200	150.00
0.445220	149.00
0.445240	147.00
0.445260	143.00
0.445280	137.00
0.445300	129.00
0.445320	121.00
0.445340	113.00
0.445360	107.00
0.445380	101.00
0.445400	98.00
0.445420	96.00
0.445440	97.00
0.445460	101.00
0.445480	107.00
0.445500	113.00
0.445520	121.00
0.445540	129.00
0.445560	137.00
0.445580	144.00
0.445600	148.00
0.445620	150.00
0.445640	151.00
0.445660	150.00
0.445680	147.00
0.445700	142.00
0.445720	135.00
0.445740	128.00
0.445760	122.00
0.445780	116.00
0.445800	111.00
0.445820	107.00
0.445840	104.00
0.445860	104.00
0.445880	105.00
0.445900	108.00
0.445920	112.00
0.445940	117.00
0.445960	122.00
0.445980	127.00
0.446000	132.00
0.446020	136.00
0.446040	138.00
0.446060	139.00
0.446080	140.00
0.446100	139.00
0.446120	137.00
0.446140	134.00
0.446160	130.00
0.446180	127.00
0.446200	123.00
0.446220	120.00
0.446240	117.00
0.446260	115.00
0.446280	114.00
0.446300	114.00
0.446320	115.00
0.446340	116.00
0.446360	118.00
0.446380	121.00
0.446400	124.00
0.446420	126.00
0.446440	128.00
0.446460	130.00
0.446480	131.00
0.446500	132.00
0.446520	133.00
0.446540	132.00
0.446560	131.00
0.446580	130.00
0.446600	128.00
0.446620	126.00
0.446640	125.00
0.446660	123.00
0.446680	121.00
0.446700	121.00
0.446720	120.00
0.446740	120.00
0.446760	121.00
0.446780	121.00
0.446800	122.00
0.446820	122.00
0.446840	123.00
0.446860	124.00
0.446880	125.00
0.446900	126.00
0.446920	127.00
0.446940	128.00
0.446960	128.00
0.446980	128.00
0.447000	128.00
0.447020	127.00
0.447040	126.00
0.447060	125.00
0.447080	124.00
0.447100	123.00
0.447120	122.00
0.447140	122.00
0.447160	122.00
0.447180	122.00
0.447200	122.00
0.447220	122.00
0.447240	123.00
0.447260	124.00
0.447280	125.00
0.447300	126.00
0.447320	127.00
0.447340	127.00
0.447360	128.00
0.447380	128.00
0.447400	128.00
0.447420	128.00
0.447440	127.00
0.447460	126.00
0.447480	125.00
0.447500	124.00
0.447520	123.00
0.447540	122.00
0.447560	122.00
0.447580	122.00
0.447600	122.00
0.447620	122.00
0.447640	122.00
0.447660	123.00
0.447680	124.00
0.447700	125.00
0.447720	126.00
0.447740	127.00
0.447760	127.00
0.447780	127.00
0.447800	127.00
0.447820	126.00
0.447840	125.00
0.447860	125.00
0.447880	124.00
0.447900	124.00
0.447920	123.00
0.447940	123.00
0.447960	123.00
0.447980	123.00
0.448000	123.00
0.448020	123.00
0.448040	124.00
0.448060	124.00
0.448080	125.00
0.448100	126.00
0.448120	126.00
0.448140	127.00
0.448160	127.00
0.448180	127.00
0.448200	127.00
0.448220	126.00
0.448240	125.00
0.448260	125.00
0.448280	124.00
0.448300	124.00
0.448320	124.00
0.448340	123.00
0.448360	123.00
0.448380	123.00
0.448400	123.00
0.448420	124.00
0.448440	124.00
0.448460	124.00
0.448480	125.00
0.448500	126.00
0.448520	126.00
0.448540	126.00
0.448560	126.00
0.448580	126.00
0.448600	126.00
0.448620	126.00
0.448640	125.00
0.448660	125.00
0.448680	124.00
0.448700	124.00
0.448720	124.00
0.448740	124.00
0.448760	123.00
0.448780	123.00
0.448800	124.00
0.448820	124.00
0.448840	125.00
0.448860	125.00
0.448880	126.00
0.448900	126.00
0.448920	126.00
0.448940	126.00
0.448960	126.00
0.448980	125.00
0.449000	125.00
0.449020	125.00
0.449040	125.00
0.449060	125.00
0.449080	124.00
0.449100	124.00
0.449120	124.00
0.449140	124.00
0.449160	124.00
0.449180	124.00
0.449200	124.00
0.449220	125.00
0.449240	125.00
0.449260	126.00
0.449280	126.00
0.449300	126.00
0.449320	126.00
0.449340	126.00
0.449360	126.00
0.449380	126.00
0.449400	126.00
0.449420	125.00
0.449440	124.00
0.449460	124.00
0.449480	124.00
0.449500	123.00
0.449520	123.00
0.449540	123.00
0.449560	123.00
0.449580	123.00
0.449600	124.00
0.449620	124.00
0.449640	125.00
0.449660	125.00
0.449680	126.00
0.449700	126.00
0.449720	126.00
0.449740	126.00
0.449760	126.00
0.449780	126.00
0.449800	126.00
0.449820	125.00
0.449840	124.00
0.449860	124.00
0.449880	124.00
0.449900	123.00
0.449920	123.00
0.449940	123.00
0.449960	124.00
0.449980	126.00
