0.325000	76.00
0.325040	77.00
0.325080	162.00
0.325120	99.00
0.325160	136.00
0.325200	124.00
0.325240	116.00
0.325280	135.00
0.325320	115.00
0.325360	129.00
0.325400	124.00
0.325440	120.00
0.325480	129.00
0.325520	117.00
0.325560	127.00
0.325600	124.00
0.325640	121.00
0.325680	129.00
0.325720	120.00
0.325760	127.00
0.325800	124.00
0.325840	122.00
0.325880	128.00
0.325920	122.00
0.325960	127.00
0.326000	124.00
0.326040	122.00
0.326080	127.00
0.326120	121.00
0.326160	125.00
0.326200	124.00
0.326240	123.00
0.326280	127.00
0.326320	123.00
0.326360	127.00
0.326400	124.00
0.326440	123.00
0.326480	126.00
0.326520	121.00
0.326560	125.00
0.326600	124.00
0.326640	123.00
0.326680	126.00
0.326720	122.00
0.326760	125.00
0.326800	124.00
0.326840	123.00
0.326880	126.00
0.326920	123.00
0.326960	126.00
0.327000	124.00
0.327040	123.00
0.327080	126.00
0.327120	124.00
0.327160	125.00
0.327200	124.00
0.327240	123.00
0.327280	125.00
0.327320	122.00
0.327360	124.00
0.327400	123.00
0.327440	122.00
0.327480	124.00
0.327520	123.00
0.327560	125.00
0.327600	124.00
0.327640	124.00
0.327680	125.00
0.327720	123.00
0.327760	125.00
0.327800	124.00
0.327840	124.00
0.327880	125.00
0.327920	122.00
0.327960	125.00
0.328000	124.00
0.328040	123.00
0.328080	125.00
0.328120	123.00
0.328160	124.00
0.328200	124.00
0.328240	124.00
0.328280	124.00
0.328320	122.00
0.328360	125.00
0.328400	124.00
0.328440	124.00
0.328480	125.00
0.328520	123.00
0.328560	125.00
0.328600	124.00
0.328640	124.00
0.328680	125.00
0.328720	123.00
0.328760	125.00
0.328800	123.00
0.328840	123.00
0.328880	125.00
0.328920	124.00
0.328960	125.00
0.329000	124.00
0.329040	124.00
0.329080	125.00
0.329120	124.00
0.329160	125.00
0.329200	124.00
0.329240	124.00
0.329280	125.00
0.329320	123.00
0.329360	124.00
0.329400	124.00
0.329440	123.00
0.329480	125.00
0.329520	124.00
0.329560	125.00
0.329600	124.00
0.329640	124.00
0.329680	125.00
0.329720	124.00
0.329760	124.00
0.329800	123.00
0.329840	123.00
0.329880	125.00
0.329920	125.00
0.329960	125.00
0.330000	124.00
0.330040	124.00
0.330080	124.00
0.330120	123.00
0.330160	124.00
0.330200	123.00
0.330240	123.00
0.330280	124.00
0.330320	123.00
0.330360	125.00
0.330400	124.00
0.330440	123.00
0.330480	123.00
0.330520	123.00
0.330560	125.00
0.330600	125.00
0.330640	125.00
0.330680	125.00
0.330720	123.00
0.330760	124.00
0.330800	124.00
0.330840	124.00
0.330880	124.00
0.330920	124.00
0.330960	124.00
0.331000	123.00
0.331040	124.00
0.331080	126.00
0.331120	124.00
0.331160	124.00
0.331200	124.00
0.331240	124.00
0.331280	125.00
0.331320	124.00
0.331360	125.00
0.331400	124.00
0.331440	123.00
0.331480	123.00
0.331520	122.00
0.331560	122.00
0.331600	122.00
0.331640	123.00
0.331680	127.00
0.331720	130.00
0.331760	132.00
0.331800	132.00
0.331840	131.00
0.331880	130.00
0.331920	124.00
0.331960	115.00
0.332000	106.00
0.332040	100.00
0.332080	100.00
0.332120	108.00
0.332160	123.00
0.332200	142.00
0.332240	159.00
0.332280	165.00
0.332320	155.00
0.332360	134.00
0.332400	106.00
0.332440	81.00
0.332480	67.00
0.332520	70.00
0.332560	94.00
0.332600	133.00
0.332640	178.00
0.332680	211.00
0.332720	219.00
0.332760	198.00
0.332800	149.00
0.332840	74.00
0.332880	12.00
0.332920	0.00
0.332960	3.00
0.333000	29.00
0.333040	116.00
0.333080	206.00
0.333120	249.00
0.333160	255.00
0.333200	234.00
0.333240	182.00
0.333280	91.00
0.333320	12.00
0.333360	0.00
0.333400	2.00
0.333440	22.00
0.333480	99.00
0.333520	177.00
0.333560	223.00
0.333600	234.00
0.333640	213.00
0.333680	171.00
0.333720	112.00
0.333760	64.00
0.333800	39.00
0.333840	42.00
0.333880	73.00
0.333920	113.00
0.333960	151.00
0.334000	175.00
0.334040	178.00
0.334080	166.00
0.334120	142.00
0.334160	117.00
0.334200	98.00
0.334240	90.00
0.334280	95.00
0.334320	107.00
0.334360	124.00
0.334400	138.00
0.334440	144.00
0.334480	145.00
0.334520	138.00
0.334560	128.00
0.334600	118.00
0.334640	111.00
0.334680	111.00
0.334720	113.00
0.334760	119.00
0.334800	126.00
0.334840	131.00
0.334880	134.00
0.334920	132.00
0.334960	129.00
0.335000	126.00
0.335040	122.00
0.335080	120.00
0.335120	119.00
0.335160	120.00
0.335200	122.00
0.335240	124.00
0.335280	127.00
0.335320	127.00
0.335360	127.00
0.335400	125.00
0.335440	124.00
0.335480	124.00
0.335520	123.00
0.335560	123.00
0.335600	123.00
0.335640	123.00
0.335680	125.00
0.335720	124.00
0.335760	123.00
0.335800	124.00
0.335840	125.00
0.335880	126.00
0.335920	126.00
0.335960	126.00
0.336000	126.00
0.336040	125.00
0.336080	123.00
0.336120	121.00
0.336160	120.00
0.336200	121.00
0.336240	122.00
0.336280	124.00
0.336320	127.00
0.336360	131.00
0.336400	131.00
0.336440	129.00
0.336480	127.00
0.336520	122.00
0.336560	119.00
0.336600	117.00
0.336640	117.00
0.336680	121.00
0.336720	124.00
0.336760	127.00
0.336800	130.00
0.336840	130.00
0.336880	129.00
0.336920	126.00
0.336960	123.00
0.337000	120.00
0.337040	119.00
0.337080	121.00
0.337120	122.00
0.337160	124.00
0.337200	126.00
0.337240	127.00
0.337280	128.00
0.337320	127.00
0.337360	125.00
0.337400	124.00
0.337440	123.00
0.337480	123.00
0.337520	123.00
0.337560	123.00
0.337600	124.00
0.337640	125.00
0.337680	125.00
0.337720	125.00
0.337760	125.00
0.337800	125.00
0.337840	124.00
0.337880	124.00
0.337920	123.00
0.337960	122.00
0.338000	122.00
0.338040	123.00
0.338080	124.00
0.338120	124.00
0.338160	125.00
0.338200	126.00
0.338240	128.00
0.338280	129.00
0.338320	128.00
0.338360	126.00
0.338400	122.00
0.338440	118.00
0.338480	117.00
0.338520	118.00
0.338560	120.00
0.338600	124.00
0.338640	130.00
0.338680	134.00
0.338720	135.00
0.338760	134.00
0.338800	128.00
0.338840	120.00
0.338880	112.00
0.338920	105.00
0.338960	105.00
0.339000	111.00
0.339040	123.00
0.339080	138.00
0.339120	151.00
0.339160	157.00
0.339200	152.00
0.339240	138.00
0.339280	120.00
0.339320	101.00
0.339360	88.00
0.339400	85.00
0.339440	94.00
0.339480	112.00
0.339520	134.00
0.339560	152.00
0.339600	162.00
0.339640	161.00
0.339680	148.00
0.339720	128.00
0.339760	107.00
0.339800	93.00
0.339840	89.00
0.339880	96.00
0.339920	111.00
0.339960	129.00
0.340000	143.00
0.340040	151.00
0.340080	150.00
0.340120	141.00
0.340160	129.00
0.340200	115.00
0.340240	107.00
0.340280	106.00
0.340320	109.00
0.340360	118.00
0.340400	126.00
0.340440	132.00
0.340480	136.00
0.340520	134.00
0.340560	130.00
0.340600	125.00
0.340640	120.00
0.340680	117.00
0.340720	117.00
0.340760	119.00
0.340800	123.00
0.340840	125.00
0.340880	127.00
0.340920	127.00
0.340960	127.00
0.341000	125.00
0.341040	124.00
0.341080	123.00
0.341120	122.00
0.341160	123.00
0.341200	124.00
0.341240	124.00
0.341280	126.00
0.341320	126.00
0.341360	125.00
0.341400	124.00
0.341440	123.00
0.341480	123.00
0.341520	124.00
0.341560	125.00
0.341600	126.00
0.341640	125.00
0.341680	125.00
0.341720	124.00
0.341760	123.00
0.341800	121.00
0.341840	119.00
0.341880	121.00
0.341920	124.00
0.341960	126.00
0.342000	129.00
0.342040	130.00
0.342080	129.00
0.342120	126.00
0.342160	123.00
0.342200	119.00
0.342240	116.00
0.342280	118.00
0.342320	121.00
0.342360	126.00
0.342400	131.00
0.342440	133.00
0.342480	131.00
0.342520	127.00
0.342560	123.00
0.342600	119.00
0.342640	117.00
0.342680	116.00
0.342720	119.00
0.342760	123.00
0.342800	127.00
0.342840	130.00
0.342880	131.00
0.342920	129.00
0.342960	126.00
0.343000	123.00
0.343040	120.00
0.343080	118.00
0.343120	118.00
0.343160	121.00
0.343200	123.00
0.343240	126.00
0.343280	127.00
0.343320	126.00
0.343360	125.00
0.343400	124.00
0.343440	123.00
0.343480	123.00
0.343520	122.00
0.343560	123.00
0.343600	124.00
0.343640	124.00
0.343680	125.00
0.343720	125.00
0.343760	125.00
0.343800	124.00
0.343840	124.00
0.343880	123.00
0.343920	123.00
0.343960	124.00
0.344000	125.00
0.344040	125.00
0.344080	126.00
0.344120	125.00
0.344160	124.00
0.344200	123.00
0.344240	122.00
0.344280	123.00
0.344320	123.00
0.344360	124.00
0.344400	125.00
0.344440	126.00
0.344480	127.00
0.344520	127.00
0.344560	126.00
0.344600	124.00
0.344640	122.00
0.344680	120.00
0.344720	119.00
0.344760	120.00
0.344800	122.00
0.344840	126.00
0.344880	130.00
0.344920	132.00
0.344960	131.00
0.345000	128.00
0.345040	122.00
0.345080	116.00
0.345120	112.00
0.345160	110.00
0.345200	114.00
0.345240	120.00
0.345280	130.00
0.345320	140.00
0.345360	146.00
0.345400	145.00
0.345440	137.00
0.345480	123.00
0.345520	109.00
0.345560	98.00
0.345600	95.00
0.345640	102.00
0.345680	118.00
0.345720	135.00
0.345760	148.00
0.345800	154.00
0.345840	149.00
0.345880	136.00
0.345920	119.00
0.345960	105.00
0.346000	98.00
0.346040	100.00
0.346080	110.00
0.346120	124.00
0.346160	136.00
0.346200	143.00
0.346240	144.00
0.346280	138.00
0.346320	127.00
0.346360	117.00
0.346400	110.00
0.346440	109.00
0.346480	113.00
0.346520	120.00
0.346560	128.00
0.346600	134.00
0.346640	135.00
0.346680	133.00
0.346720	128.00
0.346760	123.00
0.346800	119.00
0.346840	117.00
0.346880	118.00
0.346920	121.00
0.346960	124.00
0.347000	126.00
0.347040	128.00
0.347080	128.00
0.347120	127.00
0.347160	125.00
0.347200	122.00
0.347240	121.00
0.347280	122.00
0.347320	122.00
0.347360	123.00
0.347400	124.00
0.347440	126.00
0.347480	126.00
0.347520	126.00
0.347560	125.00
0.347600	124.00
0.347640	123.00
0.347680	124.00
0.347720	124.00
0.347760	125.00
0.347800	125.00
0.347840	125.00
0.347880	124.00
0.347920	122.00
0.347960	122.00
0.348000	122.00
0.348040	123.00
0.348080	125.00
0.348120	127.00
0.348160	128.00
0.348200	127.00
0.348240	125.00
0.348280	123.00
0.348320	121.00
0.348360	119.00
0.348400	120.00
0.348440	123.00
0.348480	125.00
0.348520	127.00
0.348560	128.00
0.348600	127.00
0.348640	126.00
0.348680	124.00
0.348720	122.00
0.348760	120.00
0.348800	119.00
0.348840	121.00
0.348880	124.00
0.348920	126.00
0.348960	127.00
0.349000	128.00
0.349040	127.00
0.349080	126.00
0.349120	124.00
0.349160	123.00
0.349200	122.00
0.349240	122.00
0.349280	122.00
0.349320	123.00
0.349360	124.00
0.349400	125.00
0.349440	126.00
0.349480	126.00
0.349520	126.00
0.349560	125.00
0.349600	123.00
0.349640	123.00
0.349680	124.00
0.349720	124.00
0.349760	124.00
0.349800	124.00
0.349840	124.00
0.349880	124.00
0.349920	124.00
0.349960	124.00
0.350000	124.00
0.350040	124.00
0.350080	124.00
0.350120	124.00
0.350160	125.00
0.350200	125.00
0.350240	124.00
0.350280	125.00
0.350320	124.00
0.350360	124.00
0.350400	123.00
0.350440	123.00
0.350480	123.00
0.350520	123.00
0.350560	124.00
0.350600	125.00
0.350640	124.00
0.350680	125.00
0.350720	125.00
0.350760	125.00
0.350800	124.00
0.350840	123.00
0.350880	123.00
0.350920	122.00
0.350960	122.00
0.351000	123.00
0.351040	125.00
0.351080	127.00
0.351120	128.00
0.351160	128.00
0.351200	126.00
0.351240	123.00
0.351280	120.00
0.351320	118.00
0.351360	118.00
0.351400	119.00
0.351440	122.00
0.351480	128.00
0.351520	132.00
0.351560	134.00
0.351600	135.00
0.351640	131.00
0.351680	124.00
0.351720	117.00
0.351760	113.00
0.351800	113.00
0.351840	116.00
0.351880	122.00
0.351920	129.00
0.351960	134.00
0.352000	135.00
0.352040	132.00
0.352080	127.00
0.352120	121.00
0.352160	117.00
0.352200	116.00
0.352240	118.00
0.352280	122.00
0.352320	126.00
0.352360	129.00
0.352400	129.00
0.352440	128.00
0.352480	126.00
0.352520	123.00
0.352560	121.00
0.352600	121.00
0.352640	122.00
0.352680	123.00
0.352720	124.00
0.352760	124.00
0.352800	125.00
0.352840	125.00
0.352880	124.00
0.352920	124.00
0.352960	124.00
0.353000	124.00
0.353040	124.00
0.353080	125.00
0.353120	126.00
0.353160	126.00
0.353200	124.00
0.353240	124.00
0.353280	123.00
0.353320	122.00
0.353360	123.00
0.353400	124.00
0.353440	124.00
0.353480	125.00
0.353520	126.00
0.353560	125.00
0.353600	124.00
0.353640	124.00
0.353680	124.00
0.353720	124.00
0.353760	123.00
0.353800	124.00
0.353840	125.00
0.353880	125.00
0.353920	126.00
0.353960	125.00
0.354000	124.00
0.354040	123.00
0.354080	122.00
0.354120	121.00
0.354160	122.00
0.354200	122.00
0.354240	124.00
0.354280	127.00
0.354320	127.00
0.354360	126.00
0.354400	125.00
0.354440	123.00
0.354480	121.00
0.354520	121.00
0.354560	121.00
0.354600	122.00
0.354640	123.00
0.354680	126.00
0.354720	128.00
0.354760	127.00
0.354800	126.00
0.354840	124.00
0.354880	123.00
0.354920	122.00
0.354960	121.00
0.355000	121.00
0.355040	122.00
0.355080	124.00
0.355120	125.00
0.355160	126.00
0.355200	126.00
0.355240	126.00
0.355280	126.00
0.355320	124.00
0.355360	122.00
0.355400	122.00
0.355440	122.00
0.355480	123.00
0.355520	124.00
0.355560	124.00
0.355600	125.00
0.355640	125.00
0.355680	124.00
0.355720	124.00
0.355760	124.00
0.355800	124.00
0.355840	124.00
0.355880	124.00
0.355920	124.00
0.355960	123.00
0.356000	124.00
0.356040	123.00
0.356080	123.00
0.356120	124.00
0.356160	124.00
0.356200	125.00
0.356240	125.00
0.356280	125.00
0.356320	125.00
0.356360	124.00
0.356400	123.00
0.356440	123.00
0.356480	123.00
0.356520	124.00
0.356560	124.00
0.356600	124.00
0.356640	124.00
0.356680	124.00
0.356720	124.00
0.356760	124.00
0.356800	123.00
0.356840	123.00
0.356880	125.00
0.356920	125.00
0.356960	125.00
