0.410000	101.00
0.410020	49.00
0.410040	102.00
0.410060	141.00
0.410080	144.00
0.410100	125.00
0.410120	113.00
0.410140	118.00
0.410160	131.00
0.410180	133.00
0.410200	125.00
0.410220	117.00
0.410240	120.00
0.410260	128.00
0.410280	131.00
0.410300	125.00
0.410320	121.00
0.410340	122.00
0.410360	128.00
0.410380	129.00
0.410400	125.00
0.410420	121.00
0.410440	122.00
0.410460	127.00
0.410480	128.00
0.410500	125.00
0.410520	122.00
0.410540	123.00
0.410560	126.00
0.410580	127.00
0.410600	125.00
0.410620	122.00
0.410640	123.00
0.410660	126.00
0.410680	128.00
0.410700	126.00
0.410720	123.00
0.410740	124.00
0.410760	126.00
0.410780	126.00
0.410800	124.00
0.410820	123.00
0.410840	123.00
0.410860	125.00
0.410880	126.00
0.410900	125.00
0.410920	123.00
0.410940	124.00
0.410960	125.00
0.410980	126.00
0.411000	125.00
0.411020	123.00
0.411040	124.00
0.411060	126.00
0.411080	126.00
0.411100	125.00
0.411120	124.00
0.411140	124.00
0.411160	126.00
0.411180	126.00
0.411200	125.00
0.411220	124.00
0.411240	124.00
0.411260	125.00
0.411280	126.00
0.411300	125.00
0.411320	124.00
0.411340	124.00
0.411360	125.00
0.411380	125.00
0.411400	124.00
0.411420	123.00
0.411440	124.00
0.411460	125.00
0.411480	125.00
0.411500	124.00
0.411520	123.00
0.411540	124.00
0.411560	125.00
0.411580	125.00
0.411600	124.00
0.411620	124.00
0.411640	124.00
0.411660	125.00
0.411680	125.00
0.411700	124.00
0.411720	123.00
0.411740	124.00
0.411760	125.00
0.411780	125.00
0.411800	125.00
0.411820	124.00
0.411840	124.00
0.411860	125.00
0.411880	126.00
0.411900	125.00
0.411920	124.00
0.411940	125.00
0.411960	125.00
0.411980	126.00
0.412000	125.00
0.412020	125.00
0.412040	125.00
0.412060	125.00
0.412080	126.00
0.412100	125.00
0.412120	125.00
0.412140	125.00
0.412160	125.00
0.412180	125.00
0.412200	124.00
0.412220	123.00
0.412240	123.00
0.412260	124.00
0.412280	125.00
0.412300	124.00
0.412320	124.00
0.412340	124.00
0.412360	125.00
0.412380	125.00
0.412400	125.00
0.412420	125.00
0.412440	125.00
0.412460	126.00
0.412480	126.00
0.412500	125.00
0.412520	125.00
0.412540	125.00
0.412560	126.00
0.412580	126.00
0.412600	125.00
0.412620	124.00
0.412640	124.00
0.412660	125.00
0.412680	125.00
0.412700	125.00
0.412720	124.00
0.412740	124.00
0.412760	125.00
0.412780	125.00
0.412800	124.00
0.412820	124.00
0.412840	124.00
0.412860	125.00
0.412880	125.00
0.412900	124.00
0.412920	124.00
0.412940	124.00
0.412960	125.00
0.412980	125.00
0.413000	125.00
0.413020	124.00
0.413040	124.00
0.413060	124.00
0.413080	125.00
0.413100	125.00
0.413120	125.00
0.413140	125.00
0.413160	125.00
0.413180	125.00
0.413200	124.00
0.413220	124.00
0.413240	124.00
0.413260	125.00
0.413280	125.00
0.413300	125.00
0.413320	125.00
0.413340	124.00
0.413360	125.00
0.413380	125.00
0.413400	124.00
0.413420	124.00
0.413440	125.00
0.413460	126.00
0.413480	126.00
0.413500	125.00
0.413520	125.00
0.413540	124.00
0.413560	124.00
0.413580	125.00
0.413600	125.00
0.413620	125.00
0.413640	125.00
0.413660	125.00
0.413680	125.00
0.413700	124.00
0.413720	124.00
0.413740	125.00
0.413760	125.00
0.413780	125.00
0.413800	124.00
0.413820	124.00
0.413840	125.00
0.413860	125.00
0.413880	125.00
0.413900	124.00
0.413920	124.00
0.413940	124.00
0.413960	125.00
0.413980	125.00
0.414000	125.00
0.414020	125.00
0.414040	125.00
0.414060	125.00
0.414080	125.00
0.414100	125.00
0.414120	125.00
0.414140	125.00
0.414160	126.00
0.414180	126.00
0.414200	125.00
0.414220	125.00
0.414240	124.00
0.414260	125.00
0.414280	125.00
0.414300	125.00
0.414320	125.00
0.414340	125.00
0.414360	126.00
0.414380	125.00
0.414400	124.00
0.414420	124.00
0.414440	124.00
0.414460	125.00
0.414480	125.00
0.414500	125.00
0.414520	124.00
0.414540	124.00
0.414560	125.00
0.414580	125.00
0.414600	125.00
0.414620	125.00
0.414640	125.00
0.414660	125.00
0.414680	125.00
0.414700	125.00
0.414720	124.00
0.414740	124.00
0.414760	124.00
0.414780	124.00
0.414800	124.00
0.414820	124.00
0.414840	125.00
0.414860	125.00
0.414880	125.00
0.414900	125.00
0.414920	124.00
0.414940	124.00
0.414960	124.00
0.414980	125.00
0.415000	125.00
0.415020	125.00
0.415040	125.00
0.415060	126.00
0.415080	126.00
0.415100	125.00
0.415120	125.00
0.415140	124.00
0.415160	125.00
0.415180	125.00
0.415200	124.00
0.415220	124.00
0.415240	124.00
0.415260	125.00
0.415280	125.00
0.415300	124.00
0.415320	124.00
0.415340	125.00
0.415360	125.00
0.415380	126.00
0.415400	125.00
0.415420	124.00
0.415440	124.00
0.415460	124.00
0.415480	125.00
0.415500	125.00
0.415520	124.00
0.415540	124.00
0.415560	125.00
0.415580	125.00
0.415600	125.00
0.415620	125.00
0.415640	125.00
0.415660	125.00
0.415680	125.00
0.415700	125.00
0.415720	124.00
0.415740	124.00
0.415760	125.00
0.415780	125.00
0.415800	125.00
0.415820	125.00
0.415840	124.00
0.415860	125.00
0.415880	125.00
0.415900	125.00
0.415920	125.00
0.415940	125.00
0.415960	125.00
0.415980	125.00
0.416000	125.00
0.416020	124.00
0.416040	124.00
0.416060	124.00
0.416080	125.00
0.416100	124.00
0.416120	124.00
0.416140	124.00
0.416160	124.00
0.416180	124.00
0.416200	124.00
0.416220	124.00
0.416240	125.00
0.416260	125.00
0.416280	125.00
0.416300	125.00
0.416320	124.00
0.416340	124.00
0.416360	125.00
0.416380	125.00
0.416400	125.00
0.416420	124.00
0.416440	124.00
0.416460	124.00
0.416480	124.00
0.416500	124.00
0.416520	124.00
0.416540	124.00
0.416560	124.00
0.416580	124.00
0.416600	124.00
0.416620	124.00
0.416640	125.00
0.416660	125.00
0.416680	125.00
0.416700	125.00
0.416720	124.00
0.416740	124.00
0.416760	124.00
0.416780	124.00
0.416800	124.00
0.416820	125.00
0.416840	125.00
0.416860	125.00
0.416880	125.00
0.416900	125.00
0.416920	125.00
0.416940	125.00
0.416960	125.00
0.416980	125.00
0.417000	124.00
0.417020	124.00
0.417040	125.00
0.417060	125.00
0.417080	126.00
0.417100	125.00
0.417120	125.00
0.417140	125.00
0.417160	125.00
0.417180	125.00
0.417200	124.00
0.417220	124.00
0.417240	124.00
0.417260	124.00
0.417280	125.00
0.417300	124.00
0.417320	124.00
0.417340	124.00
0.417360	124.00
0.417380	125.00
0.417400	125.00
0.417420	125.00
0.417440	125.00
0.417460	125.00
0.417480	124.00
0.417500	124.00
0.417520	124.00
0.417540	125.00
0.417560	125.00
0.417580	125.00
0.417600	125.00
0.417620	124.00
0.417640	125.00
0.417660	125.00
0.417680	125.00
0.417700	125.00
0.417720	124.00
0.417740	125.00
0.417760	125.00
0.417780	125.00
0.417800	125.00
0.417820	125.00
0.417840	124.00
0.417860	125.00
0.417880	125.00
0.417900	125.00
0.417920	125.00
0.417940	125.00
0.417960	125.00
0.417980	125.00
0.418000	124.00
0.418020	124.00
0.418040	124.00
0.418060	124.00
0.418080	124.00
0.418100	124.00
0.418120	124.00
0.418140	125.00
0.418160	125.00
0.418180	125.00
0.418200	125.00
0.418220	124.00
0.418240	124.00
0.418260	125.00
0.418280	125.00
0.418300	125.00
0.418320	124.00
0.418340	124.00
0.418360	124.00
0.418380	125.00
0.418400	126.00
0.418420	125.00
0.418440	125.00
0.418460	125.00
0.418480	125.00
0.418500	125.00
0.418520	125.00
0.418540	125.00
0.418560	125.00
0.418580	125.00
0.418600	124.00
0.418620	124.00
0.418640	125.00
0.418660	125.00
0.418680	125.00
0.418700	124.00
0.418720	124.00
0.418740	125.00
0.418760	125.00
0.418780	125.00
0.418800	125.00
0.418820	124.00
0.418840	124.00
0.418860	124.00
0.418880	125.00
0.418900	125.00
0.418920	125.00
0.418940	125.00
0.418960	125.00
0.418980	125.00
0.419000	124.00
0.419020	124.00
0.419040	124.00
0.419060	124.00
0.419080	125.00
0.419100	125.00
0.419120	125.00
0.419140	125.00
0.419160	125.00
0.419180	125.00
0.419200	125.00
0.419220	125.00
0.419240	125.00
0.419260	125.00
0.419280	125.00
0.419300	125.00
0.419320	125.00
0.419340	125.00
0.419360	126.00
0.419380	126.00
0.419400	125.00
0.419420	125.00
0.419440	125.00
0.419460	124.00
0.419480	124.00
0.419500	124.00
0.419520	124.00
0.419540	124.00
0.419560	124.00
0.419580	124.00
0.419600	124.00
0.419620	124.00
0.419640	124.00
0.419660	124.00
0.419680	124.00
0.419700	124.00
0.419720	124.00
0.419740	125.00
0.419760	125.00
0.419780	125.00
0.419800	125.00
0.419820	124.00
0.419840	124.00
0.419860	125.00
0.419880	125.00
0.419900	125.00
0.419920	125.00
0.419940	125.00
0.419960	125.00
0.419980	125.00
0.420000	125.00
0.420020	124.00
0.420040	124.00
0.420060	124.00
0.420080	124.00
0.420100	125.00
0.420120	125.00
0.420140	125.00
0.420160	125.00
0.420180	125.00
0.420200	124.00
0.420220	124.00
0.420240	124.00
0.420260	125.00
0.420280	125.00
0.420300	125.00
0.420320	124.00
0.420340	124.00
0.420360	124.00
0.420380	125.00
0.420400	124.00
0.420420	124.00
0.420440	124.00
0.420460	124.00
0.420480	125.00
0.420500	125.00
0.420520	125.00
0.420540	125.00
0.420560	125.00
0.420580	125.00
0.420600	125.00
0.420620	125.00
0.420640	125.00
0.420660	124.00
0.420680	124.00
0.420700	124.00
0.420720	124.00
0.420740	124.00
0.420760	124.00
0.420780	124.00
0.420800	124.00
0.420820	124.00
0.420840	124.00
0.420860	124.00
0.420880	124.00
0.420900	124.00
0.420920	124.00
0.420940	125.00
0.420960	125.00
0.420980	125.00
0.421000	125.00
0.421020	124.00
0.421040	124.00
0.421060	124.00
0.421080	124.00
0.421100	125.00
0.421120	125.00
0.421140	125.00
0.421160	125.00
0.421180	125.00
0.421200	125.00
0.421220	125.00
0.421240	125.00
0.421260	125.00
0.421280	125.00
0.421300	125.00
0.421320	124.00
0.421340	124.00
0.421360	124.00
0.421380	125.00
0.421400	124.00
0.421420	124.00
0.421440	124.00
0.421460	125.00
0.421480	125.00
0.421500	125.00
0.421520	124.00
0.421540	124.00
0.421560	124.00
0.421580	124.00
0.421600	124.00
0.421620	124.00
0.421640	124.00
0.421660	124.00
0.421680	124.00
0.421700	124.00
0.421720	124.00
0.421740	124.00
0.421760	125.00
0.421780	125.00
0.421800	125.00
0.421820	124.00
0.421840	124.00
0.421860	124.00
0.421880	124.00
0.421900	125.00
0.421920	125.00
0.421940	125.00
0.421960	125.00
0.421980	125.00
0.422000	125.00
0.422020	125.00
0.422040	124.00
0.422060	124.00
0.422080	124.00
0.422100	125.00
0.422120	125.00
0.422140	125.00
0.422160	125.00
0.422180	125.00
0.422200	125.00
0.422220	124.00
0.422240	125.00
0.422260	125.00
0.422280	125.00
0.422300	125.00
0.422320	124.00
0.422340	124.00
0.422360	125.00
0.422380	125.00
0.422400	125.00
0.422420	125.00
0.422440	125.00
0.422460	125.00
0.422480	124.00
0.422500	124.00
0.422520	124.00
0.422540	125.00
0.422560	126.00
0.422580	126.00
0.422600	125.00
0.422620	124.00
0.422640	124.00
0.422660	125.00
0.422680	125.00
0.422700	125.00
0.422720	125.00
0.422740	125.00
0.422760	125.00
0.422780	125.00
0.422800	124.00
0.422820	124.00
0.422840	124.00
0.422860	125.00
0.422880	125.00
0.422900	126.00
0.422920	125.00
0.422940	125.00
0.422960	125.00
0.422980	124.00
0.423000	125.00
0.423020	125.00
0.423040	125.00
0.423060	124.00
0.423080	124.00
0.423100	124.00
0.423120	124.00
0.423140	124.00
0.423160	124.00
0.423180	124.00
0.423200	124.00
0.423220	124.00
0.423240	125.00
0.423260	125.00
0.423280	125.00
0.423300	125.00
0.423320	125.00
0.423340	124.00
0.423360	124.00
0.423380	124.00
0.423400	124.00
0.423420	125.00
0.423440	125.00
0.423460	125.00
0.423480	124.00
0.423500	124.00
0.423520	125.00
0.423540	125.00
0.423560	125.00
0.423580	125.00
0.423600	125.00
0.423620	124.00
0.423640	124.00
0.423660	124.00
0.423680	124.00
0.423700	125.00
0.423720	125.00
0.423740	125.00
0.423760	125.00
0.423780	125.00
0.423800	125.00
0.423820	125.00
0.423840	125.00
0.423860	125.00
0.423880	125.00
0.423900	125.00
0.423920	125.00
0.423940	125.00
0.423960	125.00
0.423980	125.00
0.424000	125.00
0.424020	124.00
0.424040	124.00
0.424060	124.00
0.424080	124.00
0.424100	124.00
0.424120	124.00
0.424140	124.00
0.424160	124.00
0.424180	124.00
0.424200	124.00
0.424220	124.00
0.424240	124.00
0.424260	124.00
0.424280	124.00
0.424300	124.00
0.424320	124.00
0.424340	124.00
0.424360	124.00
0.424380	124.00
0.424400	125.00
0.424420	125.00
0.424440	125.00
0.424460	125.00
0.424480	125.00
0.424500	125.00
0.424520	125.00
0.424540	125.00
0.424560	125.00
0.424580	125.00
0.424600	125.00
0.424620	125.00
0.424640	125.00
0.424660	125.00
0.424680	125.00
0.424700	125.00
0.424720	125.00
0.424740	125.00
0.424760	125.00
0.424780	126.00
0.424800	125.00
0.424820	125.00
0.424840	125.00
0.424860	125.00
0.424880	125.00
0.424900	125.00
0.424920	125.00
0.424940	125.00
0.424960	125.00
0.424980	125.00
0.425000	125.00
0.425020	125.00
0.425040	125.00
0.425060	125.00
0.425080	125.00
0.425100	125.00
0.425120	125.00
0.425140	125.00
0.425160	125.00
0.425180	125.00
0.425200	124.00
0.425220	124.00
0.425240	124.00
0.425260	124.00
0.425280	124.00
0.425300	124.00
0.425320	124.00
0.425340	124.00
0.425360	125.00
0.425380	125.00
0.425400	125.00
0.425420	125.00
0.425440	125.00
0.425460	125.00
0.425480	125.00
0.425500	125.00
0.425520	125.00
0.425540	125.00
0.425560	125.00
0.425580	124.00
0.425600	124.00
0.425620	125.00
0.425640	125.00
0.425660	125.00
0.425680	125.00
0.425700	125.00
0.425720	125.00
0.425740	124.00
0.425760	124.00
0.425780	124.00
0.425800	124.00
0.425820	123.00
0.425840	123.00
0.425860	123.00
0.425880	122.00
0.425900	122.00
0.425920	123.00
0.425940	124.00
0.425960	127.00
0.425980	129.00
0.426000	132.00
0.426020	135.00
0.426040	136.00
0.426060	136.00
0.426080	135.00
0.426100	132.00
0.426120	129.00
0.426140	124.00
0.426160	119.00
0.426180	113.00
0.426200	108.00
0.426220	104.00
0.426240	101.00
0.426260	100.00
0.426280	102.00
0.426300	107.00
0.426320	113.00
0.426340	120.00
0.426360	128.00
0.426380	136.00
0.426400	143.00
0.426420	149.00
0.426440	154.00
0.426460	157.00
0.426480	159.00
0.426500	159.00
0.426520	155.00
0.426540	147.00
0.426560	136.00
0.426580	121.00
0.426600	106.00
0.426620	91.00
0.426640	79.00
0.426660	69.00
0.426680	64.00
0.426700	65.00
0.426720	72.00
0.426740	84.00
0.426760	102.00
0.426780	125.00
0.426800	150.00
0.426820	174.00
0.426840	194.00
0.426860	208.00
0.426880	214.00
0.426900	212.00
0.426920	202.00
0.426940	184.00
0.426960	159.00
0.426980	129.00
0.427000	98.00
0.427020	67.00
0.427040	40.00
0.427060	21.00
0.427080	10.00
0.427100	9.00
0.427120	18.00
0.427140	37.00
0.427160	64.00
0.427180	96.00
0.427200	131.00
0.427220	166.00
0.427240	196.00
0.427260	218.00
0.427280	231.00
0.427300	234.00
0.427320	229.00
0.427340	217.00
0.427360	197.00
0.427380	171.00
0.427400	139.00
0.427420	106.00
0.427440	76.00
0.427460	51.00
0.427480	32.00
0.427500	22.00
0.427520	21.00
0.427540	29.00
0.427560	44.00
0.427580	66.00
0.427600	91.00
0.427620	118.00
0.427640	144.00
0.427660	167.00
0.427680	185.00
0.427700	196.00
0.427720	201.00
0.427740	199.00
0.427760	191.00
0.427780	179.00
0.427800	162.00
0.427820	143.00
0.427840	123.00
0.427860	106.00
0.427880	91.00
0.427900	79.00
0.427920	72.00
0.427940	70.00
0.427960	73.00
0.427980	80.00
0.428000	90.00
0.428020	102.00
0.428040	115.00
0.428060	128.00
0.428080	140.00
0.428100	149.00
0.428120	156.00
0.428140	159.00
0.428160	159.00
0.428180	156.00
0.428200	151.00
0.428220	145.00
0.428240	137.00
0.428260	128.00
0.428280	120.00
0.428300	113.00
0.428320	107.00
0.428340	104.00
0.428360	103.00
0.428380	104.00
0.428400	106.00
0.428420	109.00
0.428440	113.00
0.428460	119.00
0.428480	124.00
0.428500	129.00
0.428520	133.00
0.428540	136.00
0.428560	138.00
0.428580	139.00
0.428600	138.00
0.428620	137.00
0.428640	134.00
0.428660	132.00
0.428680	128.00
0.428700	125.00
0.428720	122.00
0.428740	119.00
0.428760	117.00
0.428780	116.00
0.428800	116.00
0.428820	117.00
0.428840	118.00
0.428860	120.00
0.428880	121.00
0.428900	123.00
0.428920	125.00
0.428940	126.00
0.428960	128.00
0.428980	130.00
0.429000	131.00
0.429020	131.00
0.429040	130.00
0.429060	129.00
0.429080	128.00
0.429100	127.00
0.429120	126.00
0.429140	124.00
0.429160	123.00
0.429180	122.00
0.429200	122.00
0.429220	121.00
0.429240	122.00
0.429260	122.00
0.429280	122.00
0.429300	123.00
0.429320	123.00
0.429340	124.00
0.429360	125.00
0.429380	126.00
0.429400	126.00
0.429420	126.00
0.429440	126.00
0.429460	126.00
0.429480	126.00
0.429500	126.00
0.429520	126.00
0.429540	126.00
0.429560	125.00
0.429580	125.00
0.429600	124.00
0.429620	123.00
0.429640	123.00
0.429660	123.00
0.429680	123.00
0.429700	123.00
0.429720	123.00
0.429740	124.00
0.429760	125.00
0.429780	125.00
0.429800	125.00
0.429820	125.00
0.429840	125.00
0.429860	126.00
0.429880	126.00
0.429900	126.00
0.429920	125.00
0.429940	125.00
0.429960	125.00
0.429980	125.00
0.430000	125.00
0.430020	124.00
0.430040	124.00
0.430060	124.00
0.430080	124.00
0.430100	124.00
0.430120	124.00
0.430140	124.00
0.430160	124.00
0.430180	125.00
0.430200	124.00
0.430220	124.00
0.430240	124.00
0.430260	124.00
0.430280	124.00
0.430300	124.00
0.430320	125.00
0.430340	125.00
0.430360	125.00
0.430380	126.00
0.430400	125.00
0.430420	125.00
0.430440	125.00
0.430460	125.00
0.430480	126.00
0.430500	125.00
0.430520	125.00
0.430540	124.00
0.430560	124.00
0.430580	124.00
0.430600	124.00
0.430620	124.00
0.430640	124.00
0.430660	125.00
0.430680	125.00
0.430700	125.00
0.430720	125.00
0.430740	125.00
0.430760	125.00
0.430780	125.00
0.430800	125.00
0.430820	125.00
0.430840	125.00
0.430860	125.00
0.430880	125.00
0.430900	125.00
0.430920	125.00
0.430940	124.00
0.430960	124.00
0.430980	124.00
0.431000	124.00
0.431020	124.00
0.431040	124.00
0.431060	124.00
0.431080	124.00
0.431100	124.00
0.431120	124.00
0.431140	124.00
0.431160	124.00
0.431180	124.00
0.431200	124.00
0.431220	124.00
0.431240	124.00
0.431260	125.00
0.431280	125.00
0.431300	126.00
0.431320	125.00
0.431340	125.00
0.431360	124.00
0.431380	124.00
0.431400	124.00
0.431420	124.00
0.431440	124.00
0.431460	124.00
0.431480	124.00
0.431500	125.00
0.431520	125.00
0.431540	125.00
0.431560	124.00
0.431580	124.00
0.431600	124.00
0.431620	125.00
0.431640	125.00
0.431660	125.00
0.431680	125.00
0.431700	124.00
0.431720	124.00
0.431740	124.00
0.431760	124.00
0.431780	124.00
0.431800	124.00
0.431820	124.00
0.431840	124.00
0.431860	124.00
0.431880	124.00
0.431900	124.00
0.431920	124.00
0.431940	124.00
0.431960	124.00
0.431980	124.00
0.432000	125.00
0.432020	125.00
0.432040	125.00
0.432060	125.00
0.432080	125.00
0.432100	125.00
0.432120	125.00
0.432140	125.00
0.432160	125.00
0.432180	124.00
0.432200	124.00
0.432220	123.00
0.432240	123.00
0.432260	123.00
0.432280	123.00
0.432300	123.00
0.432320	123.00
0.432340	124.00
0.432360	125.00
0.432380	126.00
0.432400	127.00
0.432420	128.00
0.432440	128.00
0.432460	128.00
0.432480	128.00
0.432500	128.00
0.432520	127.00
0.432540	126.00
0.432560	125.00
0.432580	123.00
0.432600	122.00
0.432620	121.00
0.432640	120.00
0.432660	120.00
0.432680	119.00
0.432700	119.00
0.432720	120.00
0.432740	121.00
0.432760	123.00
0.432780	124.00
0.432800	126.00
0.432820	129.00
0.432840	131.00
0.432860	133.00
0.432880	134.00
0.432900	134.00
0.432920	134.00
0.432940	132.00
0.432960	130.00
0.432980	126.00
0.433000	122.00
0.433020	118.00
0.433040	115.00
0.433060	113.00
0.433080	111.00
0.433100	111.00
0.433120	112.00
0.433140	114.00
0.433160	118.00
0.433180	123.00
0.433200	127.00
0.433220	132.00
0.433240	136.00
0.433260	140.00
0.433280	142.00
0.433300	142.00
0.433320	141.00
0.433340	138.00
0.433360	134.00
0.433380	130.00
0.433400	124.00
0.433420	119.00
0.433440	114.00
0.433460	111.00
0.433480	108.00
0.433500	107.00
0.433520	107.00
0.433540	109.00
0.433560	113.00
0.433580	117.00
0.433600	122.00
0.433620	126.00
0.433640	130.00
0.433660	134.00
0.433680	137.00
0.433700	139.00
0.433720	140.00
0.433740	138.00
0.433760	136.00
0.433780	133.00
0.433800	130.00
0.433820	126.00
0.433840	123.00
0.433860	119.00
0.433880	117.00
0.433900	115.00
0.433920	115.00
0.433940	115.00
0.433960	116.00
0.433980	118.00
0.434000	120.00
0.434020	122.00
0.434040	125.00
0.434060	127.00
0.434080	129.00
0.434100	131.00
0.434120	132.00
0.434140	132.00
0.434160	131.00
0.434180	131.00
0.434200	129.00
0.434220	127.00
0.434240	126.00
0.434260	124.00
0.434280	123.00
0.434300	121.00
0.434320	121.00
0.434340	120.00
0.434360	120.00
0.434380	120.00
0.434400	121.00
0.434420	122.00
0.434440	123.00
0.434460	124.00
0.434480	125.00
0.434500	126.00
0.434520	127.00
0.434540	128.00
0.434560	128.00
0.434580	128.00
0.434600	128.00
0.434620	127.00
0.434640	126.00
0.434660	125.00
0.434680	125.00
0.434700	124.00
0.434720	123.00
0.434740	123.00
0.434760	122.00
0.434780	122.00
0.434800	122.00
0.434820	123.00
0.434840	123.00
0.434860	124.00
0.434880	125.00
0.434900	125.00
0.434920	126.00
0.434940	126.00
0.434960	126.00
0.434980	127.00
0.435000	127.00
0.435020	127.00
0.435040	126.00
0.435060	126.00
0.435080	126.00
0.435100	125.00
0.435120	125.00
0.435140	125.00
0.435160	125.00
0.435180	124.00
0.435200	124.00
0.435220	124.00
0.435240	123.00
0.435260	123.00
0.435280	124.00
0.435300	125.00
0.435320	125.00
0.435340	125.00
0.435360	125.00
0.435380	125.00
0.435400	125.00
0.435420	125.00
0.435440	125.00
0.435460	125.00
0.435480	125.00
0.435500	125.00
0.435520	125.00
0.435540	125.00
0.435560	125.00
0.435580	125.00
0.435600	124.00
0.435620	124.00
0.435640	124.00
0.435660	124.00
0.435680	124.00
0.435700	125.00
0.435720	125.00
0.435740	125.00
0.435760	125.00
0.435780	125.00
0.435800	125.00
0.435820	126.00
0.435840	126.00
0.435860	126.00
0.435880	125.00
0.435900	124.00
0.435920	124.00
0.435940	124.00
0.435960	124.00
0.435980	124.00
0.436000	124.00
0.436020	123.00
0.436040	124.00
0.436060	124.00
0.436080	124.00
0.436100	124.00
0.436120	124.00
0.436140	125.00
0.436160	126.00
0.436180	126.00
0.436200	126.00
0.436220	126.00
0.436240	126.00
0.436260	126.00
0.436280	126.00
0.436300	125.00
0.436320	125.00
0.436340	124.00
0.436360	125.00
0.436380	125.00
0.436400	125.00
0.436420	124.00
0.436440	124.00
0.436460	124.00
0.436480	124.00
0.436500	124.00
0.436520	124.00
0.436540	124.00
0.436560	125.00
0.436580	125.00
0.436600	125.00
0.436620	125.00
0.436640	125.00
0.436660	125.00
0.436680	125.00
0.436700	126.00
0.436720	125.00
0.436740	125.00
0.436760	125.00
0.436780	124.00
0.436800	124.00
0.436820	124.00
0.436840	124.00
0.436860	124.00
0.436880	124.00
0.436900	124.00
0.436920	125.00
0.436940	125.00
0.436960	125.00
0.436980	125.00
0.437000	125.00
0.437020	125.00
0.437040	125.00
0.437060	124.00
0.437080	124.00
0.437100	125.00
0.437120	125.00
0.437140	125.00
0.437160	125.00
0.437180	124.00
0.437200	124.00
0.437220	124.00
0.437240	124.00
0.437260	124.00
0.437280	124.00
0.437300	124.00
0.437320	125.00
0.437340	125.00
0.437360	125.00
0.437380	124.00
0.437400	124.00
0.437420	124.00
0.437440	125.00
0.437460	125.00
0.437480	125.00
0.437500	125.00
0.437520	125.00
0.437540	125.00
0.437560	125.00
0.437580	125.00
0.437600	125.00
0.437620	125.00
0.437640	125.00
0.437660	125.00
0.437680	125.00
0.437700	125.00
0.437720	126.00
0.437740	126.00
0.437760	125.00
0.437780	125.00
0.437800	124.00
0.437820	124.00
0.437840	124.00
0.437860	124.00
0.437880	124.00
0.437900	124.00
0.437920	124.00
0.437940	124.00
0.437960	124.00
0.437980	124.00
0.438000	124.00
0.438020	124.00
0.438040	124.00
0.438060	124.00
0.438080	124.00
0.438100	124.00
0.438120	124.00
0.438140	125.00
0.438160	125.00
0.438180	125.00
0.438200	125.00
0.438220	125.00
0.438240	125.00
0.438260	125.00
0.438280	125.00
0.438300	125.00
0.438320	125.00
0.438340	125.00
0.438360	124.00
0.438380	124.00
0.438400	124.00
0.438420	123.00
0.438440	123.00
0.438460	124.00
0.438480	124.00
0.438500	124.00
0.438520	125.00
0.438540	125.00
0.438560	125.00
0.438580	125.00
0.438600	125.00
0.438620	126.00
0.438640	126.00
0.438660	126.00
0.438680	126.00
0.438700	126.00
0.438720	125.00
0.438740	124.00
0.438760	124.00
0.438780	123.00
0.438800	123.00
0.438820	122.00
0.438840	122.00
0.438860	122.00
0.438880	122.00
0.438900	123.00
0.438920	123.00
0.438940	123.00
0.438960	124.00
0.438980	125.00
0.439000	126.00
0.439020	127.00
0.439040	127.00
0.439060	128.00
0.439080	128.00
0.439100	128.00
0.439120	128.00
0.439140	127.00
0.439160	126.00
0.439180	125.00
0.439200	124.00
0.439220	122.00
0.439240	120.00
0.439260	119.00
0.439280	118.00
0.439300	118.00
0.439320	119.00
0.439340	120.00
0.439360	122.00
0.439380	124.00
0.439400	126.00
0.439420	128.00
0.439440	130.00
0.439460	132.00
0.439480	132.00
0.439500	132.00
0.439520	131.00
0.439540	130.00
0.439560	129.00
0.439580	127.00
0.439600	125.00
0.439620	122.00
0.439640	120.00
0.439660	118.00
0.439680	117.00
0.439700	117.00
0.439720	117.00
0.439740	118.00
0.439760	119.00
0.439780	121.00
0.439800	123.00
0.439820	125.00
0.439840	127.00
0.439860	128.00
0.439880	129.00
0.439900	130.00
0.439920	131.00
0.439940	130.00
0.439960	129.00
0.439980	128.00
0.440000	127.00
0.440020	126.00
0.440040	125.00
0.440060	123.00
0.440080	122.00
0.440100	121.00
0.440120	121.00
0.440140	121.00
0.440160	121.00
0.440180	121.00
0.440200	122.00
0.440220	123.00
0.440240	125.00
0.440260	125.00
0.440280	126.00
0.440300	126.00
0.440320	127.00
0.440340	127.00
0.440360	127.00
0.440380	127.00
0.440400	127.00
0.440420	126.00
0.440440	126.00
0.440460	125.00
0.440480	125.00
0.440500	124.00
0.440520	124.00
0.440540	123.00
0.440560	123.00
0.440580	123.00
0.440600	123.00
0.440620	124.00
0.440640	124.00
0.440660	124.00
0.440680	125.00
0.440700	125.00
0.440720	125.00
0.440740	125.00
0.440760	125.00
0.440780	125.00
0.440800	126.00
0.440820	126.00
0.440840	126.00
0.440860	126.00
0.440880	125.00
0.440900	125.00
0.440920	124.00
0.440940	124.00
0.440960	124.00
0.440980	124.00
0.441000	124.00
0.441020	124.00
0.441040	124.00
0.441060	124.00
0.441080	124.00
0.441100	124.00
0.441120	124.00
0.441140	124.00
0.441160	125.00
0.441180	125.00
0.441200	125.00
0.441220	126.00
0.441240	125.00
0.441260	125.00
0.441280	125.00
0.441300	125.00
0.441320	125.00
0.441340	125.00
0.441360	125.00
0.441380	124.00
0.441400	124.00
0.441420	124.00
0.441440	124.00
0.441460	125.00
0.441480	124.00
0.441500	124.00
0.441520	124.00
0.441540	124.00
0.441560	125.00
0.441580	125.00
0.441600	125.00
0.441620	125.00
0.441640	125.00
0.441660	125.00
0.441680	125.00
0.441700	125.00
0.441720	125.00
0.441740	125.00
0.441760	125.00
0.441780	125.00
0.441800	124.00
0.441820	124.00
0.441840	123.00
0.441860	123.00
0.441880	124.00
0.441900	124.00
0.441920	124.00
0.441940	124.00
0.441960	124.00
0.441980	124.00
0.442000	124.00
0.442020	124.00
0.442040	124.00
0.442060	125.00
0.442080	125.00
0.442100	125.00
0.442120	124.00
0.442140	124.00
0.442160	124.00
0.442180	124.00
0.442200	124.00
0.442220	125.00
0.442240	125.00
0.442260	125.00
0.442280	125.00
0.442300	125.00
0.442320	125.00
0.442340	125.00
0.442360	126.00
0.442380	126.00
0.442400	126.00
0.442420	126.00
0.442440	125.00
0.442460	125.00
0.442480	125.00
0.442500	125.00
0.442520	125.00
0.442540	125.00
0.442560	125.00
0.442580	124.00
0.442600	124.00
0.442620	124.00
0.442640	124.00
0.442660	124.00
0.442680	124.00
0.442700	124.00
0.442720	125.00
0.442740	125.00
0.442760	125.00
0.442780	125.00
0.442800	125.00
0.442820	125.00
0.442840	125.00
0.442860	125.00
0.442880	125.00
0.442900	125.00
0.442920	126.00
0.442940	126.00
0.442960	126.00
0.442980	125.00
0.443000	125.00
0.443020	124.00
0.443040	124.00
0.443060	124.00
0.443080	124.00
0.443100	124.00
0.443120	125.00
0.443140	125.00
0.443160	125.00
0.443180	125.00
0.443200	125.00
0.443220	124.00
0.443240	124.00
0.443260	124.00
0.443280	124.00
0.443300	124.00
0.443320	125.00
0.443340	125.00
0.443360	125.00
0.443380	126.00
0.443400	125.00
0.443420	125.00
0.443440	125.00
0.443460	125.00
0.443480	125.00
0.443500	125.00
0.443520	125.00
0.443540	125.00
0.443560	124.00
0.443580	124.00
0.443600	124.00
0.443620	124.00
0.443640	124.00
0.443660	124.00
0.443680	124.00
0.443700	125.00
0.443720	125.00
0.443740	125.00
0.443760	125.00
0.443780	124.00
0.443800	124.00
0.443820	125.00
0.443840	125.00
0.443860	125.00
0.443880	124.00
0.443900	124.00
0.443920	124.00
0.443940	124.00
0.443960	125.00
0.443980	125.00
0.444000	125.00
0.444020	125.00
0.444040	125.00
0.444060	125.00
0.444080	125.00
0.444100	125.00
0.444120	124.00
0.444140	124.00
0.444160	124.00
0.444180	124.00
0.444200	124.00
0.444220	124.00
0.444240	124.00
0.444260	125.00
0.444280	125.00
0.444300	125.00
0.444320	125.00
0.444340	125.00
0.444360	125.00
0.444380	125.00
0.444400	125.00
0.444420	124.00
0.444440	124.00
0.444460	124.00
0.444480	124.00
0.444500	124.00
0.444520	124.00
0.444540	124.00
0.444560	124.00
0.444580	124.00
0.444600	124.00
0.444620	124.00
0.444640	124.00
0.444660	124.00
0.444680	125.00
0.444700	125.00
0.444720	126.00
0.444740	126.00
0.444760	126.00
0.444780	126.00
0.444800	126.00
0.444820	125.00
0.444840	125.00
0.444860	125.00
0.444880	125.00
0.444900	125.00
0.444920	125.00
0.444940	125.00
0.444960	125.00
0.444980	124.00
0.445000	124.00
0.445020	124.00
0.445040	124.00
0.445060	124.00
0.445080	125.00
0.445100	125.00
0.445120	125.00
0.445140	124.00
0.445160	125.00
0.445180	125.00
0.445200	126.00
0.445220	126.00
0.445240	126.00
0.445260	127.00
0.445280	127.00
0.445300	127.00
0.445320	127.00
0.445340	126.00
0.445360	125.00
0.445380	124.00
0.445400	124.00
0.445420	123.00
0.445440	122.00
0.445460	122.00
0.445480	121.00
0.445500	121.00
0.445520	121.00
0.445540	122.00
0.445560	124.00
0.445580	125.00
0.445600	126.00
0.445620	127.00
0.445640	128.00
0.445660	129.00
0.445680	129.00
0.445700	129.00
0.445720	129.00
0.445740	128.00
0.445760	127.00
0.445780	126.00
0.445800	125.00
0.445820	124.00
0.445840	123.00
0.445860	122.00
0.445880	121.00
0.445900	121.00
0.445920	121.00
0.445940	121.00
0.445960	122.00
0.445980	122.00
0.446000	123.00
0.446020	124.00
0.446040	125.00
0.446060	126.00
0.446080	127.00
0.446100	128.00
0.446120	128.00
0.446140	129.00
0.446160	129.00
0.446180	128.00
0.446200	127.00
0.446220	126.00
0.446240	125.00
0.446260	125.00
0.446280	124.00
0.446300	123.00
0.446320	122.00
0.446340	122.00
0.446360	122.00
0.446380	122.00
0.446400	122.00
0.446420	123.00
0.446440	123.00
0.446460	124.00
0.446480	125.00
0.446500	126.00
0.446520	127.00
0.446540	127.00
0.446560	127.00
0.446580	127.00
0.446600	127.00
0.446620	127.00
0.446640	127.00
0.446660	126.00
0.446680	125.00
0.446700	124.00
0.446720	124.00
0.446740	123.00
0.446760	122.00
0.446780	122.00
0.446800	122.00
0.446820	123.00
0.446840	123.00
0.446860	123.00
0.446880	123.00
0.446900	124.00
0.446920	124.00
0.446940	125.00
0.446960	126.00
0.446980	126.00
0.447000	126.00
0.447020	126.00
0.447040	126.00
0.447060	126.00
0.447080	126.00
0.447100	125.00
0.447120	124.00
0.447140	124.00
0.447160	124.00
0.447180	124.00
0.447200	124.00
0.447220	124.00
0.447240	124.00
0.447260	124.00
0.447280	123.00
0.447300	123.00
0.447320	123.00
0.447340	124.00
0.447360	124.00
0.447380	125.00
0.447400	125.00
0.447420	125.00
0.447440	125.00
0.447460	125.00
0.447480	125.00
0.447500	125.00
0.447520	125.00
0.447540	125.00
0.447560	125.00
0.447580	125.00
0.447600	125.00
0.447620	124.00
0.447640	124.00
0.447660	124.00
0.447680	124.00
0.447700	124.00
0.447720	124.00
0.447740	124.00
0.447760	124.00
0.447780	124.00
0.447800	125.00
0.447820	125.00
0.447840	125.00
0.447860	125.00
0.447880	125.00
0.447900	125.00
0.447920	125.00
0.447940	125.00
0.447960	124.00
0.447980	124.00
0.448000	125.00
0.448020	125.00
0.448040	125.00
0.448060	124.00
0.448080	124.00
0.448100	124.00
0.448120	124.00
0.448140	124.00
0.448160	125.00
0.448180	125.00
0.448200	125.00
0.448220	124.00
0.448240	124.00
0.448260	124.00
0.448280	124.00
0.448300	124.00
0.448320	125.00
0.448340	125.00
0.448360	125.00
0.448380	124.00
0.448400	124.00
0.448420	125.00
0.448440	125.00
0.448460	125.00
0.448480	125.00
0.448500	125.00
0.448520	125.00
0.448540	125.00
0.448560	125.00
0.448580	124.00
0.448600	125.00
0.448620	125.00
0.448640	125.00
0.448660	125.00
0.448680	124.00
0.448700	124.00
0.448720	124.00
0.448740	124.00
0.448760	124.00
0.448780	124.00
0.448800	124.00
0.448820	124.00
0.448840	124.00
0.448860	125.00
0.448880	125.00
0.448900	125.00
0.448920	125.00
0.448940	124.00
0.448960	125.00
0.448980	125.00
0.449000	125.00
0.449020	124.00
0.449040	124.00
0.449060	124.00
0.449080	124.00
0.449100	124.00
0.449120	123.00
0.449140	123.00
0.449160	123.00
0.449180	124.00
0.449200	125.00
0.449220	125.00
0.449240	125.00
0.449260	125.00
0.449280	125.00
0.449300	125.00
0.449320	125.00
0.449340	126.00
0.449360	126.00
0.449380	126.00
0.449400	126.00
0.449420	125.00
0.449440	124.00
0.449460	124.00
0.449480	124.00
0.449500	123.00
0.449520	123.00
0.449540	123.00
0.449560	123.00
0.449580	124.00
0.449600	124.00
0.449620	125.00
0.449640	125.00
0.449660	125.00
0.449680	126.00
0.449700	126.00
0.449720	126.00
0.449740	126.00
0.449760	126.00
0.449780	126.00
0.449800	125.00
0.449820	125.00
0.449840	125.00
0.449860	125.00
0.449880	126.00
0.449900	126.00
0.449920	125.00
0.449940	124.00
0.449960	124.00
0.449980	125.00
