0.380000	101.00
0.380020	49.00
0.380040	101.00
0.380060	140.00
0.380080	143.00
0.380100	125.00
0.380120	112.00
0.380140	118.00
0.380160	131.00
0.380180	134.00
0.380200	126.00
0.380220	119.00
0.380240	122.00
0.380260	129.00
0.380280	130.00
0.380300	125.00
0.380320	120.00
0.380340	122.00
0.380360	128.00
0.380380	129.00
0.380400	125.00
0.380420	121.00
0.380440	123.00
0.380460	127.00
0.380480	128.00
0.380500	125.00
0.380520	122.00
0.380540	123.00
0.380560	127.00
0.380580	128.00
0.380600	125.00
0.380620	123.00
0.380640	124.00
0.380660	126.00
0.380680	127.00
0.380700	125.00
0.380720	123.00
0.380740	124.00
0.380760	126.00
0.380780	126.00
0.380800	124.00
0.380820	123.00
0.380840	125.00
0.380860	127.00
0.380880	128.00
0.380900	125.00
0.380920	123.00
0.380940	123.00
0.380960	125.00
0.380980	126.00
0.381000	124.00
0.381020	123.00
0.381040	124.00
0.381060	125.00
0.381080	126.00
0.381100	124.00
0.381120	123.00
0.381140	124.00
0.381160	126.00
0.381180	127.00
0.381200	126.00
0.381220	125.00
0.381240	125.00
0.381260	126.00
0.381280	126.00
0.381300	125.00
0.381320	124.00
0.381340	126.00
0.381360	127.00
0.381380	128.00
0.381400	126.00
0.381420	125.00
0.381440	125.00
0.381460	127.00
0.381480	127.00
0.381500	126.00
0.381520	124.00
0.381540	125.00
0.381560	126.00
0.381580	126.00
0.381600	124.00
0.381620	123.00
0.381640	124.00
0.381660	126.00
0.381680	126.00
0.381700	125.00
0.381720	124.00
0.381740	124.00
0.381760	126.00
0.381780	126.00
0.381800	125.00
0.381820	124.00
0.381840	124.00
0.381860	125.00
0.381880	126.00
0.381900	125.00
0.381920	124.00
0.381940	125.00
0.381960	126.00
0.381980	127.00
0.382000	126.00
0.382020	125.00
0.382040	126.00
0.382060	127.00
0.382080	127.00
0.382100	126.00
0.382120	124.00
0.382140	124.00
0.382160	125.00
0.382180	125.00
0.382200	125.00
0.382220	124.00
0.382240	124.00
0.382260	125.00
0.382280	125.00
0.382300	125.00
0.382320	125.00
0.382340	125.00
0.382360	126.00
0.382380	126.00
0.382400	126.00
0.382420	125.00
0.382440	126.00
0.382460	127.00
0.382480	128.00
0.382500	127.00
0.382520	126.00
0.382540	126.00
0.382560	126.00
0.382580	126.00
0.382600	125.00
0.382620	124.00
0.382640	125.00
0.382660	125.00
0.382680	125.00
0.382700	124.00
0.382720	123.00
0.382740	124.00
0.382760	125.00
0.382780	126.00
0.382800	126.00
0.382820	126.00
0.382840	126.00
0.382860	126.00
0.382880	126.00
0.382900	125.00
0.382920	124.00
0.382940	124.00
0.382960	125.00
0.382980	125.00
0.383000	124.00
0.383020	123.00
0.383040	124.00
0.383060	125.00
0.383080	125.00
0.383100	125.00
0.383120	125.00
0.383140	125.00
0.383160	125.00
0.383180	126.00
0.383200	126.00
0.383220	125.00
0.383240	125.00
0.383260	125.00
0.383280	125.00
0.383300	124.00
0.383320	124.00
0.383340	124.00
0.383360	125.00
0.383380	126.00
0.383400	125.00
0.383420	125.00
0.383440	125.00
0.383460	125.00
0.383480	126.00
0.383500	125.00
0.383520	124.00
0.383540	124.00
0.383560	124.00
0.383580	125.00
0.383600	125.00
0.383620	125.00
0.383640	124.00
0.383660	125.00
0.383680	125.00
0.383700	125.00
0.383720	125.00
0.383740	125.00
0.383760	125.00
0.383780	125.00
0.383800	124.00
0.383820	123.00
0.383840	124.00
0.383860	125.00
0.383880	125.00
0.383900	125.00
0.383920	125.00
0.383940	125.00
0.383960	125.00
0.383980	126.00
0.384000	125.00
0.384020	125.00
0.384040	124.00
0.384060	124.00
0.384080	124.00
0.384100	124.00
0.384120	124.00
0.384140	124.00
0.384160	125.00
0.384180	125.00
0.384200	125.00
0.384220	125.00
0.384240	125.00
0.384260	125.00
0.384280	125.00
0.384300	125.00
0.384320	124.00
0.384340	124.00
0.384360	125.00
0.384380	125.00
0.384400	124.00
0.384420	124.00
0.384440	124.00
0.384460	125.00
0.384480	125.00
0.384500	125.00
0.384520	125.00
0.384540	126.00
0.384560	126.00
0.384580	126.00
0.384600	126.00
0.384620	125.00
0.384640	125.00
0.384660	125.00
0.384680	125.00
0.384700	124.00
0.384720	124.00
0.384740	124.00
0.384760	124.00
0.384780	125.00
0.384800	125.00
0.384820	125.00
0.384840	125.00
0.384860	126.00
0.384880	126.00
0.384900	126.00
0.384920	125.00
0.384940	125.00
0.384960	126.00
0.384980	126.00
0.385000	126.00
0.385020	126.00
0.385040	126.00
0.385060	126.00
0.385080	125.00
0.385100	124.00
0.385120	123.00
0.385140	123.00
0.385160	124.00
0.385180	124.00
0.385200	125.00
0.385220	125.00
0.385240	125.00
0.385260	125.00
0.385280	125.00
0.385300	125.00
0.385320	124.00
0.385340	125.00
0.385360	125.00
0.385380	126.00
0.385400	125.00
0.385420	125.00
0.385440	125.00
0.385460	125.00
0.385480	126.00
0.385500	125.00
0.385520	124.00
0.385540	123.00
0.385560	124.00
0.385580	125.00
0.385600	125.00
0.385620	126.00
0.385640	126.00
0.385660	126.00
0.385680	126.00
0.385700	125.00
0.385720	125.00
0.385740	125.00
0.385760	125.00
0.385780	125.00
0.385800	125.00
0.385820	125.00
0.385840	125.00
0.385860	125.00
0.385880	126.00
0.385900	126.00
0.385920	126.00
0.385940	126.00
0.385960	126.00
0.385980	126.00
0.386000	125.00
0.386020	124.00
0.386040	124.00
0.386060	124.00
0.386080	125.00
0.386100	125.00
0.386120	125.00
0.386140	125.00
0.386160	124.00
0.386180	124.00
0.386200	124.00
0.386220	125.00
0.386240	125.00
0.386260	126.00
0.386280	125.00
0.386300	125.00
0.386320	124.00
0.386340	124.00
0.386360	125.00
0.386380	125.00
0.386400	125.00
0.386420	125.00
0.386440	125.00
0.386460	125.00
0.386480	125.00
0.386500	125.00
0.386520	124.00
0.386540	124.00
0.386560	124.00
0.386580	125.00
0.386600	125.00
0.386620	125.00
0.386640	126.00
0.386660	126.00
0.386680	125.00
0.386700	125.00
0.386720	125.00
0.386740	125.00
0.386760	126.00
0.386780	126.00
0.386800	126.00
0.386820	125.00
0.386840	125.00
0.386860	125.00
0.386880	125.00
0.386900	125.00
0.386920	126.00
0.386940	126.00
0.386960	126.00
0.386980	126.00
0.387000	125.00
0.387020	125.00
0.387040	125.00
0.387060	126.00
0.387080	127.00
0.387100	127.00
0.387120	126.00
0.387140	126.00
0.387160	125.00
0.387180	125.00
0.387200	124.00
0.387220	124.00
0.387240	124.00
0.387260	124.00
0.387280	123.00
0.387300	123.00
0.387320	124.00
0.387340	125.00
0.387360	125.00
0.387380	125.00
0.387400	125.00
0.387420	125.00
0.387440	125.00
0.387460	125.00
0.387480	125.00
0.387500	125.00
0.387520	125.00
0.387540	125.00
0.387560	125.00
0.387580	125.00
0.387600	125.00
0.387620	125.00
0.387640	125.00
0.387660	125.00
0.387680	125.00
0.387700	125.00
0.387720	125.00
0.387740	125.00
0.387760	125.00
0.387780	125.00
0.387800	125.00
0.387820	125.00
0.387840	125.00
0.387860	125.00
0.387880	125.00
0.387900	125.00
0.387920	124.00
0.387940	124.00
0.387960	124.00
0.387980	125.00
0.388000	125.00
0.388020	125.00
0.388040	125.00
0.388060	126.00
0.388080	126.00
0.388100	126.00
0.388120	125.00
0.388140	125.00
0.388160	125.00
0.388180	125.00
0.388200	125.00
0.388220	125.00
0.388240	125.00
0.388260	125.00
0.388280	124.00
0.388300	124.00
0.388320	125.00
0.388340	125.00
0.388360	126.00
0.388380	126.00
0.388400	126.00
0.388420	125.00
0.388440	124.00
0.388460	124.00
0.388480	124.00
0.388500	125.00
0.388520	125.00
0.388540	125.00
0.388560	126.00
0.388580	125.00
0.388600	125.00
0.388620	125.00
0.388640	125.00
0.388660	125.00
0.388680	125.00
0.388700	124.00
0.388720	124.00
0.388740	124.00
0.388760	125.00
0.388780	125.00
0.388800	125.00
0.388820	125.00
0.388840	125.00
0.388860	125.00
0.388880	124.00
0.388900	124.00
0.388920	124.00
0.388940	125.00
0.388960	125.00
0.388980	125.00
0.389000	125.00
0.389020	125.00
0.389040	125.00
0.389060	126.00
0.389080	126.00
0.389100	125.00
0.389120	125.00
0.389140	125.00
0.389160	125.00
0.389180	125.00
0.389200	125.00
0.389220	125.00
0.389240	125.00
0.389260	125.00
0.389280	125.00
0.389300	125.00
0.389320	125.00
0.389340	125.00
0.389360	126.00
0.389380	126.00
0.389400	126.00
0.389420	125.00
0.389440	125.00
0.389460	125.00
0.389480	125.00
0.389500	125.00
0.389520	125.00
0.389540	126.00
0.389560	127.00
0.389580	128.00
0.389600	127.00
0.389620	126.00
0.389640	125.00
0.389660	125.00
0.389680	125.00
0.389700	125.00
0.389720	125.00
0.389740	125.00
0.389760	125.00
0.389780	125.00
0.389800	125.00
0.389820	125.00
0.389840	125.00
0.389860	125.00
0.389880	125.00
0.389900	125.00
0.389920	125.00
0.389940	125.00
0.389960	125.00
0.389980	125.00
0.390000	125.00
0.390020	125.00
0.390040	125.00
0.390060	126.00
0.390080	126.00
0.390100	125.00
0.390120	125.00
0.390140	125.00
0.390160	125.00
0.390180	125.00
0.390200	125.00
0.390220	124.00
0.390240	124.00
0.390260	125.00
0.390280	125.00
0.390300	125.00
0.390320	125.00
0.390340	125.00
0.390360	125.00
0.390380	125.00
0.390400	125.00
0.390420	125.00
0.390440	125.00
0.390460	125.00
0.390480	125.00
0.390500	124.00
0.390520	124.00
0.390540	124.00
0.390560	125.00
0.390580	125.00
0.390600	126.00
0.390620	125.00
0.390640	125.00
0.390660	124.00
0.390680	124.00
0.390700	124.00
0.390720	124.00
0.390740	124.00
0.390760	125.00
0.390780	125.00
0.390800	125.00
0.390820	125.00
0.390840	125.00
0.390860	125.00
0.390880	125.00
0.390900	125.00
0.390920	125.00
0.390940	124.00
0.390960	124.00
0.390980	124.00
0.391000	125.00
0.391020	126.00
0.391040	126.00
0.391060	126.00
0.391080	126.00
0.391100	125.00
0.391120	125.00
0.391140	125.00
0.391160	125.00
0.391180	125.00
0.391200	126.00
0.391220	125.00
0.391240	125.00
0.391260	124.00
0.391280	124.00
0.391300	125.00
0.391320	125.00
0.391340	125.00
0.391360	125.00
0.391380	125.00
0.391400	125.00
0.391420	126.00
0.391440	126.00
0.391460	126.00
0.391480	125.00
0.391500	124.00
0.391520	124.00
0.391540	124.00
0.391560	124.00
0.391580	124.00
0.391600	124.00
0.391620	124.00
0.391640	124.00
0.391660	125.00
0.391680	125.00
0.391700	125.00
0.391720	125.00
0.391740	126.00
0.391760	126.00
0.391780	126.00
0.391800	126.00
0.391820	126.00
0.391840	126.00
0.391860	126.00
0.391880	126.00
0.391900	125.00
0.391920	125.00
0.391940	125.00
0.391960	125.00
0.391980	125.00
0.392000	125.00
0.392020	125.00
0.392040	125.00
0.392060	125.00
0.392080	125.00
0.392100	125.00
0.392120	125.00
0.392140	125.00
0.392160	125.00
0.392180	126.00
0.392200	125.00
0.392220	125.00
0.392240	125.00
0.392260	125.00
0.392280	125.00
0.392300	125.00
0.392320	125.00
0.392340	124.00
0.392360	125.00
0.392380	125.00
0.392400	126.00
0.392420	126.00
0.392440	126.00
0.392460	125.00
0.392480	125.00
0.392500	125.00
0.392520	125.00
0.392540	125.00
0.392560	125.00
0.392580	125.00
0.392600	125.00
0.392620	125.00
0.392640	125.00
0.392660	125.00
0.392680	125.00
0.392700	125.00
0.392720	125.00
0.392740	125.00
0.392760	125.00
0.392780	125.00
0.392800	125.00
0.392820	125.00
0.392840	125.00
0.392860	125.00
0.392880	125.00
0.392900	125.00
0.392920	125.00
0.392940	125.00
0.392960	125.00
0.392980	125.00
0.393000	125.00
0.393020	125.00
0.393040	125.00
0.393060	125.00
0.393080	125.00
0.393100	125.00
0.393120	125.00
0.393140	125.00
0.393160	125.00
0.393180	125.00
0.393200	124.00
0.393220	125.00
0.393240	125.00
0.393260	125.00
0.393280	125.00
0.393300	125.00
0.393320	124.00
0.393340	125.00
0.393360	125.00
0.393380	125.00
0.393400	125.00
0.393420	125.00
0.393440	125.00
0.393460	125.00
0.393480	125.00
0.393500	126.00
0.393520	126.00
0.393540	126.00
0.393560	126.00
0.393580	125.00
0.393600	125.00
0.393620	125.00
0.393640	124.00
0.393660	125.00
0.393680	125.00
0.393700	125.00
0.393720	125.00
0.393740	125.00
0.393760	125.00
0.393780	125.00
0.393800	126.00
0.393820	126.00
0.393840	126.00
0.393860	126.00
0.393880	125.00
0.393900	125.00
0.393920	125.00
0.393940	125.00
0.393960	125.00
0.393980	125.00
0.394000	125.00
0.394020	125.00
0.394040	126.00
0.394060	126.00
0.394080	126.00
0.394100	125.00
0.394120	125.00
0.394140	125.00
0.394160	125.00
0.394180	125.00
0.394200	125.00
0.394220	125.00
0.394240	125.00
0.394260	125.00
0.394280	125.00
0.394300	125.00
0.394320	125.00
0.394340	125.00
0.394360	125.00
0.394380	126.00
0.394400	126.00
0.394420	125.00
0.394440	125.00
0.394460	125.00
0.394480	124.00
0.394500	124.00
0.394520	124.00
0.394540	125.00
0.394560	125.00
0.394580	124.00
0.394600	124.00
0.394620	125.00
0.394640	125.00
0.394660	125.00
0.394680	125.00
0.394700	125.00
0.394720	125.00
0.394740	125.00
0.394760	125.00
0.394780	125.00
0.394800	125.00
0.394820	125.00
0.394840	125.00
0.394860	125.00
0.394880	125.00
0.394900	125.00
0.394920	125.00
0.394940	125.00
0.394960	125.00
0.394980	124.00
0.395000	124.00
0.395020	124.00
0.395040	125.00
0.395060	125.00
0.395080	125.00
0.395100	125.00
0.395120	125.00
0.395140	125.00
0.395160	125.00
0.395180	126.00
0.395200	126.00
0.395220	126.00
0.395240	126.00
0.395260	126.00
0.395280	126.00
0.395300	125.00
0.395320	125.00
0.395340	125.00
0.395360	125.00
0.395380	125.00
0.395400	124.00
0.395420	124.00
0.395440	124.00
0.395460	124.00
0.395480	124.00
0.395500	124.00
0.395520	124.00
0.395540	124.00
0.395560	125.00
0.395580	125.00
0.395600	126.00
0.395620	125.00
0.395640	125.00
0.395660	125.00
0.395680	124.00
0.395700	124.00
0.395720	125.00
0.395740	125.00
0.395760	126.00
0.395780	126.00
0.395800	125.00
0.395820	125.00
0.395840	125.00
0.395860	125.00
0.395880	126.00
0.395900	125.00
0.395920	125.00
0.395940	125.00
0.395960	125.00
0.395980	125.00
0.396000	125.00
0.396020	125.00
0.396040	124.00
0.396060	124.00
0.396080	124.00
0.396100	124.00
0.396120	124.00
0.396140	124.00
0.396160	124.00
0.396180	124.00
0.396200	125.00
0.396220	125.00
0.396240	125.00
0.396260	125.00
0.396280	125.00
0.396300	125.00
0.396320	125.00
0.396340	125.00
0.396360	125.00
0.396380	126.00
0.396400	126.00
0.396420	126.00
0.396440	126.00
0.396460	126.00
0.396480	126.00
0.396500	125.00
0.396520	125.00
0.396540	125.00
0.396560	125.00
0.396580	124.00
0.396600	124.00
0.396620	123.00
0.396640	123.00
0.396660	123.00
0.396680	124.00
0.396700	125.00
0.396720	125.00
0.396740	126.00
0.396760	126.00
0.396780	127.00
0.396800	127.00
0.396820	128.00
0.396840	128.00
0.396860	128.00
0.396880	127.00
0.396900	127.00
0.396920	126.00
0.396940	126.00
0.396960	125.00
0.396980	124.00
0.397000	122.00
0.397020	121.00
0.397040	119.00
0.397060	118.00
0.397080	117.00
0.397100	117.00
0.397120	117.00
0.397140	118.00
0.397160	119.00
0.397180	121.00
0.397200	122.00
0.397220	125.00
0.397240	129.00
0.397260	133.00
0.397280	137.00
0.397300	141.00
0.397320	143.00
0.397340	143.00
0.397360	142.00
0.397380	140.00
0.397400	136.00
0.397420	130.00
0.397440	125.00
0.397460	119.00
0.397480	113.00
0.397500	106.00
0.397520	100.00
0.397540	95.00
0.397560	92.00
0.397580	92.00
0.397600	95.00
0.397620	100.00
0.397640	108.00
0.397660	117.00
0.397680	127.00
0.397700	138.00
0.397720	149.00
0.397740	161.00
0.397760	170.00
0.397780	176.00
0.397800	179.00
0.397820	177.00
0.397840	173.00
0.397860	164.00
0.397880	152.00
0.397900	137.00
0.397920	119.00
0.397940	101.00
0.397960	83.00
0.397980	68.00
0.398000	56.00
0.398020	48.00
0.398040	46.00
0.398060	51.00
0.398080	61.00
0.398100	76.00
0.398120	96.00
0.398140	117.00
0.398160	140.00
0.398180	162.00
0.398200	180.00
0.398220	194.00
0.398240	202.00
0.398260	205.00
0.398280	202.00
0.398300	193.00
0.398320	180.00
0.398340	162.00
0.398360	141.00
0.398380	119.00
0.398400	97.00
0.398420	77.00
0.398440	61.00
0.398460	51.00
0.398480	47.00
0.398500	49.00
0.398520	57.00
0.398540	69.00
0.398560	85.00
0.398580	103.00
0.398600	123.00
0.398620	142.00
0.398640	159.00
0.398660	173.00
0.398680	181.00
0.398700	184.00
0.398720	182.00
0.398740	176.00
0.398760	167.00
0.398780	154.00
0.398800	140.00
0.398820	125.00
0.398840	110.00
0.398860	99.00
0.398880	90.00
0.398900	85.00
0.398920	82.00
0.398940	83.00
0.398960	88.00
0.398980	95.00
0.399000	105.00
0.399020	116.00
0.399040	127.00
0.399060	137.00
0.399080	145.00
0.399100	151.00
0.399120	154.00
0.399140	154.00
0.399160	152.00
0.399180	148.00
0.399200	142.00
0.399220	135.00
0.399240	128.00
0.399260	121.00
0.399280	115.00
0.399300	111.00
0.399320	108.00
0.399340	105.00
0.399360	104.00
0.399380	105.00
0.399400	109.00
0.399420	114.00
0.399440	120.00
0.399460	125.00
0.399480	129.00
0.399500	133.00
0.399520	136.00
0.399540	138.00
0.399560	139.00
0.399580	139.00
0.399600	137.00
0.399620	134.00
0.399640	131.00
0.399660	128.00
0.399680	124.00
0.399700	121.00
0.399720	118.00
0.399740	116.00
0.399760	115.00
0.399780	115.00
0.399800	115.00
0.399820	116.00
0.399840	118.00
0.399860	121.00
0.399880	123.00
0.399900	125.00
0.399920	127.00
0.399940	129.00
0.399960	131.00
0.399980	132.00
0.400000	132.00
0.400020	131.00
0.400040	131.00
0.400060	130.00
0.400080	129.00
0.400100	128.00
0.400120	127.00
0.400140	125.00
0.400160	123.00
0.400180	122.00
0.400200	121.00
0.400220	121.00
0.400240	121.00
0.400260	121.00
0.400280	121.00
0.400300	122.00
0.400320	123.00
0.400340	123.00
0.400360	124.00
0.400380	124.00
0.400400	125.00
0.400420	125.00
0.400440	125.00
0.400460	126.00
0.400480	126.00
0.400500	126.00
0.400520	125.00
0.400540	125.00
0.400560	125.00
0.400580	125.00
0.400600	125.00
0.400620	125.00
0.400640	124.00
0.400660	124.00
0.400680	124.00
0.400700	124.00
0.400720	124.00
0.400740	124.00
0.400760	124.00
0.400780	124.00
0.400800	125.00
0.400820	126.00
0.400840	126.00
0.400860	127.00
0.400880	126.00
0.400900	126.00
0.400920	125.00
0.400940	125.00
0.400960	125.00
0.400980	125.00
0.401000	126.00
0.401020	126.00
0.401040	125.00
0.401060	124.00
0.401080	124.00
0.401100	124.00
0.401120	125.00
0.401140	126.00
0.401160	126.00
0.401180	126.00
0.401200	125.00
0.401220	125.00
0.401240	125.00
0.401260	125.00
0.401280	126.00
0.401300	126.00
0.401320	125.00
0.401340	125.00
0.401360	125.00
0.401380	125.00
0.401400	125.00
0.401420	124.00
0.401440	124.00
0.401460	124.00
0.401480	124.00
0.401500	124.00
0.401520	125.00
0.401540	125.00
0.401560	125.00
0.401580	125.00
0.401600	125.00
0.401620	126.00
0.401640	126.00
0.401660	126.00
0.401680	126.00
0.401700	126.00
0.401720	125.00
0.401740	125.00
0.401760	125.00
0.401780	125.00
0.401800	125.00
0.401820	125.00
0.401840	125.00
0.401860	125.00
0.401880	125.00
0.401900	125.00
0.401920	125.00
0.401940	125.00
0.401960	125.00
0.401980	125.00
0.402000	125.00
0.402020	125.00
0.402040	126.00
0.402060	126.00
0.402080	126.00
0.402100	127.00
0.402120	126.00
0.402140	126.00
0.402160	126.00
0.402180	125.00
0.402200	125.00
0.402220	126.00
0.402240	126.00
0.402260	126.00
0.402280	125.00
0.402300	125.00
0.402320	124.00
0.402340	125.00
0.402360	125.00
0.402380	125.00
0.402400	125.00
0.402420	124.00
0.402440	123.00
0.402460	123.00
0.402480	124.00
0.402500	125.00
0.402520	126.00
0.402540	126.00
0.402560	125.00
0.402580	125.00
0.402600	125.00
0.402620	125.00
0.402640	125.00
0.402660	124.00
0.402680	124.00
0.402700	124.00
0.402720	124.00
0.402740	124.00
0.402760	124.00
0.402780	124.00
0.402800	124.00
0.402820	124.00
0.402840	124.00
0.402860	124.00
0.402880	125.00
0.402900	125.00
0.402920	126.00
0.402940	126.00
0.402960	126.00
0.402980	125.00
0.403000	125.00
0.403020	125.00
0.403040	126.00
0.403060	126.00
0.403080	125.00
0.403100	125.00
0.403120	124.00
0.403140	124.00
0.403160	124.00
0.403180	124.00
0.403200	123.00
0.403220	123.00
0.403240	124.00
0.403260	125.00
0.403280	126.00
0.403300	127.00
0.403320	127.00
0.403340	127.00
0.403360	127.00
0.403380	128.00
0.403400	128.00
0.403420	127.00
0.403440	126.00
0.403460	124.00
0.403480	123.00
0.403500	122.00
0.403520	121.00
0.403540	120.00
0.403560	119.00
0.403580	119.00
0.403600	119.00
0.403620	119.00
0.403640	121.00
0.403660	122.00
0.403680	124.00
0.403700	127.00
0.403720	129.00
0.403740	131.00
0.403760	133.00
0.403780	134.00
0.403800	134.00
0.403820	135.00
0.403840	135.00
0.403860	134.00
0.403880	132.00
0.403900	129.00
0.403920	126.00
0.403940	122.00
0.403960	118.00
0.403980	114.00
0.404000	111.00
0.404020	108.00
0.404040	106.00
0.404060	106.00
0.404080	107.00
0.404100	109.00
0.404120	113.00
0.404140	119.00
0.404160	126.00
0.404180	133.00
0.404200	141.00
0.404220	147.00
0.404240	152.00
0.404260	154.00
0.404280	154.00
0.404300	151.00
0.404320	146.00
0.404340	139.00
0.404360	133.00
0.404380	125.00
0.404400	118.00
0.404420	111.00
0.404440	104.00
0.404460	98.00
0.404480	94.00
0.404500	93.00
0.404520	94.00
0.404540	97.00
0.404560	102.00
0.404580	107.00
0.404600	114.00
0.404620	122.00
0.404640	130.00
0.404660	139.00
0.404680	146.00
0.404700	153.00
0.404720	157.00
0.404740	160.00
0.404760	159.00
0.404780	155.00
0.404800	150.00
0.404820	143.00
0.404840	135.00
0.404860	127.00
0.404880	117.00
0.404900	107.00
0.404920	98.00
0.404940	92.00
0.404960	88.00
0.404980	87.00
0.405000	89.00
0.405020	94.00
0.405040	101.00
0.405060	110.00
0.405080	120.00
0.405100	129.00
0.405120	139.00
0.405140	148.00
0.405160	155.00
0.405180	160.00
0.405200	161.00
0.405220	159.00
0.405240	155.00
0.405260	149.00
0.405280	141.00
0.405300	132.00
0.405320	122.00
0.405340	113.00
0.405360	106.00
0.405380	100.00
0.405400	97.00
0.405420	96.00
0.405440	97.00
0.405460	100.00
0.405480	105.00
0.405500	111.00
0.405520	119.00
0.405540	127.00
0.405560	134.00
0.405580	139.00
0.405600	144.00
0.405620	146.00
0.405640	147.00
0.405660	146.00
0.405680	144.00
0.405700	139.00
0.405720	134.00
0.405740	129.00
0.405760	123.00
0.405780	119.00
0.405800	114.00
0.405820	111.00
0.405840	110.00
0.405860	109.00
0.405880	110.00
0.405900	112.00
0.405920	115.00
0.405940	118.00
0.405960	121.00
0.405980	125.00
0.406000	128.00
0.406020	131.00
0.406040	133.00
0.406060	135.00
0.406080	135.00
0.406100	135.00
0.406120	134.00
0.406140	132.00
0.406160	130.00
0.406180	127.00
0.406200	124.00
0.406220	122.00
0.406240	120.00
0.406260	119.00
0.406280	118.00
0.406300	118.00
0.406320	119.00
0.406340	119.00
0.406360	120.00
0.406380	122.00
0.406400	123.00
0.406420	124.00
0.406440	125.00
0.406460	126.00
0.406480	127.00
0.406500	128.00
0.406520	129.00
0.406540	129.00
0.406560	128.00
0.406580	127.00
0.406600	126.00
0.406620	125.00
0.406640	124.00
0.406660	124.00
0.406680	123.00
0.406700	123.00
0.406720	123.00
0.406740	123.00
0.406760	123.00
0.406780	123.00
0.406800	123.00
0.406820	124.00
0.406840	124.00
0.406860	125.00
0.406880	125.00
0.406900	125.00
0.406920	126.00
0.406940	126.00
0.406960	126.00
0.406980	126.00
0.407000	127.00
0.407020	127.00
0.407040	127.00
0.407060	127.00
0.407080	126.00
0.407100	126.00
0.407120	125.00
0.407140	125.00
0.407160	124.00
0.407180	124.00
0.407200	123.00
0.407220	123.00
0.407240	124.00
0.407260	124.00
0.407280	125.00
0.407300	125.00
0.407320	125.00
0.407340	125.00
0.407360	125.00
0.407380	125.00
0.407400	125.00
0.407420	125.00
0.407440	125.00
0.407460	126.00
0.407480	125.00
0.407500	125.00
0.407520	124.00
0.407540	124.00
0.407560	125.00
0.407580	125.00
0.407600	125.00
0.407620	124.00
0.407640	124.00
0.407660	123.00
0.407680	123.00
0.407700	124.00
0.407720	124.00
0.407740	125.00
0.407760	125.00
0.407780	126.00
0.407800	126.00
0.407820	126.00
0.407840	126.00
0.407860	126.00
0.407880	125.00
0.407900	125.00
0.407920	126.00
0.407940	126.00
0.407960	126.00
0.407980	125.00
0.408000	124.00
0.408020	124.00
0.408040	123.00
0.408060	123.00
0.408080	122.00
0.408100	123.00
0.408120	123.00
0.408140	124.00
0.408160	125.00
0.408180	126.00
0.408200	127.00
0.408220	128.00
0.408240	129.00
0.408260	129.00
0.408280	128.00
0.408300	127.00
0.408320	126.00
0.408340	126.00
0.408360	126.00
0.408380	125.00
0.408400	125.00
0.408420	124.00
0.408440	123.00
0.408460	123.00
0.408480	123.00
0.408500	123.00
0.408520	124.00
0.408540	124.00
0.408560	125.00
0.408580	126.00
0.408600	126.00
0.408620	127.00
0.408640	127.00
0.408660	127.00
0.408680	127.00
0.408700	127.00
0.408720	126.00
0.408740	126.00
0.408760	126.00
0.408780	126.00
0.408800	126.00
0.408820	125.00
0.408840	124.00
0.408860	124.00
0.408880	124.00
0.408900	124.00
0.408920	124.00
0.408940	124.00
0.408960	124.00
0.408980	124.00
0.409000	124.00
0.409020	125.00
0.409040	125.00
0.409060	125.00
0.409080	125.00
0.409100	126.00
0.409120	126.00
0.409140	127.00
0.409160	127.00
0.409180	127.00
0.409200	126.00
0.409220	126.00
0.409240	125.00
0.409260	124.00
0.409280	124.00
0.409300	124.00
0.409320	124.00
0.409340	124.00
0.409360	124.00
0.409380	123.00
0.409400	123.00
0.409420	124.00
0.409440	124.00
0.409460	125.00
0.409480	125.00
0.409500	125.00
0.409520	125.00
0.409540	126.00
0.409560	127.00
0.409580	128.00
0.409600	128.00
0.409620	127.00
0.409640	127.00
0.409660	126.00
0.409680	125.00
0.409700	123.00
0.409720	121.00
0.409740	120.00
0.409760	120.00
0.409780	121.00
0.409800	121.00
0.409820	121.00
0.409840	121.00
0.409860	122.00
0.409880	123.00
0.409900	124.00
0.409920	126.00
0.409940	128.00
0.409960	129.00
0.409980	131.00
0.410000	133.00
0.410020	134.00
0.410040	134.00
0.410060	133.00
0.410080	131.00
0.410100	128.00
0.410120	125.00
0.410140	123.00
0.410160	120.00
0.410180	118.00
0.410200	114.00
0.410220	111.00
0.410240	109.00
0.410260	109.00
0.410280	112.00
0.410300	115.00
0.410320	120.00
0.410340	124.00
0.410360	128.00
0.410380	132.00
0.410400	135.00
0.410420	139.00
0.410440	142.00
0.410460	144.00
0.410480	145.00
0.410500	143.00
0.410520	140.00
0.410540	135.00
0.410560	129.00
0.410580	123.00
0.410600	117.00
0.410620	112.00
0.410640	107.00
0.410660	103.00
0.410680	100.00
0.410700	99.00
0.410720	101.00
0.410740	105.00
0.410760	112.00
0.410780	120.00
0.410800	128.00
0.410820	136.00
0.410840	143.00
0.410860	148.00
0.410880	151.00
0.410900	152.00
0.410920	151.00
0.410940	148.00
0.410960	142.00
0.410980	135.00
0.411000	126.00
0.411020	117.00
0.411040	110.00
0.411060	104.00
0.411080	100.00
0.411100	98.00
0.411120	98.00
0.411140	101.00
0.411160	107.00
0.411180	114.00
0.411200	122.00
0.411220	130.00
0.411240	136.00
0.411260	141.00
0.411280	145.00
0.411300	147.00
0.411320	148.00
0.411340	146.00
0.411360	142.00
0.411380	137.00
0.411400	131.00
0.411420	124.00
0.411440	118.00
0.411460	113.00
0.411480	109.00
0.411500	107.00
0.411520	106.00
0.411540	107.00
0.411560	110.00
0.411580	114.00
0.411600	119.00
0.411620	124.00
0.411640	128.00
0.411660	133.00
0.411680	136.00
0.411700	138.00
0.411720	139.00
0.411740	139.00
0.411760	138.00
0.411780	135.00
0.411800	132.00
0.411820	129.00
0.411840	125.00
0.411860	122.00
0.411880	119.00
0.411900	117.00
0.411920	115.00
0.411940	114.00
0.411960	114.00
0.411980	116.00
0.412000	118.00
0.412020	121.00
0.412040	123.00
0.412060	125.00
0.412080	127.00
0.412100	129.00
0.412120	131.00
0.412140	132.00
0.412160	132.00
0.412180	131.00
0.412200	131.00
0.412220	130.00
0.412240	128.00
0.412260	126.00
0.412280	124.00
0.412300	123.00
0.412320	122.00
0.412340	121.00
0.412360	121.00
0.412380	121.00
0.412400	122.00
0.412420	123.00
0.412440	123.00
0.412460	123.00
0.412480	124.00
0.412500	125.00
0.412520	126.00
0.412540	127.00
0.412560	127.00
0.412580	127.00
0.412600	127.00
0.412620	127.00
0.412640	128.00
0.412660	127.00
0.412680	127.00
0.412700	125.00
0.412720	125.00
0.412740	124.00
0.412760	124.00
0.412780	123.00
0.412800	122.00
0.412820	122.00
0.412840	122.00
0.412860	123.00
0.412880	124.00
0.412900	124.00
0.412920	125.00
0.412940	125.00
0.412960	125.00
0.412980	124.00
0.413000	125.00
0.413020	126.00
0.413040	127.00
0.413060	128.00
0.413080	128.00
0.413100	128.00
0.413120	127.00
0.413140	126.00
0.413160	125.00
0.413180	125.00
0.413200	125.00
0.413220	125.00
0.413240	125.00
0.413260	125.00
0.413280	125.00
0.413300	125.00
0.413320	125.00
0.413340	125.00
0.413360	125.00
0.413380	124.00
0.413400	124.00
0.413420	125.00
0.413440	125.00
0.413460	125.00
0.413480	125.00
0.413500	124.00
0.413520	124.00
0.413540	124.00
0.413560	124.00
0.413580	125.00
0.413600	125.00
0.413620	125.00
0.413640	125.00
0.413660	126.00
0.413680	126.00
0.413700	126.00
0.413720	125.00
0.413740	125.00
0.413760	126.00
0.413780	126.00
0.413800	127.00
0.413820	127.00
0.413840	126.00
0.413860	125.00
0.413880	124.00
0.413900	123.00
0.413920	123.00
0.413940	123.00
0.413960	123.00
0.413980	123.00
0.414000	123.00
0.414020	124.00
0.414040	124.00
0.414060	125.00
0.414080	125.00
0.414100	126.00
0.414120	127.00
0.414140	127.00
0.414160	128.00
0.414180	128.00
0.414200	128.00
0.414220	127.00
0.414240	127.00
0.414260	126.00
0.414280	125.00
0.414300	124.00
0.414320	123.00
0.414340	123.00
0.414360	123.00
0.414380	123.00
0.414400	122.00
0.414420	122.00
0.414440	122.00
0.414460	123.00
0.414480	125.00
0.414500	126.00
0.414520	127.00
0.414540	127.00
0.414560	127.00
0.414580	127.00
0.414600	127.00
0.414620	127.00
0.414640	127.00
0.414660	127.00
0.414680	127.00
0.414700	126.00
0.414720	125.00
0.414740	124.00
0.414760	123.00
0.414780	123.00
0.414800	123.00
0.414820	123.00
0.414840	123.00
0.414860	123.00
0.414880	123.00
0.414900	124.00
0.414920	125.00
0.414940	126.00
0.414960	127.00
0.414980	127.00
0.415000	127.00
0.415020	127.00
0.415040	128.00
0.415060	128.00
0.415080	127.00
0.415100	126.00
0.415120	124.00
0.415140	123.00
0.415160	123.00
0.415180	123.00
0.415200	123.00
0.415220	124.00
0.415240	125.00
0.415260	125.00
0.415280	125.00
0.415300	125.00
0.415320	125.00
0.415340	125.00
0.415360	125.00
0.415380	125.00
0.415400	125.00
0.415420	125.00
0.415440	124.00
0.415460	124.00
0.415480	124.00
0.415500	125.00
0.415520	125.00
0.415540	124.00
0.415560	124.00
0.415580	125.00
0.415600	125.00
0.415620	125.00
0.415640	125.00
0.415660	124.00
0.415680	124.00
0.415700	125.00
0.415720	126.00
0.415740	127.00
0.415760	127.00
0.415780	127.00
0.415800	126.00
0.415820	126.00
0.415840	126.00
0.415860	126.00
0.415880	126.00
0.415900	125.00
0.415920	124.00
0.415940	123.00
0.415960	122.00
0.415980	122.00
0.416000	122.00
0.416020	122.00
0.416040	122.00
0.416060	122.00
0.416080	122.00
0.416100	123.00
0.416120	125.00
0.416140	126.00
0.416160	127.00
0.416180	128.00
0.416200	128.00
0.416220	128.00
0.416240	128.00
0.416260	129.00
0.416280	129.00
0.416300	128.00
0.416320	126.00
0.416340	124.00
0.416360	122.00
0.416380	120.00
0.416400	119.00
0.416420	119.00
0.416440	119.00
0.416460	119.00
0.416480	119.00
0.416500	119.00
0.416520	120.00
0.416540	121.00
0.416560	123.00
0.416580	126.00
0.416600	129.00
0.416620	132.00
0.416640	135.00
0.416660	136.00
0.416680	137.00
0.416700	136.00
0.416720	134.00
0.416740	132.00
0.416760	129.00
0.416780	126.00
0.416800	123.00
0.416820	119.00
0.416840	115.00
0.416860	113.00
0.416880	113.00
0.416900	115.00
0.416920	117.00
0.416940	119.00
0.416960	121.00
0.416980	124.00
0.417000	127.00
0.417020	130.00
0.417040	133.00
0.417060	134.00
0.417080	134.00
0.417100	133.00
0.417120	132.00
0.417140	130.00
0.417160	127.00
0.417180	125.00
0.417200	123.00
0.417220	121.00
0.417240	120.00
0.417260	120.00
0.417280	120.00
0.417300	121.00
0.417320	122.00
0.417340	124.00
0.417360	126.00
0.417380	128.00
0.417400	129.00
0.417420	130.00
0.417440	130.00
0.417460	129.00
0.417480	128.00
0.417500	127.00
0.417520	125.00
0.417540	123.00
0.417560	121.00
0.417580	120.00
0.417600	120.00
0.417620	120.00
0.417640	121.00
0.417660	122.00
0.417680	122.00
0.417700	124.00
0.417720	126.00
0.417740	128.00
0.417760	129.00
0.417780	129.00
0.417800	129.00
0.417820	129.00
0.417840	129.00
0.417860	129.00
0.417880	127.00
0.417900	125.00
0.417920	123.00
0.417940	122.00
0.417960	121.00
0.417980	120.00
0.418000	119.00
0.418020	119.00
0.418040	120.00
0.418060	121.00
0.418080	122.00
0.418100	123.00
0.418120	125.00
0.418140	126.00
0.418160	128.00
0.418180	129.00
0.418200	129.00
0.418220	129.00
0.418240	129.00
0.418260	128.00
0.418280	127.00
0.418300	126.00
0.418320	125.00
0.418340	124.00
0.418360	123.00
0.418380	123.00
0.418400	122.00
0.418420	122.00
0.418440	121.00
0.418460	122.00
0.418480	122.00
0.418500	123.00
0.418520	124.00
0.418540	124.00
0.418560	125.00
0.418580	125.00
0.418600	126.00
0.418620	127.00
0.418640	127.00
0.418660	127.00
0.418680	127.00
0.418700	126.00
0.418720	126.00
0.418740	126.00
0.418760	125.00
0.418780	124.00
0.418800	124.00
0.418820	124.00
0.418840	124.00
0.418860	124.00
0.418880	123.00
0.418900	123.00
0.418920	123.00
0.418940	124.00
0.418960	124.00
0.418980	124.00
0.419000	124.00
0.419020	125.00
0.419040	126.00
0.419060	126.00
0.419080	127.00
0.419100	126.00
0.419120	126.00
0.419140	126.00
0.419160	126.00
0.419180	126.00
0.419200	126.00
0.419220	125.00
0.419240	124.00
0.419260	124.00
0.419280	124.00
0.419300	124.00
0.419320	125.00
0.419340	125.00
0.419360	125.00
0.419380	125.00
0.419400	125.00
0.419420	125.00
0.419440	125.00
0.419460	125.00
0.419480	125.00
0.419500	126.00
0.419520	126.00
0.419540	125.00
0.419560	125.00
0.419580	124.00
0.419600	124.00
0.419620	124.00
0.419640	123.00
0.419660	123.00
0.419680	123.00
0.419700	124.00
0.419720	125.00
0.419740	126.00
0.419760	126.00
0.419780	126.00
0.419800	125.00
0.419820	125.00
0.419840	125.00
0.419860	125.00
0.419880	126.00
0.419900	126.00
0.419920	126.00
0.419940	126.00
0.419960	126.00
0.419980	126.00
