0.380000	101.00
0.380020	49.00
0.380040	102.00
0.380060	141.00
0.380080	144.00
0.380100	124.00
0.380120	112.00
0.380140	118.00
0.380160	130.00
0.380180	133.00
0.380200	124.00
0.380220	117.00
0.380240	120.00
0.380260	128.00
0.380280	130.00
0.380300	125.00
0.380320	120.00
0.380340	122.00
0.380360	128.00
0.380380	129.00
0.380400	125.00
0.380420	121.00
0.380440	123.00
0.380460	127.00
0.380480	128.00
0.380500	125.00
0.380520	122.00
0.380540	123.00
0.380560	126.00
0.380580	127.00
0.380600	125.00
0.380620	123.00
0.380640	124.00
0.380660	127.00
0.380680	127.00
0.380700	125.00
0.380720	123.00
0.380740	124.00
0.380760	126.00
0.380780	127.00
0.380800	125.00
0.380820	122.00
0.380840	123.00
0.380860	126.00
0.380880	126.00
0.380900	125.00
0.380920	123.00
0.380940	123.00
0.380960	126.00
0.380980	127.00
0.381000	126.00
0.381020	124.00
0.381040	124.00
0.381060	125.00
0.381080	126.00
0.381100	125.00
0.381120	124.00
0.381140	124.00
0.381160	126.00
0.381180	126.00
0.381200	125.00
0.381220	124.00
0.381240	125.00
0.381260	126.00
0.381280	126.00
0.381300	125.00
0.381320	124.00
0.381340	124.00
0.381360	126.00
0.381380	126.00
0.381400	125.00
0.381420	123.00
0.381440	124.00
0.381460	125.00
0.381480	126.00
0.381500	126.00
0.381520	125.00
0.381540	125.00
0.381560	126.00
0.381580	126.00
0.381600	125.00
0.381620	124.00
0.381640	125.00
0.381660	126.00
0.381680	127.00
0.381700	125.00
0.381720	124.00
0.381740	124.00
0.381760	125.00
0.381780	126.00
0.381800	125.00
0.381820	124.00
0.381840	124.00
0.381860	125.00
0.381880	126.00
0.381900	125.00
0.381920	124.00
0.381940	124.00
0.381960	125.00
0.381980	126.00
0.382000	125.00
0.382020	125.00
0.382040	125.00
0.382060	126.00
0.382080	126.00
0.382100	125.00
0.382120	125.00
0.382140	125.00
0.382160	125.00
0.382180	126.00
0.382200	125.00
0.382220	125.00
0.382240	125.00
0.382260	125.00
0.382280	126.00
0.382300	125.00
0.382320	125.00
0.382340	125.00
0.382360	126.00
0.382380	126.00
0.382400	126.00
0.382420	125.00
0.382440	125.00
0.382460	126.00
0.382480	126.00
0.382500	126.00
0.382520	125.00
0.382540	125.00
0.382560	125.00
0.382580	125.00
0.382600	124.00
0.382620	124.00
0.382640	124.00
0.382660	125.00
0.382680	125.00
0.382700	124.00
0.382720	123.00
0.382740	124.00
0.382760	125.00
0.382780	125.00
0.382800	125.00
0.382820	125.00
0.382840	125.00
0.382860	126.00
0.382880	125.00
0.382900	124.00
0.382920	123.00
0.382940	124.00
0.382960	125.00
0.382980	125.00
0.383000	124.00
0.383020	123.00
0.383040	123.00
0.383060	124.00
0.383080	125.00
0.383100	124.00
0.383120	124.00
0.383140	124.00
0.383160	125.00
0.383180	126.00
0.383200	125.00
0.383220	124.00
0.383240	124.00
0.383260	124.00
0.383280	125.00
0.383300	125.00
0.383320	124.00
0.383340	125.00
0.383360	125.00
0.383380	126.00
0.383400	126.00
0.383420	126.00
0.383440	126.00
0.383460	126.00
0.383480	127.00
0.383500	126.00
0.383520	125.00
0.383540	125.00
0.383560	125.00
0.383580	124.00
0.383600	123.00
0.383620	123.00
0.383640	124.00
0.383660	126.00
0.383680	127.00
0.383700	126.00
0.383720	126.00
0.383740	125.00
0.383760	126.00
0.383780	126.00
0.383800	125.00
0.383820	125.00
0.383840	125.00
0.383860	126.00
0.383880	127.00
0.383900	126.00
0.383920	125.00
0.383940	125.00
0.383960	126.00
0.383980	126.00
0.384000	126.00
0.384020	125.00
0.384040	125.00
0.384060	125.00
0.384080	126.00
0.384100	126.00
0.384120	125.00
0.384140	124.00
0.384160	124.00
0.384180	125.00
0.384200	125.00
0.384220	126.00
0.384240	126.00
0.384260	126.00
0.384280	125.00
0.384300	125.00
0.384320	125.00
0.384340	126.00
0.384360	126.00
0.384380	126.00
0.384400	125.00
0.384420	124.00
0.384440	124.00
0.384460	125.00
0.384480	125.00
0.384500	125.00
0.384520	124.00
0.384540	124.00
0.384560	125.00
0.384580	126.00
0.384600	126.00
0.384620	125.00
0.384640	125.00
0.384660	125.00
0.384680	126.00
0.384700	126.00
0.384720	126.00
0.384740	126.00
0.384760	127.00
0.384780	126.00
0.384800	126.00
0.384820	125.00
0.384840	125.00
0.384860	126.00
0.384880	126.00
0.384900	125.00
0.384920	125.00
0.384940	125.00
0.384960	125.00
0.384980	126.00
0.385000	126.00
0.385020	125.00
0.385040	125.00
0.385060	126.00
0.385080	126.00
0.385100	125.00
0.385120	124.00
0.385140	124.00
0.385160	124.00
0.385180	125.00
0.385200	125.00
0.385220	125.00
0.385240	125.00
0.385260	124.00
0.385280	124.00
0.385300	124.00
0.385320	124.00
0.385340	124.00
0.385360	124.00
0.385380	124.00
0.385400	124.00
0.385420	124.00
0.385440	124.00
0.385460	125.00
0.385480	124.00
0.385500	124.00
0.385520	124.00
0.385540	124.00
0.385560	125.00
0.385580	125.00
0.385600	125.00
0.385620	125.00
0.385640	125.00
0.385660	125.00
0.385680	126.00
0.385700	126.00
0.385720	125.00
0.385740	125.00
0.385760	125.00
0.385780	125.00
0.385800	125.00
0.385820	125.00
0.385840	125.00
0.385860	125.00
0.385880	125.00
0.385900	125.00
0.385920	125.00
0.385940	125.00
0.385960	125.00
0.385980	126.00
0.386000	126.00
0.386020	126.00
0.386040	126.00
0.386060	126.00
0.386080	126.00
0.386100	126.00
0.386120	125.00
0.386140	125.00
0.386160	125.00
0.386180	125.00
0.386200	125.00
0.386220	125.00
0.386240	125.00
0.386260	125.00
0.386280	126.00
0.386300	126.00
0.386320	126.00
0.386340	126.00
0.386360	126.00
0.386380	126.00
0.386400	125.00
0.386420	125.00
0.386440	126.00
0.386460	126.00
0.386480	126.00
0.386500	126.00
0.386520	126.00
0.386540	126.00
0.386560	126.00
0.386580	126.00
0.386600	125.00
0.386620	125.00
0.386640	124.00
0.386660	124.00
0.386680	124.00
0.386700	124.00
0.386720	124.00
0.386740	125.00
0.386760	125.00
0.386780	125.00
0.386800	125.00
0.386820	125.00
0.386840	125.00
0.386860	124.00
0.386880	124.00
0.386900	124.00
0.386920	125.00
0.386940	125.00
0.386960	125.00
0.386980	125.00
0.387000	125.00
0.387020	125.00
0.387040	125.00
0.387060	125.00
0.387080	125.00
0.387100	125.00
0.387120	124.00
0.387140	124.00
0.387160	124.00
0.387180	124.00
0.387200	124.00
0.387220	124.00
0.387240	124.00
0.387260	124.00
0.387280	125.00
0.387300	125.00
0.387320	125.00
0.387340	126.00
0.387360	126.00
0.387380	126.00
0.387400	125.00
0.387420	125.00
0.387440	125.00
0.387460	126.00
0.387480	126.00
0.387500	125.00
0.387520	125.00
0.387540	125.00
0.387560	125.00
0.387580	125.00
0.387600	125.00
0.387620	125.00
0.387640	125.00
0.387660	124.00
0.387680	124.00
0.387700	123.00
0.387720	123.00
0.387740	123.00
0.387760	125.00
0.387780	125.00
0.387800	126.00
0.387820	125.00
0.387840	125.00
0.387860	125.00
0.387880	125.00
0.387900	125.00
0.387920	125.00
0.387940	125.00
0.387960	125.00
0.387980	125.00
0.388000	125.00
0.388020	125.00
0.388040	125.00
0.388060	125.00
0.388080	125.00
0.388100	125.00
0.388120	125.00
0.388140	125.00
0.388160	125.00
0.388180	125.00
0.388200	125.00
0.388220	125.00
0.388240	125.00
0.388260	125.00
0.388280	125.00
0.388300	125.00
0.388320	125.00
0.388340	125.00
0.388360	125.00
0.388380	125.00
0.388400	125.00
0.388420	125.00
0.388440	126.00
0.388460	126.00
0.388480	126.00
0.388500	126.00
0.388520	125.00
0.388540	125.00
0.388560	126.00
0.388580	126.00
0.388600	125.00
0.388620	125.00
0.388640	125.00
0.388660	125.00
0.388680	125.00
0.388700	125.00
0.388720	125.00
0.388740	125.00
0.388760	125.00
0.388780	126.00
0.388800	126.00
0.388820	125.00
0.388840	124.00
0.388860	124.00
0.388880	124.00
0.388900	124.00
0.388920	125.00
0.388940	125.00
0.388960	126.00
0.388980	126.00
0.389000	125.00
0.389020	126.00
0.389040	126.00
0.389060	126.00
0.389080	126.00
0.389100	125.00
0.389120	124.00
0.389140	124.00
0.389160	124.00
0.389180	124.00
0.389200	124.00
0.389220	124.00
0.389240	124.00
0.389260	124.00
0.389280	124.00
0.389300	124.00
0.389320	124.00
0.389340	124.00
0.389360	125.00
0.389380	126.00
0.389400	126.00
0.389420	125.00
0.389440	125.00
0.389460	125.00
0.389480	125.00
0.389500	125.00
0.389520	124.00
0.389540	124.00
0.389560	124.00
0.389580	124.00
0.389600	125.00
0.389620	126.00
0.389640	125.00
0.389660	125.00
0.389680	124.00
0.389700	124.00
0.389720	124.00
0.389740	124.00
0.389760	125.00
0.389780	125.00
0.389800	125.00
0.389820	124.00
0.389840	125.00
0.389860	125.00
0.389880	125.00
0.389900	125.00
0.389920	125.00
0.389940	125.00
0.389960	126.00
0.389980	127.00
0.390000	126.00
0.390020	126.00
0.390040	125.00
0.390060	125.00
0.390080	125.00
0.390100	125.00
0.390120	125.00
0.390140	125.00
0.390160	125.00
0.390180	125.00
0.390200	125.00
0.390220	125.00
0.390240	125.00
0.390260	124.00
0.390280	125.00
0.390300	125.00
0.390320	126.00
0.390340	126.00
0.390360	126.00
0.390380	125.00
0.390400	125.00
0.390420	125.00
0.390440	125.00
0.390460	126.00
0.390480	126.00
0.390500	126.00
0.390520	126.00
0.390540	126.00
0.390560	126.00
0.390580	125.00
0.390600	124.00
0.390620	124.00
0.390640	125.00
0.390660	125.00
0.390680	125.00
0.390700	125.00
0.390720	124.00
0.390740	124.00
0.390760	124.00
0.390780	125.00
0.390800	125.00
0.390820	125.00
0.390840	124.00
0.390860	124.00
0.390880	125.00
0.390900	125.00
0.390920	125.00
0.390940	125.00
0.390960	125.00
0.390980	125.00
0.391000	125.00
0.391020	125.00
0.391040	124.00
0.391060	124.00
0.391080	124.00
0.391100	124.00
0.391120	124.00
0.391140	124.00
0.391160	124.00
0.391180	124.00
0.391200	124.00
0.391220	124.00
0.391240	125.00
0.391260	125.00
0.391280	126.00
0.391300	125.00
0.391320	125.00
0.391340	125.00
0.391360	126.00
0.391380	126.00
0.391400	125.00
0.391420	125.00
0.391440	125.00
0.391460	125.00
0.391480	125.00
0.391500	125.00
0.391520	125.00
0.391540	126.00
0.391560	126.00
0.391580	126.00
0.391600	125.00
0.391620	124.00
0.391640	124.00
0.391660	124.00
0.391680	124.00
0.391700	125.00
0.391720	126.00
0.391740	126.00
0.391760	125.00
0.391780	125.00
0.391800	124.00
0.391820	124.00
0.391840	124.00
0.391860	125.00
0.391880	126.00
0.391900	126.00
0.391920	126.00
0.391940	126.00
0.391960	126.00
0.391980	126.00
0.392000	125.00
0.392020	125.00
0.392040	125.00
0.392060	125.00
0.392080	125.00
0.392100	125.00
0.392120	126.00
0.392140	126.00
0.392160	126.00
0.392180	126.00
0.392200	126.00
0.392220	126.00
0.392240	126.00
0.392260	125.00
0.392280	125.00
0.392300	125.00
0.392320	125.00
0.392340	125.00
0.392360	125.00
0.392380	125.00
0.392400	125.00
0.392420	125.00
0.392440	125.00
0.392460	125.00
0.392480	124.00
0.392500	124.00
0.392520	124.00
0.392540	124.00
0.392560	124.00
0.392580	124.00
0.392600	124.00
0.392620	125.00
0.392640	125.00
0.392660	125.00
0.392680	125.00
0.392700	125.00
0.392720	126.00
0.392740	126.00
0.392760	126.00
0.392780	125.00
0.392800	125.00
0.392820	124.00
0.392840	124.00
0.392860	124.00
0.392880	124.00
0.392900	125.00
0.392920	125.00
0.392940	125.00
0.392960	125.00
0.392980	125.00
0.393000	125.00
0.393020	125.00
0.393040	125.00
0.393060	125.00
0.393080	125.00
0.393100	125.00
0.393120	126.00
0.393140	126.00
0.393160	126.00
0.393180	125.00
0.393200	125.00
0.393220	124.00
0.393240	124.00
0.393260	125.00
0.393280	125.00
0.393300	125.00
0.393320	125.00
0.393340	125.00
0.393360	125.00
0.393380	125.00
0.393400	124.00
0.393420	124.00
0.393440	124.00
0.393460	124.00
0.393480	125.00
0.393500	125.00
0.393520	125.00
0.393540	124.00
0.393560	124.00
0.393580	124.00
0.393600	124.00
0.393620	124.00
0.393640	124.00
0.393660	125.00
0.393680	125.00
0.393700	125.00
0.393720	125.00
0.393740	125.00
0.393760	125.00
0.393780	125.00
0.393800	125.00
0.393820	125.00
0.393840	126.00
0.393860	126.00
0.393880	126.00
0.393900	125.00
0.393920	125.00
0.393940	125.00
0.393960	126.00
0.393980	126.00
0.394000	126.00
0.394020	125.00
0.394040	125.00
0.394060	125.00
0.394080	125.00
0.394100	125.00
0.394120	125.00
0.394140	125.00
0.394160	125.00
0.394180	125.00
0.394200	125.00
0.394220	125.00
0.394240	125.00
0.394260	125.00
0.394280	125.00
0.394300	126.00
0.394320	126.00
0.394340	125.00
0.394360	125.00
0.394380	125.00
0.394400	124.00
0.394420	124.00
0.394440	125.00
0.394460	125.00
0.394480	125.00
0.394500	125.00
0.394520	125.00
0.394540	125.00
0.394560	125.00
0.394580	125.00
0.394600	126.00
0.394620	126.00
0.394640	125.00
0.394660	125.00
0.394680	125.00
0.394700	125.00
0.394720	125.00
0.394740	125.00
0.394760	126.00
0.394780	126.00
0.394800	125.00
0.394820	125.00
0.394840	125.00
0.394860	125.00
0.394880	125.00
0.394900	125.00
0.394920	124.00
0.394940	124.00
0.394960	124.00
0.394980	124.00
0.395000	124.00
0.395020	124.00
0.395040	124.00
0.395060	124.00
0.395080	124.00
0.395100	124.00
0.395120	125.00
0.395140	125.00
0.395160	125.00
0.395180	126.00
0.395200	125.00
0.395220	125.00
0.395240	125.00
0.395260	125.00
0.395280	125.00
0.395300	125.00
0.395320	125.00
0.395340	125.00
0.395360	125.00
0.395380	125.00
0.395400	126.00
0.395420	126.00
0.395440	126.00
0.395460	125.00
0.395480	125.00
0.395500	125.00
0.395520	125.00
0.395540	125.00
0.395560	125.00
0.395580	125.00
0.395600	125.00
0.395620	126.00
0.395640	126.00
0.395660	126.00
0.395680	126.00
0.395700	125.00
0.395720	124.00
0.395740	124.00
0.395760	124.00
0.395780	125.00
0.395800	125.00
0.395820	126.00
0.395840	126.00
0.395860	126.00
0.395880	125.00
0.395900	125.00
0.395920	124.00
0.395940	124.00
0.395960	125.00
0.395980	125.00
0.396000	126.00
0.396020	125.00
0.396040	125.00
0.396060	125.00
0.396080	125.00
0.396100	125.00
0.396120	125.00
0.396140	124.00
0.396160	124.00
0.396180	124.00
0.396200	125.00
0.396220	125.00
0.396240	125.00
0.396260	125.00
0.396280	125.00
0.396300	125.00
0.396320	125.00
0.396340	125.00
0.396360	125.00
0.396380	125.00
0.396400	125.00
0.396420	125.00
0.396440	125.00
0.396460	125.00
0.396480	125.00
0.396500	125.00
0.396520	125.00
0.396540	125.00
0.396560	125.00
0.396580	125.00
0.396600	124.00
0.396620	124.00
0.396640	124.00
0.396660	124.00
0.396680	124.00
0.396700	125.00
0.396720	125.00
0.396740	126.00
0.396760	126.00
0.396780	126.00
0.396800	126.00
0.396820	126.00
0.396840	127.00
0.396860	128.00
0.396880	128.00
0.396900	128.00
0.396920	127.00
0.396940	127.00
0.396960	126.00
0.396980	126.00
0.397000	125.00
0.397020	124.00
0.397040	122.00
0.397060	120.00
0.397080	119.00
0.397100	118.00
0.397120	117.00
0.397140	116.00
0.397160	117.00
0.397180	118.00
0.397200	120.00
0.397220	123.00
0.397240	126.00
0.397260	130.00
0.397280	133.00
0.397300	137.00
0.397320	140.00
0.397340	142.00
0.397360	143.00
0.397380	142.00
0.397400	140.00
0.397420	136.00
0.397440	131.00
0.397460	125.00
0.397480	118.00
0.397500	111.00
0.397520	104.00
0.397540	99.00
0.397560	95.00
0.397580	92.00
0.397600	92.00
0.397620	94.00
0.397640	100.00
0.397660	107.00
0.397680	116.00
0.397700	127.00
0.397720	139.00
0.397740	152.00
0.397760	163.00
0.397780	172.00
0.397800	178.00
0.397820	179.00
0.397840	177.00
0.397860	172.00
0.397880	163.00
0.397900	151.00
0.397920	135.00
0.397940	117.00
0.397960	98.00
0.397980	80.00
0.398000	64.00
0.398020	52.00
0.398040	45.00
0.398060	43.00
0.398080	48.00
0.398100	59.00
0.398120	76.00
0.398140	97.00
0.398160	121.00
0.398180	146.00
0.398200	170.00
0.398220	190.00
0.398240	205.00
0.398260	212.00
0.398280	213.00
0.398300	208.00
0.398320	197.00
0.398340	181.00
0.398360	159.00
0.398380	134.00
0.398400	107.00
0.398420	81.00
0.398440	59.00
0.398460	42.00
0.398480	32.00
0.398500	30.00
0.398520	36.00
0.398540	49.00
0.398560	67.00
0.398580	89.00
0.398600	114.00
0.398620	139.00
0.398640	161.00
0.398660	179.00
0.398680	192.00
0.398700	198.00
0.398720	198.00
0.398740	193.00
0.398760	183.00
0.398780	169.00
0.398800	152.00
0.398820	133.00
0.398840	113.00
0.398860	96.00
0.398880	81.00
0.398900	71.00
0.398920	66.00
0.398940	67.00
0.398960	72.00
0.398980	80.00
0.399000	91.00
0.399020	105.00
0.399040	120.00
0.399060	134.00
0.399080	146.00
0.399100	155.00
0.399120	161.00
0.399140	164.00
0.399160	164.00
0.399180	161.00
0.399200	155.00
0.399220	146.00
0.399240	137.00
0.399260	128.00
0.399280	119.00
0.399300	111.00
0.399320	105.00
0.399340	101.00
0.399360	100.00
0.399380	100.00
0.399400	103.00
0.399420	107.00
0.399440	113.00
0.399460	118.00
0.399480	124.00
0.399500	129.00
0.399520	134.00
0.399540	138.00
0.399560	141.00
0.399580	142.00
0.399600	141.00
0.399620	139.00
0.399640	136.00
0.399660	133.00
0.399680	129.00
0.399700	125.00
0.399720	121.00
0.399740	118.00
0.399760	116.00
0.399780	115.00
0.399800	115.00
0.399820	115.00
0.399840	116.00
0.399860	118.00
0.399880	120.00
0.399900	122.00
0.399920	124.00
0.399940	126.00
0.399960	129.00
0.399980	130.00
0.400000	131.00
0.400020	131.00
0.400040	131.00
0.400060	130.00
0.400080	129.00
0.400100	128.00
0.400120	127.00
0.400140	126.00
0.400160	125.00
0.400180	123.00
0.400200	121.00
0.400220	120.00
0.400240	119.00
0.400260	119.00
0.400280	120.00
0.400300	122.00
0.400320	123.00
0.400340	124.00
0.400360	125.00
0.400380	126.00
0.400400	127.00
0.400420	128.00
0.400440	129.00
0.400460	130.00
0.400480	130.00
0.400500	129.00
0.400520	128.00
0.400540	127.00
0.400560	127.00
0.400580	125.00
0.400600	124.00
0.400620	123.00
0.400640	123.00
0.400660	123.00
0.400680	123.00
0.400700	122.00
0.400720	122.00
0.400740	123.00
0.400760	124.00
0.400780	124.00
0.400800	125.00
0.400820	126.00
0.400840	126.00
0.400860	127.00
0.400880	127.00
0.400900	127.00
0.400920	127.00
0.400940	127.00
0.400960	126.00
0.400980	125.00
0.401000	124.00
0.401020	124.00
0.401040	124.00
0.401060	125.00
0.401080	125.00
0.401100	124.00
0.401120	123.00
0.401140	123.00
0.401160	123.00
0.401180	124.00
0.401200	124.00
0.401220	124.00
0.401240	124.00
0.401260	125.00
0.401280	126.00
0.401300	126.00
0.401320	126.00
0.401340	126.00
0.401360	126.00
0.401380	126.00
0.401400	126.00
0.401420	125.00
0.401440	124.00
0.401460	124.00
0.401480	123.00
0.401500	123.00
0.401520	123.00
0.401540	123.00
0.401560	124.00
0.401580	124.00
0.401600	125.00
0.401620	125.00
0.401640	126.00
0.401660	125.00
0.401680	125.00
0.401700	125.00
0.401720	125.00
0.401740	126.00
0.401760	126.00
0.401780	126.00
0.401800	126.00
0.401820	125.00
0.401840	125.00
0.401860	125.00
0.401880	125.00
0.401900	124.00
0.401920	124.00
0.401940	125.00
0.401960	125.00
0.401980	125.00
0.402000	124.00
0.402020	124.00
0.402040	124.00
0.402060	125.00
0.402080	125.00
0.402100	126.00
0.402120	125.00
0.402140	125.00
0.402160	125.00
0.402180	126.00
0.402200	126.00
0.402220	126.00
0.402240	126.00
0.402260	126.00
0.402280	125.00
0.402300	124.00
0.402320	124.00
0.402340	125.00
0.402360	125.00
0.402380	125.00
0.402400	125.00
0.402420	125.00
0.402440	125.00
0.402460	125.00
0.402480	125.00
0.402500	126.00
0.402520	126.00
0.402540	126.00
0.402560	126.00
0.402580	126.00
0.402600	126.00
0.402620	126.00
0.402640	125.00
0.402660	125.00
0.402680	125.00
0.402700	125.00
0.402720	125.00
0.402740	125.00
0.402760	125.00
0.402780	124.00
0.402800	124.00
0.402820	124.00
0.402840	124.00
0.402860	125.00
0.402880	125.00
0.402900	125.00
0.402920	125.00
0.402940	125.00
0.402960	126.00
0.402980	126.00
0.403000	126.00
0.403020	125.00
0.403040	125.00
0.403060	124.00
0.403080	124.00
0.403100	124.00
0.403120	124.00
0.403140	124.00
0.403160	125.00
0.403180	125.00
0.403200	125.00
0.403220	125.00
0.403240	125.00
0.403260	125.00
0.403280	126.00
0.403300	126.00
0.403320	126.00
0.403340	126.00
0.403360	127.00
0.403380	127.00
0.403400	126.00
0.403420	126.00
0.403440	125.00
0.403460	124.00
0.403480	123.00
0.403500	121.00
0.403520	120.00
0.403540	119.00
0.403560	119.00
0.403580	121.00
0.403600	123.00
0.403620	125.00
0.403640	127.00
0.403660	128.00
0.403680	128.00
0.403700	127.00
0.403720	127.00
0.403740	129.00
0.403760	131.00
0.403780	132.00
0.403800	131.00
0.403820	128.00
0.403840	125.00
0.403860	123.00
0.403880	122.00
0.403900	123.00
0.403920	124.00
0.403940	123.00
0.403960	121.00
0.403980	118.00
0.404000	116.00
0.404020	114.00
0.404040	115.00
0.404060	118.00
0.404080	123.00
0.404100	127.00
0.404120	130.00
0.404140	131.00
0.404160	133.00
0.404180	134.00
0.404200	135.00
0.404220	136.00
0.404240	136.00
0.404260	133.00
0.404280	129.00
0.404300	124.00
0.404320	119.00
0.404340	115.00
0.404360	114.00
0.404380	115.00
0.404400	117.00
0.404420	120.00
0.404440	123.00
0.404460	126.00
0.404480	128.00
0.404500	131.00
0.404520	133.00
0.404540	134.00
0.404560	133.00
0.404580	132.00
0.404600	129.00
0.404620	125.00
0.404640	121.00
0.404660	117.00
0.404680	114.00
0.404700	112.00
0.404720	112.00
0.404740	113.00
0.404760	115.00
0.404780	118.00
0.404800	122.00
0.404820	126.00
0.404840	132.00
0.404860	136.00
0.404880	140.00
0.404900	143.00
0.404920	143.00
0.404940	142.00
0.404960	140.00
0.404980	136.00
0.405000	131.00
0.405020	125.00
0.405040	119.00
0.405060	114.00
0.405080	110.00
0.405100	108.00
0.405120	107.00
0.405140	107.00
0.405160	108.00
0.405180	111.00
0.405200	115.00
0.405220	121.00
0.405240	126.00
0.405260	131.00
0.405280	136.00
0.405300	139.00
0.405320	140.00
0.405340	141.00
0.405360	140.00
0.405380	138.00
0.405400	136.00
0.405420	132.00
0.405440	128.00
0.405460	123.00
0.405480	119.00
0.405500	116.00
0.405520	114.00
0.405540	114.00
0.405560	114.00
0.405580	114.00
0.405600	115.00
0.405620	117.00
0.405640	120.00
0.405660	123.00
0.405680	126.00
0.405700	128.00
0.405720	130.00
0.405740	131.00
0.405760	132.00
0.405780	133.00
0.405800	132.00
0.405820	132.00
0.405840	130.00
0.405860	129.00
0.405880	127.00
0.405900	125.00
0.405920	123.00
0.405940	121.00
0.405960	120.00
0.405980	120.00
0.406000	120.00
0.406020	120.00
0.406040	121.00
0.406060	122.00
0.406080	123.00
0.406100	124.00
0.406120	125.00
0.406140	126.00
0.406160	127.00
0.406180	127.00
0.406200	127.00
0.406220	128.00
0.406240	128.00
0.406260	128.00
0.406280	127.00
0.406300	127.00
0.406320	126.00
0.406340	126.00
0.406360	125.00
0.406380	124.00
0.406400	123.00
0.406420	123.00
0.406440	123.00
0.406460	123.00
0.406480	123.00
0.406500	123.00
0.406520	123.00
0.406540	124.00
0.406560	124.00
0.406580	125.00
0.406600	125.00
0.406620	126.00
0.406640	126.00
0.406660	127.00
0.406680	127.00
0.406700	126.00
0.406720	126.00
0.406740	126.00
0.406760	127.00
0.406780	127.00
0.406800	127.00
0.406820	126.00
0.406840	125.00
0.406860	125.00
0.406880	125.00
0.406900	125.00
0.406920	124.00
0.406940	124.00
0.406960	124.00
0.406980	125.00
0.407000	125.00
0.407020	125.00
0.407040	125.00
0.407060	125.00
0.407080	125.00
0.407100	125.00
0.407120	125.00
0.407140	125.00
0.407160	125.00
0.407180	125.00
0.407200	124.00
0.407220	124.00
0.407240	125.00
0.407260	125.00
0.407280	125.00
0.407300	125.00
0.407320	124.00
0.407340	124.00
0.407360	124.00
0.407380	124.00
0.407400	124.00
0.407420	123.00
0.407440	123.00
0.407460	124.00
0.407480	125.00
0.407500	125.00
0.407520	125.00
0.407540	125.00
0.407560	125.00
0.407580	125.00
0.407600	125.00
0.407620	124.00
0.407640	123.00
0.407660	123.00
0.407680	123.00
0.407700	124.00
0.407720	124.00
0.407740	125.00
0.407760	125.00
0.407780	125.00
0.407800	125.00
0.407820	125.00
0.407840	126.00
0.407860	127.00
0.407880	127.00
0.407900	127.00
0.407920	126.00
0.407940	126.00
0.407960	126.00
0.407980	126.00
0.408000	126.00
0.408020	125.00
0.408040	125.00
0.408060	125.00
0.408080	125.00
0.408100	124.00
0.408120	124.00
0.408140	123.00
0.408160	124.00
0.408180	125.00
0.408200	126.00
0.408220	125.00
0.408240	125.00
0.408260	125.00
0.408280	126.00
0.408300	127.00
0.408320	127.00
0.408340	126.00
0.408360	125.00
0.408380	125.00
0.408400	125.00
0.408420	126.00
0.408440	126.00
0.408460	125.00
0.408480	124.00
0.408500	124.00
0.408520	124.00
0.408540	124.00
0.408560	125.00
0.408580	125.00
0.408600	125.00
0.408620	125.00
0.408640	125.00
0.408660	125.00
0.408680	125.00
0.408700	126.00
0.408720	126.00
0.408740	126.00
0.408760	126.00
0.408780	125.00
0.408800	126.00
0.408820	126.00
0.408840	126.00
0.408860	125.00
0.408880	125.00
0.408900	124.00
0.408920	124.00
0.408940	124.00
0.408960	124.00
0.408980	124.00
0.409000	124.00
0.409020	124.00
0.409040	125.00
0.409060	125.00
0.409080	125.00
0.409100	125.00
0.409120	125.00
0.409140	125.00
0.409160	126.00
0.409180	127.00
0.409200	127.00
0.409220	127.00
0.409240	126.00
0.409260	125.00
0.409280	125.00
0.409300	125.00
0.409320	125.00
0.409340	124.00
0.409360	124.00
0.409380	124.00
0.409400	125.00
0.409420	126.00
0.409440	126.00
0.409460	126.00
0.409480	125.00
0.409500	125.00
0.409520	126.00
0.409540	126.00
0.409560	126.00
0.409580	125.00
0.409600	125.00
0.409620	125.00
0.409640	125.00
0.409660	125.00
0.409680	124.00
0.409700	124.00
0.409720	124.00
0.409740	124.00
0.409760	124.00
0.409780	124.00
0.409800	123.00
0.409820	123.00
0.409840	122.00
0.409860	122.00
0.409880	122.00
0.409900	123.00
0.409920	124.00
0.409940	125.00
0.409960	125.00
0.409980	125.00
0.410000	126.00
0.410020	127.00
0.410040	129.00
0.410060	131.00
0.410080	132.00
0.410100	131.00
0.410120	129.00
0.410140	126.00
0.410160	124.00
0.410180	122.00
0.410200	122.00
0.410220	122.00
0.410240	121.00
0.410260	120.00
0.410280	119.00
0.410300	118.00
0.410320	118.00
0.410340	119.00
0.410360	121.00
0.410380	124.00
0.410400	126.00
0.410420	127.00
0.410440	128.00
0.410460	129.00
0.410480	130.00
0.410500	132.00
0.410520	135.00
0.410540	137.00
0.410560	138.00
0.410580	137.00
0.410600	136.00
0.410620	134.00
0.410640	132.00
0.410660	128.00
0.410680	124.00
0.410700	119.00
0.410720	114.00
0.410740	109.00
0.410760	106.00
0.410780	105.00
0.410800	105.00
0.410820	107.00
0.410840	110.00
0.410860	114.00
0.410880	120.00
0.410900	126.00
0.410920	132.00
0.410940	137.00
0.410960	142.00
0.410980	145.00
0.411000	147.00
0.411020	147.00
0.411040	146.00
0.411060	142.00
0.411080	137.00
0.411100	132.00
0.411120	125.00
0.411140	119.00
0.411160	113.00
0.411180	108.00
0.411200	105.00
0.411220	104.00
0.411240	105.00
0.411260	107.00
0.411280	110.00
0.411300	115.00
0.411320	120.00
0.411340	126.00
0.411360	131.00
0.411380	136.00
0.411400	140.00
0.411420	142.00
0.411440	142.00
0.411460	142.00
0.411480	140.00
0.411500	137.00
0.411520	133.00
0.411540	129.00
0.411560	125.00
0.411580	121.00
0.411600	118.00
0.411620	116.00
0.411640	114.00
0.411660	113.00
0.411680	113.00
0.411700	114.00
0.411720	117.00
0.411740	120.00
0.411760	123.00
0.411780	126.00
0.411800	129.00
0.411820	131.00
0.411840	133.00
0.411860	134.00
0.411880	133.00
0.411900	131.00
0.411920	130.00
0.411940	129.00
0.411960	128.00
0.411980	126.00
0.412000	124.00
0.412020	122.00
0.412040	121.00
0.412060	121.00
0.412080	120.00
0.412100	120.00
0.412120	120.00
0.412140	121.00
0.412160	122.00
0.412180	123.00
0.412200	124.00
0.412220	124.00
0.412240	126.00
0.412260	127.00
0.412280	128.00
0.412300	128.00
0.412320	128.00
0.412340	128.00
0.412360	127.00
0.412380	127.00
0.412400	126.00
0.412420	125.00
0.412440	123.00
0.412460	123.00
0.412480	122.00
0.412500	123.00
0.412520	123.00
0.412540	123.00
0.412560	123.00
0.412580	123.00
0.412600	124.00
0.412620	124.00
0.412640	124.00
0.412660	124.00
0.412680	125.00
0.412700	125.00
0.412720	125.00
0.412740	125.00
0.412760	125.00
0.412780	125.00
0.412800	125.00
0.412820	126.00
0.412840	125.00
0.412860	125.00
0.412880	125.00
0.412900	125.00
0.412920	125.00
0.412940	125.00
0.412960	124.00
0.412980	124.00
0.413000	124.00
0.413020	125.00
0.413040	126.00
0.413060	126.00
0.413080	126.00
0.413100	126.00
0.413120	125.00
0.413140	125.00
0.413160	125.00
0.413180	125.00
0.413200	125.00
0.413220	125.00
0.413240	124.00
0.413260	124.00
0.413280	123.00
0.413300	123.00
0.413320	123.00
0.413340	124.00
0.413360	124.00
0.413380	124.00
0.413400	125.00
0.413420	126.00
0.413440	126.00
0.413460	126.00
0.413480	126.00
0.413500	125.00
0.413520	125.00
0.413540	125.00
0.413560	126.00
0.413580	126.00
0.413600	126.00
0.413620	126.00
0.413640	126.00
0.413660	125.00
0.413680	125.00
0.413700	125.00
0.413720	124.00
0.413740	124.00
0.413760	124.00
0.413780	125.00
0.413800	126.00
0.413820	126.00
0.413840	126.00
0.413860	125.00
0.413880	125.00
0.413900	125.00
0.413920	126.00
0.413940	126.00
0.413960	126.00
0.413980	126.00
0.414000	125.00
0.414020	125.00
0.414040	125.00
0.414060	124.00
0.414080	124.00
0.414100	124.00
0.414120	124.00
0.414140	124.00
0.414160	124.00
0.414180	123.00
0.414200	123.00
0.414220	124.00
0.414240	125.00
0.414260	126.00
0.414280	126.00
0.414300	126.00
0.414320	126.00
0.414340	126.00
0.414360	125.00
0.414380	124.00
0.414400	124.00
0.414420	124.00
0.414440	125.00
0.414460	124.00
0.414480	124.00
0.414500	124.00
0.414520	124.00
0.414540	124.00
0.414560	124.00
0.414580	124.00
0.414600	124.00
0.414620	125.00
0.414640	125.00
0.414660	125.00
0.414680	125.00
0.414700	125.00
0.414720	125.00
0.414740	126.00
0.414760	126.00
0.414780	125.00
0.414800	125.00
0.414820	125.00
0.414840	125.00
0.414860	125.00
0.414880	125.00
0.414900	125.00
0.414920	124.00
0.414940	124.00
0.414960	124.00
0.414980	125.00
0.415000	125.00
0.415020	125.00
0.415040	125.00
0.415060	124.00
0.415080	124.00
0.415100	124.00
0.415120	124.00
0.415140	125.00
0.415160	125.00
0.415180	124.00
0.415200	124.00
0.415220	124.00
0.415240	124.00
0.415260	124.00
0.415280	124.00
0.415300	124.00
0.415320	124.00
0.415340	125.00
0.415360	126.00
0.415380	126.00
0.415400	125.00
0.415420	125.00
0.415440	125.00
0.415460	125.00
0.415480	125.00
0.415500	125.00
0.415520	125.00
0.415540	125.00
0.415560	125.00
0.415580	125.00
0.415600	124.00
0.415620	124.00
0.415640	124.00
0.415660	124.00
0.415680	124.00
0.415700	125.00
0.415720	125.00
0.415740	125.00
0.415760	125.00
0.415780	126.00
0.415800	127.00
0.415820	127.00
0.415840	127.00
0.415860	127.00
0.415880	127.00
0.415900	126.00
0.415920	125.00
0.415940	125.00
0.415960	124.00
0.415980	123.00
0.416000	122.00
0.416020	122.00
0.416040	122.00
0.416060	122.00
0.416080	123.00
0.416100	123.00
0.416120	124.00
0.416140	125.00
0.416160	126.00
0.416180	127.00
0.416200	129.00
0.416220	130.00
0.416240	131.00
0.416260	131.00
0.416280	130.00
0.416300	129.00
0.416320	128.00
0.416340	126.00
0.416360	125.00
0.416380	123.00
0.416400	122.00
0.416420	120.00
0.416440	119.00
0.416460	118.00
0.416480	117.00
0.416500	117.00
0.416520	118.00
0.416540	120.00
0.416560	121.00
0.416580	122.00
0.416600	124.00
0.416620	125.00
0.416640	128.00
0.416660	131.00
0.416680	133.00
0.416700	136.00
0.416720	137.00
0.416740	138.00
0.416760	137.00
0.416780	135.00
0.416800	133.00
0.416820	130.00
0.416840	126.00
0.416860	122.00
0.416880	117.00
0.416900	113.00
0.416920	110.00
0.416940	108.00
0.416960	108.00
0.416980	109.00
0.417000	111.00
0.417020	115.00
0.417040	120.00
0.417060	125.00
0.417080	130.00
0.417100	134.00
0.417120	138.00
0.417140	141.00
0.417160	142.00
0.417180	142.00
0.417200	140.00
0.417220	137.00
0.417240	133.00
0.417260	129.00
0.417280	124.00
0.417300	119.00
0.417320	116.00
0.417340	113.00
0.417360	111.00
0.417380	111.00
0.417400	111.00
0.417420	112.00
0.417440	114.00
0.417460	118.00
0.417480	122.00
0.417500	126.00
0.417520	129.00
0.417540	132.00
0.417560	135.00
0.417580	136.00
0.417600	136.00
0.417620	136.00
0.417640	134.00
0.417660	132.00
0.417680	130.00
0.417700	127.00
0.417720	125.00
0.417740	122.00
0.417760	120.00
0.417780	119.00
0.417800	118.00
0.417820	118.00
0.417840	118.00
0.417860	119.00
0.417880	121.00
0.417900	123.00
0.417920	125.00
0.417940	127.00
0.417960	128.00
0.417980	129.00
0.418000	130.00
0.418020	130.00
0.418040	130.00
0.418060	129.00
0.418080	128.00
0.418100	127.00
0.418120	125.00
0.418140	124.00
0.418160	123.00
0.418180	123.00
0.418200	122.00
0.418220	122.00
0.418240	122.00
0.418260	123.00
0.418280	123.00
0.418300	123.00
0.418320	124.00
0.418340	125.00
0.418360	126.00
0.418380	127.00
0.418400	127.00
0.418420	126.00
0.418440	126.00
0.418460	126.00
0.418480	126.00
0.418500	125.00
0.418520	125.00
0.418540	124.00
0.418560	124.00
0.418580	124.00
0.418600	123.00
0.418620	123.00
0.418640	123.00
0.418660	123.00
0.418680	124.00
0.418700	124.00
0.418720	124.00
0.418740	124.00
0.418760	125.00
0.418780	125.00
0.418800	125.00
0.418820	125.00
0.418840	126.00
0.418860	126.00
0.418880	126.00
0.418900	126.00
0.418920	126.00
0.418940	125.00
0.418960	125.00
0.418980	125.00
0.419000	125.00
0.419020	125.00
0.419040	125.00
0.419060	124.00
0.419080	125.00
0.419100	125.00
0.419120	125.00
0.419140	126.00
0.419160	126.00
0.419180	126.00
0.419200	125.00
0.419220	125.00
0.419240	125.00
0.419260	125.00
0.419280	124.00
0.419300	124.00
0.419320	125.00
0.419340	125.00
0.419360	126.00
0.419380	126.00
0.419400	125.00
0.419420	124.00
0.419440	124.00
0.419460	124.00
0.419480	124.00
0.419500	125.00
0.419520	124.00
0.419540	124.00
0.419560	124.00
0.419580	124.00
0.419600	125.00
0.419620	125.00
0.419640	126.00
0.419660	126.00
0.419680	126.00
0.419700	125.00
0.419720	125.00
0.419740	126.00
0.419760	126.00
0.419780	126.00
0.419800	125.00
0.419820	125.00
0.419840	124.00
0.419860	124.00
0.419880	124.00
0.419900	124.00
0.419920	124.00
0.419940	124.00
0.419960	124.00
0.419980	126.00
