0.325000	76.00
0.325040	77.00
0.325080	162.00
0.325120	99.00
0.325160	136.00
0.325200	124.00
0.325240	116.00
0.325280	135.00
0.325320	115.00
0.325360	129.00
0.325400	124.00
0.325440	120.00
0.325480	130.00
0.325520	118.00
0.325560	127.00
0.325600	124.00
0.325640	121.00
0.325680	128.00
0.325720	120.00
0.325760	127.00
0.325800	124.00
0.325840	123.00
0.325880	129.00
0.325920	121.00
0.325960	126.00
0.326000	124.00
0.326040	122.00
0.326080	127.00
0.326120	121.00
0.326160	126.00
0.326200	124.00
0.326240	123.00
0.326280	126.00
0.326320	122.00
0.326360	126.00
0.326400	124.00
0.326440	123.00
0.326480	127.00
0.326520	122.00
0.326560	125.00
0.326600	124.00
0.326640	123.00
0.326680	126.00
0.326720	123.00
0.326760	125.00
0.326800	124.00
0.326840	124.00
0.326880	126.00
0.326920	122.00
0.326960	125.00
0.327000	124.00
0.327040	123.00
0.327080	126.00
0.327120	123.00
0.327160	125.00
0.327200	123.00
0.327240	123.00
0.327280	127.00
0.327320	123.00
0.327360	125.00
0.327400	124.00
0.327440	123.00
0.327480	126.00
0.327520	123.00
0.327560	124.00
0.327600	123.00
0.327640	123.00
0.327680	126.00
0.327720	124.00
0.327760	126.00
0.327800	125.00
0.327840	124.00
0.327880	125.00
0.327920	123.00
0.327960	125.00
0.328000	125.00
0.328040	124.00
0.328080	125.00
0.328120	123.00
0.328160	124.00
0.328200	123.00
0.328240	124.00
0.328280	125.00
0.328320	123.00
0.328360	125.00
0.328400	124.00
0.328440	124.00
0.328480	125.00
0.328520	122.00
0.328560	125.00
0.328600	124.00
0.328640	124.00
0.328680	125.00
0.328720	123.00
0.328760	126.00
0.328800	124.00
0.328840	123.00
0.328880	125.00
0.328920	123.00
0.328960	125.00
0.329000	124.00
0.329040	124.00
0.329080	125.00
0.329120	122.00
0.329160	124.00
0.329200	124.00
0.329240	124.00
0.329280	125.00
0.329320	124.00
0.329360	125.00
0.329400	124.00
0.329440	124.00
0.329480	125.00
0.329520	124.00
0.329560	125.00
0.329600	124.00
0.329640	124.00
0.329680	125.00
0.329720	123.00
0.329760	124.00
0.329800	124.00
0.329840	124.00
0.329880	125.00
0.329920	124.00
0.329960	124.00
0.330000	124.00
0.330040	124.00
0.330080	125.00
0.330120	123.00
0.330160	125.00
0.330200	124.00
0.330240	123.00
0.330280	124.00
0.330320	122.00
0.330360	123.00
0.330400	124.00
0.330440	124.00
0.330480	125.00
0.330520	124.00
0.330560	125.00
0.330600	124.00
0.330640	124.00
0.330680	125.00
0.330720	123.00
0.330760	124.00
0.330800	125.00
0.330840	123.00
0.330880	125.00
0.330920	124.00
0.330960	124.00
0.331000	125.00
0.331040	123.00
0.331080	124.00
0.331120	123.00
0.331160	125.00
0.331200	122.00
0.331240	119.00
0.331280	120.00
0.331320	123.00
0.331360	130.00
0.331400	138.00
0.331440	141.00
0.331480	140.00
0.331520	129.00
0.331560	115.00
0.331600	98.00
0.331640	90.00
0.331680	95.00
0.331720	107.00
0.331760	129.00
0.331800	151.00
0.331840	169.00
0.331880	178.00
0.331920	166.00
0.331960	137.00
0.332000	93.00
0.332040	52.00
0.332080	32.00
0.332120	43.00
0.332160	95.00
0.332200	165.00
0.332240	223.00
0.332280	244.00
0.332320	224.00
0.332360	174.00
0.332400	80.00
0.332440	3.00
0.332480	0.00
0.332520	2.00
0.332560	30.00
0.332600	129.00
0.332640	218.00
0.332680	253.00
0.332720	252.00
0.332760	218.00
0.332800	149.00
0.332840	57.00
0.332880	5.00
0.332920	0.00
0.332960	7.00
0.333000	64.00
0.333040	145.00
0.333080	200.00
0.333120	225.00
0.333160	218.00
0.333200	181.00
0.333240	132.00
0.333280	83.00
0.333320	53.00
0.333360	50.00
0.333400	69.00
0.333440	104.00
0.333480	139.00
0.333520	164.00
0.333560	173.00
0.333600	164.00
0.333640	145.00
0.333680	123.00
0.333720	104.00
0.333760	94.00
0.333800	94.00
0.333840	104.00
0.333880	119.00
0.333920	132.00
0.333960	141.00
0.334000	143.00
0.334040	140.00
0.334080	132.00
0.334120	123.00
0.334160	117.00
0.334200	113.00
0.334240	113.00
0.334280	118.00
0.334320	122.00
0.334360	127.00
0.334400	131.00
0.334440	131.00
0.334480	130.00
0.334520	127.00
0.334560	124.00
0.334600	121.00
0.334640	119.00
0.334680	118.00
0.334720	119.00
0.334760	123.00
0.334800	126.00
0.334840	128.00
0.334880	128.00
0.334920	127.00
0.334960	126.00
0.335000	125.00
0.335040	122.00
0.335080	120.00
0.335120	120.00
0.335160	120.00
0.335200	122.00
0.335240	124.00
0.335280	126.00
0.335320	127.00
0.335360	128.00
0.335400	126.00
0.335440	125.00
0.335480	124.00
0.335520	123.00
0.335560	122.00
0.335600	122.00
0.335640	122.00
0.335680	123.00
0.335720	125.00
0.335760	126.00
0.335800	125.00
0.335840	125.00
0.335880	124.00
0.335920	123.00
0.335960	123.00
0.336000	123.00
0.336040	123.00
0.336080	124.00
0.336120	124.00
0.336160	124.00
0.336200	125.00
0.336240	125.00
0.336280	126.00
0.336320	125.00
0.336360	125.00
0.336400	124.00
0.336440	124.00
0.336480	123.00
0.336520	123.00
0.336560	125.00
0.336600	126.00
0.336640	126.00
0.336680	126.00
0.336720	124.00
0.336760	123.00
0.336800	123.00
0.336840	124.00
0.336880	124.00
0.336920	123.00
0.336960	124.00
0.337000	125.00
0.337040	125.00
0.337080	125.00
0.337120	124.00
0.337160	124.00
0.337200	124.00
0.337240	123.00
0.337280	123.00
0.337320	124.00
0.337360	125.00
0.337400	125.00
0.337440	125.00
0.337480	126.00
0.337520	125.00
0.337560	124.00
0.337600	122.00
0.337640	122.00
0.337680	122.00
0.337720	122.00
0.337760	123.00
0.337800	125.00
0.337840	127.00
0.337880	128.00
0.337920	128.00
0.337960	127.00
0.338000	125.00
0.338040	123.00
0.338080	121.00
0.338120	118.00
0.338160	117.00
0.338200	119.00
0.338240	123.00
0.338280	128.00
0.338320	132.00
0.338360	134.00
0.338400	132.00
0.338440	126.00
0.338480	119.00
0.338520	113.00
0.338560	110.00
0.338600	112.00
0.338640	118.00
0.338680	127.00
0.338720	134.00
0.338760	138.00
0.338800	139.00
0.338840	134.00
0.338880	126.00
0.338920	118.00
0.338960	111.00
0.339000	108.00
0.339040	110.00
0.339080	115.00
0.339120	122.00
0.339160	130.00
0.339200	136.00
0.339240	139.00
0.339280	136.00
0.339320	131.00
0.339360	125.00
0.339400	118.00
0.339440	113.00
0.339480	112.00
0.339520	114.00
0.339560	120.00
0.339600	127.00
0.339640	131.00
0.339680	133.00
0.339720	132.00
0.339760	128.00
0.339800	123.00
0.339840	120.00
0.339880	118.00
0.339920	118.00
0.339960	120.00
0.340000	124.00
0.340040	127.00
0.340080	129.00
0.340120	130.00
0.340160	128.00
0.340200	125.00
0.340240	123.00
0.340280	120.00
0.340320	119.00
0.340360	120.00
0.340400	122.00
0.340440	125.00
0.340480	127.00
0.340520	128.00
0.340560	128.00
0.340600	126.00
0.340640	124.00
0.340680	122.00
0.340720	121.00
0.340760	121.00
0.340800	122.00
0.340840	123.00
0.340880	125.00
0.340920	126.00
0.340960	127.00
0.341000	126.00
0.341040	125.00
0.341080	124.00
0.341120	123.00
0.341160	123.00
0.341200	123.00
0.341240	123.00
0.341280	125.00
0.341320	125.00
0.341360	125.00
0.341400	126.00
0.341440	125.00
0.341480	124.00
0.341520	123.00
0.341560	122.00
0.341600	122.00
0.341640	123.00
0.341680	123.00
0.341720	124.00
0.341760	125.00
0.341800	125.00
0.341840	124.00
0.341880	124.00
0.341920	124.00
0.341960	123.00
0.342000	124.00
0.342040	124.00
0.342080	124.00
0.342120	125.00
0.342160	125.00
0.342200	125.00
0.342240	124.00
0.342280	124.00
0.342320	123.00
0.342360	123.00
0.342400	123.00
0.342440	124.00
0.342480	124.00
0.342520	125.00
0.342560	126.00
0.342600	126.00
0.342640	125.00
0.342680	125.00
0.342720	124.00
0.342760	124.00
0.342800	123.00
0.342840	123.00
0.342880	123.00
0.342920	123.00
0.342960	124.00
0.343000	125.00
0.343040	126.00
0.343080	125.00
0.343120	124.00
0.343160	124.00
0.343200	124.00
0.343240	123.00
0.343280	123.00
0.343320	123.00
0.343360	124.00
0.343400	125.00
0.343440	125.00
0.343480	125.00
0.343520	125.00
0.343560	125.00
0.343600	124.00
0.343640	123.00
0.343680	123.00
0.343720	123.00
0.343760	123.00
0.343800	124.00
0.343840	125.00
0.343880	125.00
0.343920	124.00
0.343960	125.00
0.344000	125.00
0.344040	125.00
0.344080	124.00
0.344120	124.00
0.344160	124.00
0.344200	125.00
0.344240	124.00
0.344280	124.00
0.344320	122.00
0.344360	121.00
0.344400	122.00
0.344440	123.00
0.344480	124.00
0.344520	127.00
0.344560	129.00
0.344600	128.00
0.344640	127.00
0.344680	123.00
0.344720	119.00
0.344760	117.00
0.344800	117.00
0.344840	120.00
0.344880	125.00
0.344920	131.00
0.344960	135.00
0.345000	136.00
0.345040	132.00
0.345080	126.00
0.345120	119.00
0.345160	113.00
0.345200	111.00
0.345240	114.00
0.345280	119.00
0.345320	126.00
0.345360	134.00
0.345400	136.00
0.345440	136.00
0.345480	132.00
0.345520	124.00
0.345560	118.00
0.345600	114.00
0.345640	112.00
0.345680	116.00
0.345720	121.00
0.345760	126.00
0.345800	130.00
0.345840	132.00
0.345880	131.00
0.345920	128.00
0.345960	125.00
0.346000	121.00
0.346040	119.00
0.346080	118.00
0.346120	119.00
0.346160	123.00
0.346200	125.00
0.346240	127.00
0.346280	127.00
0.346320	126.00
0.346360	125.00
0.346400	123.00
0.346440	122.00
0.346480	122.00
0.346520	123.00
0.346560	124.00
0.346600	124.00
0.346640	126.00
0.346680	127.00
0.346720	125.00
0.346760	124.00
0.346800	125.00
0.346840	124.00
0.346880	123.00
0.346920	122.00
0.346960	124.00
0.347000	124.00
0.347040	125.00
0.347080	125.00
0.347120	124.00
0.347160	124.00
0.347200	124.00
0.347240	124.00
0.347280	123.00
0.347320	123.00
0.347360	124.00
0.347400	124.00
0.347440	125.00
0.347480	124.00
0.347520	124.00
0.347560	124.00
0.347600	123.00
0.347640	123.00
0.347680	123.00
0.347720	123.00
0.347760	124.00
0.347800	125.00
0.347840	125.00
0.347880	125.00
0.347920	124.00
0.347960	124.00
0.348000	124.00
0.348040	124.00
0.348080	123.00
0.348120	124.00
0.348160	124.00
0.348200	124.00
0.348240	125.00
0.348280	125.00
0.348320	124.00
0.348360	124.00
0.348400	123.00
0.348440	123.00
0.348480	124.00
0.348520	123.00
0.348560	124.00
0.348600	125.00
0.348640	124.00
0.348680	125.00
0.348720	124.00
0.348760	124.00
0.348800	125.00
0.348840	124.00
0.348880	123.00
0.348920	123.00
0.348960	123.00
0.349000	124.00
0.349040	124.00
0.349080	124.00
0.349120	124.00
0.349160	124.00
0.349200	125.00
0.349240	125.00
0.349280	125.00
0.349320	125.00
0.349360	124.00
0.349400	124.00
0.349440	124.00
0.349480	123.00
0.349520	124.00
0.349560	124.00
0.349600	124.00
0.349640	125.00
0.349680	125.00
0.349720	124.00
0.349760	125.00
0.349800	124.00
0.349840	123.00
0.349880	123.00
0.349920	124.00
0.349960	124.00
0.350000	124.00
0.350040	125.00
0.350080	125.00
0.350120	124.00
0.350160	124.00
0.350200	125.00
0.350240	125.00
0.350280	125.00
0.350320	126.00
0.350360	125.00
0.350400	125.00
0.350440	124.00
0.350480	123.00
0.350520	122.00
0.350560	122.00
0.350600	123.00
0.350640	124.00
0.350680	124.00
0.350720	126.00
0.350760	127.00
0.350800	126.00
0.350840	125.00
0.350880	123.00
0.350920	120.00
0.350960	119.00
0.351000	120.00
0.351040	122.00
0.351080	125.00
0.351120	129.00
0.351160	131.00
0.351200	131.00
0.351240	127.00
0.351280	123.00
0.351320	120.00
0.351360	117.00
0.351400	116.00
0.351440	119.00
0.351480	123.00
0.351520	128.00
0.351560	131.00
0.351600	132.00
0.351640	129.00
0.351680	125.00
0.351720	121.00
0.351760	118.00
0.351800	117.00
0.351840	118.00
0.351880	122.00
0.351920	125.00
0.351960	128.00
0.352000	130.00
0.352040	128.00
0.352080	126.00
0.352120	124.00
0.352160	120.00
0.352200	120.00
0.352240	121.00
0.352280	122.00
0.352320	124.00
0.352360	126.00
0.352400	127.00
0.352440	126.00
0.352480	125.00
0.352520	124.00
0.352560	123.00
0.352600	121.00
0.352640	122.00
0.352680	123.00
0.352720	124.00
0.352760	126.00
0.352800	126.00
0.352840	126.00
0.352880	126.00
0.352920	125.00
0.352960	124.00
0.353000	123.00
0.353040	122.00
0.353080	123.00
0.353120	124.00
0.353160	125.00
0.353200	126.00
0.353240	125.00
0.353280	124.00
0.353320	124.00
0.353360	123.00
0.353400	123.00
0.353440	123.00
0.353480	124.00
0.353520	124.00
0.353560	124.00
0.353600	125.00
0.353640	125.00
0.353680	125.00
0.353720	124.00
0.353760	123.00
0.353800	123.00
0.353840	122.00
0.353880	123.00
0.353920	124.00
0.353960	125.00
0.354000	125.00
0.354040	125.00
0.354080	124.00
0.354120	124.00
0.354160	123.00
0.354200	123.00
0.354240	123.00
0.354280	123.00
0.354320	124.00
0.354360	125.00
0.354400	125.00
0.354440	126.00
0.354480	125.00
0.354520	124.00
0.354560	123.00
0.354600	123.00
0.354640	123.00
0.354680	123.00
0.354720	124.00
0.354760	125.00
0.354800	125.00
0.354840	125.00
0.354880	124.00
0.354920	123.00
0.354960	123.00
0.355000	123.00
0.355040	124.00
0.355080	124.00
0.355120	125.00
0.355160	125.00
0.355200	125.00
0.355240	124.00
0.355280	124.00
0.355320	124.00
0.355360	123.00
0.355400	123.00
0.355440	123.00
0.355480	125.00
0.355520	125.00
0.355560	125.00
0.355600	124.00
0.355640	124.00
0.355680	124.00
0.355720	124.00
0.355760	124.00
0.355800	124.00
0.355840	124.00
0.355880	124.00
0.355920	125.00
0.355960	125.00
0.356000	125.00
0.356040	125.00
0.356080	125.00
0.356120	125.00
0.356160	125.00
0.356200	124.00
0.356240	124.00
0.356280	124.00
0.356320	124.00
0.356360	124.00
0.356400	124.00
0.356440	124.00
0.356480	124.00
0.356520	124.00
0.356560	124.00
0.356600	124.00
0.356640	124.00
0.356680	124.00
0.356720	123.00
0.356760	124.00
0.356800	124.00
0.356840	123.00
0.356880	124.00
0.356920	124.00
0.356960	125.00
