0.310000	101.00
0.310020	49.00
0.310040	101.00
0.310060	140.00
0.310080	143.00
0.310100	124.00
0.310120	112.00
0.310140	118.00
0.310160	130.00
0.310180	133.00
0.310200	124.00
0.310220	117.00
0.310240	121.00
0.310260	128.00
0.310280	131.00
0.310300	125.00
0.310320	121.00
0.310340	122.00
0.310360	128.00
0.310380	129.00
0.310400	125.00
0.310420	122.00
0.310440	124.00
0.310460	128.00
0.310480	129.00
0.310500	126.00
0.310520	123.00
0.310540	124.00
0.310560	128.00
0.310580	129.00
0.310600	126.00
0.310620	124.00
0.310640	124.00
0.310660	127.00
0.310680	128.00
0.310700	126.00
0.310720	124.00
0.310740	124.00
0.310760	126.00
0.310780	126.00
0.310800	124.00
0.310820	123.00
0.310840	123.00
0.310860	126.00
0.310880	126.00
0.310900	124.00
0.310920	122.00
0.310940	123.00
0.310960	126.00
0.310980	127.00
0.311000	125.00
0.311020	124.00
0.311040	125.00
0.311060	126.00
0.311080	127.00
0.311100	125.00
0.311120	123.00
0.311140	123.00
0.311160	125.00
0.311180	125.00
0.311200	124.00
0.311220	122.00
0.311240	123.00
0.311260	125.00
0.311280	126.00
0.311300	125.00
0.311320	124.00
0.311340	124.00
0.311360	126.00
0.311380	126.00
0.311400	125.00
0.311420	124.00
0.311440	125.00
0.311460	126.00
0.311480	127.00
0.311500	126.00
0.311520	125.00
0.311540	125.00
0.311560	126.00
0.311580	126.00
0.311600	125.00
0.311620	124.00
0.311640	124.00
0.311660	125.00
0.311680	126.00
0.311700	125.00
0.311720	125.00
0.311740	125.00
0.311760	126.00
0.311780	126.00
0.311800	124.00
0.311820	123.00
0.311840	123.00
0.311860	124.00
0.311880	125.00
0.311900	125.00
0.311920	124.00
0.311940	125.00
0.311960	125.00
0.311980	125.00
0.312000	125.00
0.312020	124.00
0.312040	125.00
0.312060	126.00
0.312080	126.00
0.312100	125.00
0.312120	125.00
0.312140	125.00
0.312160	126.00
0.312180	127.00
0.312200	126.00
0.312220	125.00
0.312240	125.00
0.312260	125.00
0.312280	125.00
0.312300	124.00
0.312320	123.00
0.312340	124.00
0.312360	125.00
0.312380	126.00
0.312400	126.00
0.312420	125.00
0.312440	125.00
0.312460	125.00
0.312480	125.00
0.312500	124.00
0.312520	124.00
0.312540	124.00
0.312560	125.00
0.312580	125.00
0.312600	124.00
0.312620	124.00
0.312640	124.00
0.312660	125.00
0.312680	125.00
0.312700	125.00
0.312720	125.00
0.312740	126.00
0.312760	126.00
0.312780	126.00
0.312800	125.00
0.312820	123.00
0.312840	123.00
0.312860	123.00
0.312880	124.00
0.312900	123.00
0.312920	122.00
0.312940	123.00
0.312960	124.00
0.312980	125.00
0.313000	125.00
0.313020	124.00
0.313040	124.00
0.313060	124.00
0.313080	124.00
0.313100	124.00
0.313120	124.00
0.313140	125.00
0.313160	126.00
0.313180	127.00
0.313200	126.00
0.313220	125.00
0.313240	125.00
0.313260	126.00
0.313280	126.00
0.313300	125.00
0.313320	124.00
0.313340	123.00
0.313360	124.00
0.313380	124.00
0.313400	125.00
0.313420	125.00
0.313440	125.00
0.313460	125.00
0.313480	125.00
0.313500	124.00
0.313520	124.00
0.313540	124.00
0.313560	125.00
0.313580	125.00
0.313600	125.00
0.313620	125.00
0.313640	125.00
0.313660	126.00
0.313680	126.00
0.313700	125.00
0.313720	124.00
0.313740	124.00
0.313760	124.00
0.313780	124.00
0.313800	123.00
0.313820	123.00
0.313840	123.00
0.313860	124.00
0.313880	125.00
0.313900	125.00
0.313920	124.00
0.313940	124.00
0.313960	124.00
0.313980	124.00
0.314000	125.00
0.314020	125.00
0.314040	125.00
0.314060	125.00
0.314080	125.00
0.314100	124.00
0.314120	123.00
0.314140	124.00
0.314160	125.00
0.314180	125.00
0.314200	125.00
0.314220	125.00
0.314240	125.00
0.314260	125.00
0.314280	126.00
0.314300	125.00
0.314320	125.00
0.314340	125.00
0.314360	126.00
0.314380	125.00
0.314400	124.00
0.314420	123.00
0.314440	124.00
0.314460	125.00
0.314480	125.00
0.314500	125.00
0.314520	124.00
0.314540	124.00
0.314560	125.00
0.314580	125.00
0.314600	125.00
0.314620	124.00
0.314640	124.00
0.314660	124.00
0.314680	125.00
0.314700	125.00
0.314720	125.00
0.314740	124.00
0.314760	125.00
0.314780	126.00
0.314800	126.00
0.314820	126.00
0.314840	126.00
0.314860	125.00
0.314880	125.00
0.314900	124.00
0.314920	124.00
0.314940	124.00
0.314960	125.00
0.314980	125.00
0.315000	124.00
0.315020	123.00
0.315040	123.00
0.315060	124.00
0.315080	125.00
0.315100	125.00
0.315120	125.00
0.315140	125.00
0.315160	126.00
0.315180	126.00
0.315200	126.00
0.315220	125.00
0.315240	124.00
0.315260	125.00
0.315280	125.00
0.315300	126.00
0.315320	126.00
0.315340	125.00
0.315360	125.00
0.315380	125.00
0.315400	125.00
0.315420	125.00
0.315440	125.00
0.315460	125.00
0.315480	126.00
0.315500	126.00
0.315520	126.00
0.315540	125.00
0.315560	125.00
0.315580	125.00
0.315600	125.00
0.315620	125.00
0.315640	124.00
0.315660	124.00
0.315680	125.00
0.315700	125.00
0.315720	125.00
0.315740	125.00
0.315760	124.00
0.315780	124.00
0.315800	123.00
0.315820	123.00
0.315840	124.00
0.315860	125.00
0.315880	126.00
0.315900	125.00
0.315920	125.00
0.315940	125.00
0.315960	125.00
0.315980	125.00
0.316000	124.00
0.316020	123.00
0.316040	123.00
0.316060	124.00
0.316080	125.00
0.316100	125.00
0.316120	124.00
0.316140	124.00
0.316160	124.00
0.316180	125.00
0.316200	126.00
0.316220	125.00
0.316240	124.00
0.316260	124.00
0.316280	125.00
0.316300	125.00
0.316320	125.00
0.316340	125.00
0.316360	125.00
0.316380	126.00
0.316400	126.00
0.316420	126.00
0.316440	125.00
0.316460	125.00
0.316480	125.00
0.316500	126.00
0.316520	126.00
0.316540	126.00
0.316560	125.00
0.316580	124.00
0.316600	123.00
0.316620	123.00
0.316640	124.00
0.316660	124.00
0.316680	124.00
0.316700	124.00
0.316720	124.00
0.316740	124.00
0.316760	124.00
0.316780	124.00
0.316800	124.00
0.316820	125.00
0.316840	126.00
0.316860	126.00
0.316880	125.00
0.316900	124.00
0.316920	124.00
0.316940	125.00
0.316960	126.00
0.316980	126.00
0.317000	125.00
0.317020	123.00
0.317040	123.00
0.317060	123.00
0.317080	124.00
0.317100	124.00
0.317120	123.00
0.317140	123.00
0.317160	124.00
0.317180	125.00
0.317200	125.00
0.317220	125.00
0.317240	125.00
0.317260	125.00
0.317280	124.00
0.317300	124.00
0.317320	124.00
0.317340	125.00
0.317360	126.00
0.317380	126.00
0.317400	126.00
0.317420	125.00
0.317440	125.00
0.317460	125.00
0.317480	125.00
0.317500	125.00
0.317520	125.00
0.317540	124.00
0.317560	124.00
0.317580	124.00
0.317600	124.00
0.317620	123.00
0.317640	124.00
0.317660	124.00
0.317680	125.00
0.317700	125.00
0.317720	124.00
0.317740	124.00
0.317760	124.00
0.317780	125.00
0.317800	125.00
0.317820	124.00
0.317840	124.00
0.317860	124.00
0.317880	125.00
0.317900	125.00
0.317920	126.00
0.317940	125.00
0.317960	125.00
0.317980	125.00
0.318000	125.00
0.318020	125.00
0.318040	125.00
0.318060	125.00
0.318080	125.00
0.318100	125.00
0.318120	125.00
0.318140	125.00
0.318160	125.00
0.318180	124.00
0.318200	124.00
0.318220	124.00
0.318240	124.00
0.318260	125.00
0.318280	126.00
0.318300	126.00
0.318320	126.00
0.318340	126.00
0.318360	126.00
0.318380	125.00
0.318400	125.00
0.318420	125.00
0.318440	125.00
0.318460	125.00
0.318480	125.00
0.318500	125.00
0.318520	125.00
0.318540	125.00
0.318560	125.00
0.318580	125.00
0.318600	124.00
0.318620	124.00
0.318640	124.00
0.318660	125.00
0.318680	125.00
0.318700	124.00
0.318720	124.00
0.318740	124.00
0.318760	124.00
0.318780	124.00
0.318800	124.00
0.318820	124.00
0.318840	125.00
0.318860	126.00
0.318880	125.00
0.318900	124.00
0.318920	123.00
0.318940	123.00
0.318960	124.00
0.318980	125.00
0.319000	125.00
0.319020	125.00
0.319040	125.00
0.319060	125.00
0.319080	125.00
0.319100	124.00
0.319120	124.00
0.319140	124.00
0.319160	124.00
0.319180	124.00
0.319200	124.00
0.319220	124.00
0.319240	124.00
0.319260	125.00
0.319280	125.00
0.319300	126.00
0.319320	126.00
0.319340	126.00
0.319360	127.00
0.319380	127.00
0.319400	126.00
0.319420	126.00
0.319440	125.00
0.319460	126.00
0.319480	125.00
0.319500	125.00
0.319520	124.00
0.319540	124.00
0.319560	125.00
0.319580	125.00
0.319600	126.00
0.319620	126.00
0.319640	126.00
0.319660	126.00
0.319680	126.00
0.319700	125.00
0.319720	124.00
0.319740	124.00
0.319760	124.00
0.319780	124.00
0.319800	124.00
0.319820	124.00
0.319840	124.00
0.319860	124.00
0.319880	125.00
0.319900	125.00
0.319920	125.00
0.319940	125.00
0.319960	124.00
0.319980	124.00
0.320000	124.00
0.320020	124.00
0.320040	124.00
0.320060	124.00
0.320080	124.00
0.320100	124.00
0.320120	125.00
0.320140	125.00
0.320160	126.00
0.320180	125.00
0.320200	125.00
0.320220	125.00
0.320240	126.00
0.320260	126.00
0.320280	126.00
0.320300	126.00
0.320320	125.00
0.320340	125.00
0.320360	125.00
0.320380	125.00
0.320400	125.00
0.320420	125.00
0.320440	125.00
0.320460	125.00
0.320480	124.00
0.320500	124.00
0.320520	125.00
0.320540	126.00
0.320560	127.00
0.320580	127.00
0.320600	126.00
0.320620	125.00
0.320640	125.00
0.320660	126.00
0.320680	127.00
0.320700	127.00
0.320720	126.00
0.320740	125.00
0.320760	125.00
0.320780	124.00
0.320800	124.00
0.320820	123.00
0.320840	123.00
0.320860	123.00
0.320880	123.00
0.320900	123.00
0.320920	122.00
0.320940	122.00
0.320960	123.00
0.320980	124.00
0.321000	125.00
0.321020	125.00
0.321040	126.00
0.321060	127.00
0.321080	128.00
0.321100	128.00
0.321120	127.00
0.321140	127.00
0.321160	127.00
0.321180	127.00
0.321200	126.00
0.321220	125.00
0.321240	123.00
0.321260	122.00
0.321280	122.00
0.321300	121.00
0.321320	121.00
0.321340	120.00
0.321360	120.00
0.321380	121.00
0.321400	122.00
0.321420	123.00
0.321440	125.00
0.321460	126.00
0.321480	128.00
0.321500	129.00
0.321520	130.00
0.321540	131.00
0.321560	131.00
0.321580	131.00
0.321600	130.00
0.321620	129.00
0.321640	127.00
0.321660	126.00
0.321680	125.00
0.321700	123.00
0.321720	122.00
0.321740	121.00
0.321760	121.00
0.321780	120.00
0.321800	119.00
0.321820	118.00
0.321840	118.00
0.321860	119.00
0.321880	121.00
0.321900	122.00
0.321920	123.00
0.321940	125.00
0.321960	127.00
0.321980	129.00
0.322000	131.00
0.322020	131.00
0.322040	131.00
0.322060	130.00
0.322080	129.00
0.322100	129.00
0.322120	128.00
0.322140	126.00
0.322160	125.00
0.322180	123.00
0.322200	121.00
0.322220	121.00
0.322240	120.00
0.322260	119.00
0.322280	119.00
0.322300	118.00
0.322320	119.00
0.322340	120.00
0.322360	122.00
0.322380	123.00
0.322400	125.00
0.322420	126.00
0.322440	127.00
0.322460	128.00
0.322480	129.00
0.322500	129.00
0.322520	130.00
0.322540	130.00
0.322560	130.00
0.322580	129.00
0.322600	127.00
0.322620	126.00
0.322640	124.00
0.322660	123.00
0.322680	122.00
0.322700	121.00
0.322720	120.00
0.322740	120.00
0.322760	120.00
0.322780	120.00
0.322800	120.00
0.322820	121.00
0.322840	122.00
0.322860	124.00
0.322880	125.00
0.322900	126.00
0.322920	126.00
0.322940	127.00
0.322960	127.00
0.322980	127.00
0.323000	127.00
0.323020	126.00
0.323040	126.00
0.323060	126.00
0.323080	126.00
0.323100	125.00
0.323120	124.00
0.323140	123.00
0.323160	123.00
0.323180	123.00
0.323200	122.00
0.323220	123.00
0.323240	123.00
0.323260	124.00
0.323280	124.00
0.323300	124.00
0.323320	124.00
0.323340	125.00
0.323360	126.00
0.323380	126.00
0.323400	126.00
0.323420	125.00
0.323440	125.00
0.323460	125.00
0.323480	126.00
0.323500	126.00
0.323520	126.00
0.323540	126.00
0.323560	125.00
0.323580	125.00
0.323600	125.00
0.323620	125.00
0.323640	126.00
0.323660	126.00
0.323680	125.00
0.323700	124.00
0.323720	124.00
0.323740	123.00
0.323760	124.00
0.323780	124.00
0.323800	124.00
0.323820	125.00
0.323840	126.00
0.323860	126.00
0.323880	126.00
0.323900	126.00
0.323920	126.00
0.323940	126.00
0.323960	127.00
0.323980	127.00
0.324000	126.00
0.324020	126.00
0.324040	125.00
0.324060	124.00
0.324080	124.00
0.324100	123.00
0.324120	123.00
0.324140	123.00
0.324160	123.00
0.324180	124.00
0.324200	124.00
0.324220	125.00
0.324240	125.00
0.324260	126.00
0.324280	127.00
0.324300	127.00
0.324320	126.00
0.324340	126.00
0.324360	126.00
0.324380	126.00
0.324400	125.00
0.324420	125.00
0.324440	125.00
0.324460	126.00
0.324480	126.00
0.324500	125.00
0.324520	125.00
0.324540	125.00
0.324560	125.00
0.324580	125.00
0.324600	125.00
0.324620	125.00
0.324640	125.00
0.324660	125.00
0.324680	124.00
0.324700	124.00
0.324720	124.00
0.324740	124.00
0.324760	124.00
0.324780	123.00
0.324800	123.00
0.324820	123.00
0.324840	123.00
0.324860	123.00
0.324880	124.00
0.324900	124.00
0.324920	124.00
0.324940	124.00
0.324960	124.00
0.324980	124.00
0.325000	125.00
0.325020	125.00
0.325040	125.00
0.325060	124.00
0.325080	124.00
0.325100	123.00
0.325120	123.00
0.325140	123.00
0.325160	124.00
0.325180	124.00
0.325200	124.00
0.325220	124.00
0.325240	125.00
0.325260	126.00
0.325280	127.00
0.325300	126.00
0.325320	126.00
0.325340	125.00
0.325360	125.00
0.325380	126.00
0.325400	126.00
0.325420	126.00
0.325440	126.00
0.325460	126.00
0.325480	126.00
0.325500	125.00
0.325520	125.00
0.325540	125.00
0.325560	125.00
0.325580	125.00
0.325600	124.00
0.325620	124.00
0.325640	124.00
0.325660	124.00
0.325680	125.00
0.325700	125.00
0.325720	125.00
0.325740	124.00
0.325760	124.00
0.325780	124.00
0.325800	123.00
0.325820	123.00
0.325840	123.00
0.325860	123.00
0.325880	124.00
0.325900	125.00
0.325920	125.00
0.325940	125.00
0.325960	125.00
0.325980	124.00
0.326000	124.00
0.326020	124.00
0.326040	124.00
0.326060	124.00
0.326080	125.00
0.326100	125.00
0.326120	125.00
0.326140	125.00
0.326160	125.00
0.326180	126.00
0.326200	126.00
0.326220	126.00
0.326240	126.00
0.326260	125.00
0.326280	124.00
0.326300	124.00
0.326320	124.00
0.326340	124.00
0.326360	125.00
0.326380	125.00
0.326400	126.00
0.326420	126.00
0.326440	125.00
0.326460	125.00
0.326480	124.00
0.326500	124.00
0.326520	124.00
0.326540	124.00
0.326560	124.00
0.326580	124.00
0.326600	125.00
0.326620	126.00
0.326640	126.00
0.326660	126.00
0.326680	125.00
0.326700	124.00
0.326720	124.00
0.326740	124.00
0.326760	124.00
0.326780	124.00
0.326800	124.00
0.326820	124.00
0.326840	124.00
0.326860	124.00
0.326880	125.00
0.326900	125.00
0.326920	125.00
0.326940	125.00
0.326960	125.00
0.326980	125.00
0.327000	125.00
0.327020	125.00
0.327040	125.00
0.327060	124.00
0.327080	124.00
0.327100	124.00
0.327120	125.00
0.327140	125.00
0.327160	125.00
0.327180	125.00
0.327200	125.00
0.327220	125.00
0.327240	125.00
0.327260	125.00
0.327280	124.00
0.327300	124.00
0.327320	124.00
0.327340	125.00
0.327360	125.00
0.327380	126.00
0.327400	126.00
0.327420	125.00
0.327440	125.00
0.327460	124.00
0.327480	124.00
0.327500	124.00
0.327520	125.00
0.327540	126.00
0.327560	126.00
0.327580	126.00
0.327600	126.00
0.327620	125.00
0.327640	125.00
0.327660	125.00
0.327680	125.00
0.327700	124.00
0.327720	124.00
0.327740	124.00
0.327760	123.00
0.327780	123.00
0.327800	123.00
0.327820	124.00
0.327840	124.00
0.327860	124.00
0.327880	124.00
0.327900	124.00
0.327920	124.00
0.327940	125.00
0.327960	125.00
0.327980	125.00
0.328000	125.00
0.328020	125.00
0.328040	125.00
0.328060	125.00
0.328080	125.00
0.328100	126.00
0.328120	126.00
0.328140	126.00
0.328160	125.00
0.328180	125.00
0.328200	125.00
0.328220	125.00
0.328240	125.00
0.328260	125.00
0.328280	126.00
0.328300	126.00
0.328320	125.00
0.328340	125.00
0.328360	125.00
0.328380	124.00
0.328400	124.00
0.328420	125.00
0.328440	126.00
0.328460	127.00
0.328480	127.00
0.328500	126.00
0.328520	125.00
0.328540	125.00
0.328560	125.00
0.328580	125.00
0.328600	125.00
0.328620	124.00
0.328640	125.00
0.328660	125.00
0.328680	125.00
0.328700	125.00
0.328720	124.00
0.328740	124.00
0.328760	124.00
0.328780	124.00
0.328800	124.00
0.328820	125.00
0.328840	125.00
0.328860	125.00
0.328880	125.00
0.328900	125.00
0.328920	125.00
0.328940	125.00
0.328960	125.00
0.328980	125.00
0.329000	125.00
0.329020	124.00
0.329040	125.00
0.329060	126.00
0.329080	126.00
0.329100	126.00
0.329120	125.00
0.329140	124.00
0.329160	125.00
0.329180	125.00
0.329200	126.00
0.329220	126.00
0.329240	126.00
0.329260	126.00
0.329280	125.00
0.329300	125.00
0.329320	125.00
0.329340	125.00
0.329360	126.00
0.329380	126.00
0.329400	126.00
0.329420	126.00
0.329440	125.00
0.329460	125.00
0.329480	124.00
0.329500	124.00
0.329520	124.00
0.329540	125.00
0.329560	125.00
0.329580	126.00
0.329600	125.00
0.329620	125.00
0.329640	125.00
0.329660	125.00
0.329680	125.00
0.329700	124.00
0.329720	124.00
0.329740	123.00
0.329760	123.00
0.329780	123.00
0.329800	124.00
0.329820	125.00
0.329840	125.00
0.329860	125.00
0.329880	125.00
0.329900	124.00
0.329920	124.00
0.329940	125.00
0.329960	125.00
0.329980	125.00
0.330000	125.00
0.330020	124.00
0.330040	124.00
0.330060	124.00
0.330080	124.00
0.330100	124.00
0.330120	124.00
0.330140	124.00
0.330160	125.00
0.330180	126.00
0.330200	126.00
0.330220	125.00
0.330240	124.00
0.330260	124.00
0.330280	124.00
0.330300	124.00
0.330320	124.00
0.330340	124.00
0.330360	124.00
0.330380	125.00
0.330400	125.00
0.330420	125.00
0.330440	125.00
0.330460	124.00
0.330480	124.00
0.330500	124.00
0.330520	125.00
0.330540	125.00
0.330560	125.00
0.330580	125.00
0.330600	124.00
0.330620	124.00
0.330640	125.00
0.330660	125.00
0.330680	125.00
0.330700	124.00
0.330720	123.00
0.330740	123.00
0.330760	123.00
0.330780	124.00
0.330800	124.00
0.330820	124.00
0.330840	124.00
0.330860	124.00
0.330880	124.00
0.330900	124.00
0.330920	124.00
0.330940	124.00
0.330960	125.00
0.330980	125.00
0.331000	125.00
0.331020	125.00
0.331040	124.00
0.331060	124.00
0.331080	124.00
0.331100	124.00
0.331120	124.00
0.331140	124.00
0.331160	124.00
0.331180	125.00
0.331200	125.00
0.331220	124.00
0.331240	124.00
0.331260	124.00
0.331280	124.00
0.331300	123.00
0.331320	123.00
0.331340	123.00
0.331360	123.00
0.331380	124.00
0.331400	125.00
0.331420	126.00
0.331440	126.00
0.331460	126.00
0.331480	126.00
0.331500	126.00
0.331520	125.00
0.331540	124.00
0.331560	124.00
0.331580	124.00
0.331600	125.00
0.331620	125.00
0.331640	125.00
0.331660	125.00
0.331680	125.00
0.331700	125.00
0.331720	125.00
0.331740	124.00
0.331760	125.00
0.331780	125.00
0.331800	125.00
0.331820	125.00
0.331840	124.00
0.331860	125.00
0.331880	126.00
0.331900	126.00
0.331920	126.00
0.331940	124.00
0.331960	124.00
0.331980	123.00
0.332000	124.00
0.332020	124.00
0.332040	124.00
0.332060	125.00
0.332080	125.00
0.332100	126.00
0.332120	126.00
0.332140	126.00
0.332160	125.00
0.332180	125.00
0.332200	126.00
0.332220	126.00
0.332240	126.00
0.332260	126.00
0.332280	126.00
0.332300	126.00
0.332320	126.00
0.332340	125.00
0.332360	125.00
0.332380	125.00
0.332400	124.00
0.332420	124.00
0.332440	123.00
0.332460	123.00
0.332480	124.00
0.332500	125.00
0.332520	125.00
0.332540	126.00
0.332560	125.00
0.332580	125.00
0.332600	124.00
0.332620	124.00
0.332640	124.00
0.332660	124.00
0.332680	124.00
0.332700	125.00
0.332720	125.00
0.332740	125.00
0.332760	125.00
0.332780	125.00
0.332800	124.00
0.332820	124.00
0.332840	125.00
0.332860	125.00
0.332880	125.00
0.332900	125.00
0.332920	125.00
0.332940	125.00
0.332960	125.00
0.332980	125.00
0.333000	124.00
0.333020	124.00
0.333040	124.00
0.333060	124.00
0.333080	125.00
0.333100	125.00
0.333120	125.00
0.333140	125.00
0.333160	124.00
0.333180	124.00
0.333200	124.00
0.333220	125.00
0.333240	125.00
0.333260	124.00
0.333280	124.00
0.333300	123.00
0.333320	123.00
0.333340	124.00
0.333360	124.00
0.333380	124.00
0.333400	124.00
0.333420	124.00
0.333440	124.00
0.333460	125.00
0.333480	126.00
0.333500	126.00
0.333520	125.00
0.333540	125.00
0.333560	125.00
0.333580	125.00
0.333600	125.00
0.333620	124.00
0.333640	124.00
0.333660	124.00
0.333680	125.00
0.333700	125.00
0.333720	125.00
0.333740	124.00
0.333760	124.00
0.333780	125.00
0.333800	125.00
0.333820	125.00
0.333840	125.00
0.333860	125.00
0.333880	125.00
0.333900	125.00
0.333920	125.00
0.333940	125.00
0.333960	126.00
0.333980	126.00
0.334000	126.00
0.334020	126.00
0.334040	126.00
0.334060	125.00
0.334080	125.00
0.334100	125.00
0.334120	125.00
0.334140	125.00
0.334160	126.00
0.334180	126.00
0.334200	126.00
0.334220	126.00
0.334240	125.00
0.334260	125.00
0.334280	125.00
0.334300	125.00
0.334320	125.00
0.334340	125.00
0.334360	124.00
0.334380	124.00
0.334400	123.00
0.334420	123.00
0.334440	124.00
0.334460	125.00
0.334480	126.00
0.334500	126.00
0.334520	125.00
0.334540	125.00
0.334560	125.00
0.334580	125.00
0.334600	124.00
0.334620	124.00
0.334640	124.00
0.334660	124.00
0.334680	125.00
0.334700	125.00
0.334720	124.00
0.334740	124.00
0.334760	124.00
0.334780	125.00
0.334800	125.00
0.334820	125.00
0.334840	125.00
0.334860	125.00
0.334880	126.00
0.334900	126.00
0.334920	125.00
0.334940	124.00
0.334960	124.00
0.334980	124.00
0.335000	125.00
0.335020	126.00
0.335040	126.00
0.335060	126.00
0.335080	126.00
0.335100	126.00
0.335120	126.00
0.335140	125.00
0.335160	124.00
0.335180	124.00
0.335200	124.00
0.335220	124.00
0.335240	124.00
0.335260	124.00
0.335280	124.00
0.335300	124.00
0.335320	125.00
0.335340	125.00
0.335360	125.00
0.335380	125.00
0.335400	125.00
0.335420	125.00
0.335440	125.00
0.335460	125.00
0.335480	124.00
0.335500	124.00
0.335520	124.00
0.335540	123.00
0.335560	122.00
0.335580	122.00
0.335600	122.00
0.335620	123.00
0.335640	124.00
0.335660	124.00
0.335680	124.00
0.335700	124.00
0.335720	125.00
0.335740	125.00
0.335760	126.00
0.335780	126.00
0.335800	125.00
0.335820	125.00
0.335840	125.00
0.335860	125.00
0.335880	125.00
0.335900	124.00
0.335920	124.00
0.335940	124.00
0.335960	124.00
0.335980	125.00
0.336000	126.00
0.336020	126.00
0.336040	126.00
0.336060	126.00
0.336080	126.00
0.336100	126.00
0.336120	126.00
0.336140	126.00
0.336160	125.00
0.336180	125.00
0.336200	125.00
0.336220	125.00
0.336240	126.00
0.336260	126.00
0.336280	125.00
0.336300	125.00
0.336320	124.00
0.336340	124.00
0.336360	125.00
0.336380	125.00
0.336400	124.00
0.336420	124.00
0.336440	124.00
0.336460	124.00
0.336480	125.00
0.336500	125.00
0.336520	125.00
0.336540	125.00
0.336560	125.00
0.336580	124.00
0.336600	124.00
0.336620	124.00
0.336640	124.00
0.336660	124.00
0.336680	124.00
0.336700	125.00
0.336720	125.00
0.336740	125.00
0.336760	125.00
0.336780	125.00
0.336800	125.00
0.336820	126.00
0.336840	126.00
0.336860	125.00
0.336880	125.00
0.336900	124.00
0.336920	124.00
0.336940	124.00
0.336960	125.00
0.336980	124.00
0.337000	124.00
0.337020	124.00
0.337040	125.00
0.337060	126.00
0.337080	126.00
0.337100	126.00
0.337120	125.00
0.337140	124.00
0.337160	124.00
0.337180	124.00
0.337200	124.00
0.337220	124.00
0.337240	124.00
0.337260	124.00
0.337280	124.00
0.337300	124.00
0.337320	125.00
0.337340	126.00
0.337360	126.00
0.337380	125.00
0.337400	125.00
0.337420	124.00
0.337440	124.00
0.337460	124.00
0.337480	125.00
0.337500	125.00
0.337520	124.00
0.337540	124.00
0.337560	124.00
0.337580	125.00
0.337600	125.00
0.337620	125.00
0.337640	125.00
0.337660	125.00
0.337680	125.00
0.337700	125.00
0.337720	125.00
0.337740	125.00
0.337760	125.00
0.337780	125.00
0.337800	125.00
0.337820	125.00
0.337840	125.00
0.337860	124.00
0.337880	124.00
0.337900	123.00
0.337920	123.00
0.337940	123.00
0.337960	124.00
0.337980	125.00
0.338000	125.00
0.338020	125.00
0.338040	125.00
0.338060	126.00
0.338080	126.00
0.338100	125.00
0.338120	125.00
0.338140	125.00
0.338160	125.00
0.338180	126.00
0.338200	126.00
0.338220	125.00
0.338240	125.00
0.338260	125.00
0.338280	125.00
0.338300	126.00
0.338320	126.00
0.338340	126.00
0.338360	126.00
0.338380	125.00
0.338400	125.00
0.338420	124.00
0.338440	123.00
0.338460	123.00
0.338480	124.00
0.338500	124.00
0.338520	124.00
0.338540	124.00
0.338560	124.00
0.338580	124.00
0.338600	124.00
0.338620	124.00
0.338640	124.00
0.338660	124.00
0.338680	124.00
0.338700	124.00
0.338720	124.00
0.338740	125.00
0.338760	125.00
0.338780	125.00
0.338800	125.00
0.338820	125.00
0.338840	125.00
0.338860	126.00
0.338880	126.00
0.338900	126.00
0.338920	125.00
0.338940	125.00
0.338960	125.00
0.338980	125.00
0.339000	125.00
0.339020	125.00
0.339040	124.00
0.339060	123.00
0.339080	123.00
0.339100	123.00
0.339120	123.00
0.339140	124.00
0.339160	124.00
0.339180	124.00
0.339200	125.00
0.339220	125.00
0.339240	125.00
0.339260	126.00
0.339280	127.00
0.339300	127.00
0.339320	126.00
0.339340	126.00
0.339360	125.00
0.339380	124.00
0.339400	124.00
0.339420	124.00
0.339440	124.00
0.339460	124.00
0.339480	124.00
0.339500	124.00
0.339520	124.00
0.339540	124.00
0.339560	124.00
0.339580	124.00
0.339600	124.00
0.339620	125.00
0.339640	125.00
0.339660	125.00
0.339680	125.00
0.339700	125.00
0.339720	125.00
0.339740	125.00
0.339760	125.00
0.339780	125.00
0.339800	125.00
0.339820	125.00
0.339840	125.00
0.339860	124.00
0.339880	124.00
0.339900	125.00
0.339920	125.00
0.339940	125.00
0.339960	125.00
0.339980	125.00
0.340000	125.00
0.340020	125.00
0.340040	125.00
0.340060	124.00
0.340080	124.00
0.340100	124.00
0.340120	125.00
0.340140	125.00
0.340160	125.00
0.340180	125.00
0.340200	125.00
0.340220	124.00
0.340240	124.00
0.340260	124.00
0.340280	124.00
0.340300	124.00
0.340320	125.00
0.340340	125.00
0.340360	124.00
0.340380	124.00
0.340400	124.00
0.340420	124.00
0.340440	124.00
0.340460	124.00
0.340480	125.00
0.340500	125.00
0.340520	126.00
0.340540	126.00
0.340560	125.00
0.340580	125.00
0.340600	124.00
0.340620	124.00
0.340640	124.00
0.340660	124.00
0.340680	124.00
0.340700	124.00
0.340720	125.00
0.340740	125.00
0.340760	125.00
0.340780	124.00
0.340800	124.00
0.340820	124.00
0.340840	125.00
0.340860	125.00
0.340880	125.00
0.340900	125.00
0.340920	125.00
0.340940	125.00
0.340960	125.00
0.340980	125.00
0.341000	125.00
0.341020	125.00
0.341040	124.00
0.341060	124.00
0.341080	125.00
0.341100	125.00
0.341120	125.00
0.341140	125.00
0.341160	124.00
0.341180	124.00
0.341200	124.00
0.341220	124.00
0.341240	124.00
0.341260	124.00
0.341280	124.00
0.341300	124.00
0.341320	125.00
0.341340	125.00
0.341360	126.00
0.341380	126.00
0.341400	126.00
0.341420	126.00
0.341440	126.00
0.341460	125.00
0.341480	125.00
0.341500	125.00
0.341520	125.00
0.341540	124.00
0.341560	124.00
0.341580	124.00
0.341600	125.00
0.341620	124.00
0.341640	124.00
0.341660	124.00
0.341680	124.00
0.341700	124.00
0.341720	125.00
0.341740	124.00
0.341760	124.00
0.341780	124.00
0.341800	124.00
0.341820	124.00
0.341840	124.00
0.341860	124.00
0.341880	124.00
0.341900	125.00
0.341920	126.00
0.341940	126.00
0.341960	124.00
0.341980	123.00
0.342000	123.00
0.342020	124.00
0.342040	125.00
0.342060	125.00
0.342080	126.00
0.342100	126.00
0.342120	126.00
0.342140	126.00
0.342160	125.00
0.342180	125.00
0.342200	125.00
0.342220	126.00
0.342240	126.00
0.342260	125.00
0.342280	124.00
0.342300	123.00
0.342320	123.00
0.342340	124.00
0.342360	125.00
0.342380	125.00
0.342400	124.00
0.342420	124.00
0.342440	124.00
0.342460	125.00
0.342480	125.00
0.342500	125.00
0.342520	125.00
0.342540	125.00
0.342560	124.00
0.342580	124.00
0.342600	125.00
0.342620	125.00
0.342640	126.00
0.342660	126.00
0.342680	126.00
0.342700	126.00
0.342720	126.00
0.342740	126.00
0.342760	126.00
0.342780	125.00
0.342800	125.00
0.342820	125.00
0.342840	126.00
0.342860	126.00
0.342880	126.00
0.342900	126.00
0.342920	125.00
0.342940	125.00
0.342960	124.00
0.342980	124.00
0.343000	124.00
0.343020	124.00
0.343040	125.00
0.343060	125.00
0.343080	124.00
0.343100	124.00
0.343120	124.00
0.343140	125.00
0.343160	126.00
0.343180	126.00
0.343200	126.00
0.343220	126.00
0.343240	125.00
0.343260	126.00
0.343280	126.00
0.343300	125.00
0.343320	124.00
0.343340	123.00
0.343360	123.00
0.343380	123.00
0.343400	124.00
0.343420	124.00
0.343440	124.00
0.343460	124.00
0.343480	124.00
0.343500	124.00
0.343520	125.00
0.343540	126.00
0.343560	126.00
0.343580	125.00
0.343600	125.00
0.343620	124.00
0.343640	125.00
0.343660	125.00
0.343680	125.00
0.343700	125.00
0.343720	125.00
0.343740	125.00
0.343760	125.00
0.343780	124.00
0.343800	124.00
0.343820	124.00
0.343840	124.00
0.343860	125.00
0.343880	125.00
0.343900	125.00
0.343920	125.00
0.343940	125.00
0.343960	125.00
0.343980	125.00
0.344000	125.00
0.344020	125.00
0.344040	125.00
0.344060	125.00
0.344080	126.00
0.344100	126.00
0.344120	125.00
0.344140	125.00
0.344160	125.00
0.344180	125.00
0.344200	125.00
0.344220	124.00
0.344240	124.00
0.344260	124.00
0.344280	125.00
0.344300	125.00
0.344320	125.00
0.344340	124.00
0.344360	124.00
0.344380	124.00
0.344400	125.00
0.344420	125.00
0.344440	125.00
0.344460	125.00
0.344480	124.00
0.344500	125.00
0.344520	125.00
0.344540	126.00
0.344560	125.00
0.344580	125.00
0.344600	124.00
0.344620	125.00
0.344640	125.00
0.344660	125.00
0.344680	125.00
0.344700	125.00
0.344720	126.00
0.344740	126.00
0.344760	126.00
0.344780	126.00
0.344800	125.00
0.344820	124.00
0.344840	123.00
0.344860	123.00
0.344880	123.00
0.344900	124.00
0.344920	124.00
0.344940	125.00
0.344960	125.00
0.344980	125.00
0.345000	124.00
0.345020	124.00
0.345040	125.00
0.345060	125.00
0.345080	126.00
0.345100	126.00
0.345120	125.00
0.345140	125.00
0.345160	125.00
0.345180	124.00
0.345200	124.00
0.345220	124.00
0.345240	124.00
0.345260	124.00
0.345280	124.00
0.345300	124.00
0.345320	124.00
0.345340	124.00
0.345360	124.00
0.345380	124.00
0.345400	124.00
0.345420	124.00
0.345440	125.00
0.345460	125.00
0.345480	125.00
0.345500	124.00
0.345520	123.00
0.345540	123.00
0.345560	123.00
0.345580	124.00
0.345600	124.00
0.345620	124.00
0.345640	124.00
0.345660	124.00
0.345680	124.00
0.345700	125.00
0.345720	125.00
0.345740	126.00
0.345760	126.00
0.345780	126.00
0.345800	126.00
0.345820	126.00
0.345840	126.00
0.345860	125.00
0.345880	125.00
0.345900	124.00
0.345920	124.00
0.345940	124.00
0.345960	125.00
0.345980	125.00
0.346000	125.00
0.346020	125.00
0.346040	125.00
0.346060	124.00
0.346080	125.00
0.346100	125.00
0.346120	126.00
0.346140	126.00
0.346160	126.00
0.346180	126.00
0.346200	125.00
0.346220	125.00
0.346240	126.00
0.346260	126.00
0.346280	126.00
0.346300	126.00
0.346320	126.00
0.346340	126.00
0.346360	126.00
0.346380	126.00
0.346400	126.00
0.346420	125.00
0.346440	125.00
0.346460	125.00
0.346480	125.00
0.346500	125.00
0.346520	125.00
0.346540	125.00
0.346560	125.00
0.346580	125.00
0.346600	124.00
0.346620	124.00
0.346640	125.00
0.346660	125.00
0.346680	126.00
0.346700	126.00
0.346720	125.00
0.346740	124.00
0.346760	124.00
0.346780	124.00
0.346800	124.00
0.346820	124.00
0.346840	125.00
0.346860	125.00
0.346880	125.00
0.346900	125.00
0.346920	125.00
0.346940	125.00
0.346960	125.00
0.346980	125.00
0.347000	125.00
0.347020	124.00
0.347040	124.00
0.347060	124.00
0.347080	125.00
0.347100	125.00
0.347120	125.00
0.347140	124.00
0.347160	124.00
0.347180	124.00
0.347200	124.00
0.347220	124.00
0.347240	124.00
0.347260	123.00
0.347280	123.00
0.347300	123.00
0.347320	123.00
0.347340	124.00
0.347360	124.00
0.347380	124.00
0.347400	125.00
0.347420	125.00
0.347440	125.00
0.347460	125.00
0.347480	125.00
0.347500	124.00
0.347520	124.00
0.347540	124.00
0.347560	124.00
0.347580	124.00
0.347600	124.00
0.347620	124.00
0.347640	124.00
0.347660	124.00
0.347680	124.00
0.347700	124.00
0.347720	124.00
0.347740	125.00
0.347760	125.00
0.347780	125.00
0.347800	125.00
0.347820	125.00
0.347840	125.00
0.347860	126.00
0.347880	126.00
0.347900	126.00
0.347920	126.00
0.347940	125.00
0.347960	125.00
0.347980	125.00
0.348000	125.00
0.348020	125.00
0.348040	125.00
0.348060	125.00
0.348080	126.00
0.348100	126.00
0.348120	126.00
0.348140	126.00
0.348160	125.00
0.348180	125.00
0.348200	125.00
0.348220	125.00
0.348240	125.00
0.348260	125.00
0.348280	125.00
0.348300	124.00
0.348320	123.00
0.348340	123.00
0.348360	124.00
0.348380	124.00
0.348400	124.00
0.348420	124.00
0.348440	124.00
0.348460	124.00
0.348480	125.00
0.348500	125.00
0.348520	125.00
0.348540	125.00
0.348560	125.00
0.348580	125.00
0.348600	124.00
0.348620	124.00
0.348640	124.00
0.348660	125.00
0.348680	126.00
0.348700	127.00
0.348720	126.00
0.348740	125.00
0.348760	125.00
0.348780	126.00
0.348800	126.00
0.348820	125.00
0.348840	124.00
0.348860	124.00
0.348880	125.00
0.348900	125.00
0.348920	125.00
0.348940	124.00
0.348960	124.00
0.348980	124.00
0.349000	125.00
0.349020	125.00
0.349040	125.00
0.349060	124.00
0.349080	124.00
0.349100	124.00
0.349120	125.00
0.349140	124.00
0.349160	124.00
0.349180	123.00
0.349200	123.00
0.349220	124.00
0.349240	125.00
0.349260	125.00
0.349280	124.00
0.349300	124.00
0.349320	124.00
0.349340	125.00
0.349360	125.00
0.349380	125.00
0.349400	125.00
0.349420	125.00
0.349440	125.00
0.349460	125.00
0.349480	125.00
0.349500	125.00
0.349520	124.00
0.349540	124.00
0.349560	124.00
0.349580	124.00
0.349600	125.00
0.349620	126.00
0.349640	126.00
0.349660	125.00
0.349680	124.00
0.349700	124.00
0.349720	123.00
0.349740	123.00
0.349760	124.00
0.349780	124.00
0.349800	125.00
0.349820	125.00
0.349840	125.00
0.349860	125.00
0.349880	125.00
0.349900	125.00
0.349920	125.00
0.349940	126.00
0.349960	126.00
0.349980	127.00
