0.380000	101.00
0.380020	49.00
0.380040	101.00
0.380060	140.00
0.380080	143.00
0.380100	124.00
0.380120	112.00
0.380140	119.00
0.380160	132.00
0.380180	135.00
0.380200	126.00
0.380220	118.00
0.380240	121.00
0.380260	129.00
0.380280	130.00
0.380300	125.00
0.380320	121.00
0.380340	123.00
0.380360	129.00
0.380380	130.00
0.380400	126.00
0.380420	122.00
0.380440	123.00
0.380460	127.00
0.380480	129.00
0.380500	126.00
0.380520	122.00
0.380540	123.00
0.380560	126.00
0.380580	127.00
0.380600	125.00
0.380620	123.00
0.380640	124.00
0.380660	126.00
0.380680	127.00
0.380700	125.00
0.380720	123.00
0.380740	124.00
0.380760	127.00
0.380780	127.00
0.380800	125.00
0.380820	123.00
0.380840	124.00
0.380860	125.00
0.380880	126.00
0.380900	124.00
0.380920	122.00
0.380940	123.00
0.380960	126.00
0.380980	127.00
0.381000	126.00
0.381020	124.00
0.381040	124.00
0.381060	125.00
0.381080	126.00
0.381100	125.00
0.381120	124.00
0.381140	125.00
0.381160	127.00
0.381180	127.00
0.381200	126.00
0.381220	124.00
0.381240	125.00
0.381260	126.00
0.381280	126.00
0.381300	125.00
0.381320	124.00
0.381340	124.00
0.381360	125.00
0.381380	126.00
0.381400	124.00
0.381420	123.00
0.381440	123.00
0.381460	125.00
0.381480	125.00
0.381500	125.00
0.381520	124.00
0.381540	124.00
0.381560	125.00
0.381580	126.00
0.381600	125.00
0.381620	124.00
0.381640	124.00
0.381660	125.00
0.381680	126.00
0.381700	125.00
0.381720	124.00
0.381740	125.00
0.381760	126.00
0.381780	126.00
0.381800	125.00
0.381820	124.00
0.381840	124.00
0.381860	125.00
0.381880	126.00
0.381900	126.00
0.381920	125.00
0.381940	126.00
0.381960	127.00
0.381980	127.00
0.382000	126.00
0.382020	125.00
0.382040	125.00
0.382060	125.00
0.382080	126.00
0.382100	125.00
0.382120	124.00
0.382140	125.00
0.382160	125.00
0.382180	126.00
0.382200	125.00
0.382220	124.00
0.382240	125.00
0.382260	126.00
0.382280	126.00
0.382300	126.00
0.382320	126.00
0.382340	125.00
0.382360	126.00
0.382380	126.00
0.382400	125.00
0.382420	125.00
0.382440	125.00
0.382460	125.00
0.382480	126.00
0.382500	125.00
0.382520	125.00
0.382540	125.00
0.382560	125.00
0.382580	125.00
0.382600	124.00
0.382620	124.00
0.382640	124.00
0.382660	125.00
0.382680	125.00
0.382700	124.00
0.382720	124.00
0.382740	124.00
0.382760	125.00
0.382780	125.00
0.382800	125.00
0.382820	124.00
0.382840	124.00
0.382860	125.00
0.382880	125.00
0.382900	125.00
0.382920	125.00
0.382940	125.00
0.382960	125.00
0.382980	126.00
0.383000	126.00
0.383020	125.00
0.383040	126.00
0.383060	126.00
0.383080	126.00
0.383100	125.00
0.383120	125.00
0.383140	125.00
0.383160	126.00
0.383180	126.00
0.383200	125.00
0.383220	124.00
0.383240	124.00
0.383260	125.00
0.383280	125.00
0.383300	125.00
0.383320	124.00
0.383340	125.00
0.383360	125.00
0.383380	126.00
0.383400	125.00
0.383420	124.00
0.383440	124.00
0.383460	125.00
0.383480	125.00
0.383500	125.00
0.383520	124.00
0.383540	124.00
0.383560	124.00
0.383580	125.00
0.383600	125.00
0.383620	125.00
0.383640	124.00
0.383660	124.00
0.383680	124.00
0.383700	124.00
0.383720	124.00
0.383740	124.00
0.383760	124.00
0.383780	125.00
0.383800	125.00
0.383820	125.00
0.383840	125.00
0.383860	124.00
0.383880	125.00
0.383900	125.00
0.383920	125.00
0.383940	126.00
0.383960	126.00
0.383980	126.00
0.384000	125.00
0.384020	125.00
0.384040	125.00
0.384060	125.00
0.384080	125.00
0.384100	124.00
0.384120	124.00
0.384140	124.00
0.384160	124.00
0.384180	124.00
0.384200	124.00
0.384220	124.00
0.384240	124.00
0.384260	125.00
0.384280	125.00
0.384300	125.00
0.384320	124.00
0.384340	124.00
0.384360	124.00
0.384380	124.00
0.384400	125.00
0.384420	125.00
0.384440	125.00
0.384460	125.00
0.384480	125.00
0.384500	124.00
0.384520	124.00
0.384540	125.00
0.384560	125.00
0.384580	125.00
0.384600	124.00
0.384620	124.00
0.384640	125.00
0.384660	126.00
0.384680	126.00
0.384700	125.00
0.384720	125.00
0.384740	124.00
0.384760	125.00
0.384780	124.00
0.384800	124.00
0.384820	124.00
0.384840	124.00
0.384860	124.00
0.384880	124.00
0.384900	124.00
0.384920	124.00
0.384940	124.00
0.384960	125.00
0.384980	125.00
0.385000	125.00
0.385020	125.00
0.385040	126.00
0.385060	126.00
0.385080	126.00
0.385100	126.00
0.385120	125.00
0.385140	125.00
0.385160	126.00
0.385180	126.00
0.385200	125.00
0.385220	125.00
0.385240	125.00
0.385260	125.00
0.385280	125.00
0.385300	125.00
0.385320	125.00
0.385340	124.00
0.385360	124.00
0.385380	125.00
0.385400	125.00
0.385420	125.00
0.385440	126.00
0.385460	126.00
0.385480	126.00
0.385500	125.00
0.385520	125.00
0.385540	125.00
0.385560	125.00
0.385580	125.00
0.385600	125.00
0.385620	124.00
0.385640	125.00
0.385660	125.00
0.385680	125.00
0.385700	125.00
0.385720	124.00
0.385740	124.00
0.385760	125.00
0.385780	125.00
0.385800	125.00
0.385820	125.00
0.385840	125.00
0.385860	126.00
0.385880	126.00
0.385900	126.00
0.385920	126.00
0.385940	125.00
0.385960	125.00
0.385980	125.00
0.386000	125.00
0.386020	125.00
0.386040	126.00
0.386060	126.00
0.386080	125.00
0.386100	125.00
0.386120	125.00
0.386140	126.00
0.386160	126.00
0.386180	126.00
0.386200	126.00
0.386220	125.00
0.386240	125.00
0.386260	125.00
0.386280	125.00
0.386300	125.00
0.386320	124.00
0.386340	124.00
0.386360	125.00
0.386380	126.00
0.386400	126.00
0.386420	125.00
0.386440	125.00
0.386460	125.00
0.386480	126.00
0.386500	126.00
0.386520	126.00
0.386540	126.00
0.386560	125.00
0.386580	125.00
0.386600	125.00
0.386620	125.00
0.386640	124.00
0.386660	124.00
0.386680	124.00
0.386700	125.00
0.386720	126.00
0.386740	126.00
0.386760	126.00
0.386780	125.00
0.386800	125.00
0.386820	125.00
0.386840	125.00
0.386860	125.00
0.386880	125.00
0.386900	124.00
0.386920	124.00
0.386940	124.00
0.386960	125.00
0.386980	125.00
0.387000	125.00
0.387020	125.00
0.387040	125.00
0.387060	125.00
0.387080	125.00
0.387100	125.00
0.387120	125.00
0.387140	126.00
0.387160	126.00
0.387180	126.00
0.387200	125.00
0.387220	124.00
0.387240	123.00
0.387260	123.00
0.387280	124.00
0.387300	125.00
0.387320	125.00
0.387340	126.00
0.387360	126.00
0.387380	126.00
0.387400	125.00
0.387420	124.00
0.387440	124.00
0.387460	124.00
0.387480	124.00
0.387500	124.00
0.387520	125.00
0.387540	125.00
0.387560	125.00
0.387580	125.00
0.387600	125.00
0.387620	125.00
0.387640	125.00
0.387660	125.00
0.387680	125.00
0.387700	124.00
0.387720	125.00
0.387740	125.00
0.387760	126.00
0.387780	126.00
0.387800	125.00
0.387820	125.00
0.387840	125.00
0.387860	125.00
0.387880	125.00
0.387900	124.00
0.387920	124.00
0.387940	124.00
0.387960	125.00
0.387980	126.00
0.388000	126.00
0.388020	125.00
0.388040	125.00
0.388060	126.00
0.388080	126.00
0.388100	125.00
0.388120	125.00
0.388140	125.00
0.388160	125.00
0.388180	126.00
0.388200	126.00
0.388220	126.00
0.388240	126.00
0.388260	126.00
0.388280	126.00
0.388300	126.00
0.388320	125.00
0.388340	125.00
0.388360	125.00
0.388380	125.00
0.388400	125.00
0.388420	124.00
0.388440	124.00
0.388460	124.00
0.388480	125.00
0.388500	125.00
0.388520	125.00
0.388540	125.00
0.388560	124.00
0.388580	125.00
0.388600	125.00
0.388620	125.00
0.388640	125.00
0.388660	125.00
0.388680	125.00
0.388700	125.00
0.388720	125.00
0.388740	125.00
0.388760	125.00
0.388780	126.00
0.388800	126.00
0.388820	126.00
0.388840	125.00
0.388860	125.00
0.388880	124.00
0.388900	124.00
0.388920	124.00
0.388940	125.00
0.388960	126.00
0.388980	126.00
0.389000	125.00
0.389020	124.00
0.389040	124.00
0.389060	125.00
0.389080	125.00
0.389100	124.00
0.389120	124.00
0.389140	125.00
0.389160	125.00
0.389180	125.00
0.389200	125.00
0.389220	125.00
0.389240	125.00
0.389260	125.00
0.389280	125.00
0.389300	125.00
0.389320	124.00
0.389340	124.00
0.389360	125.00
0.389380	125.00
0.389400	125.00
0.389420	125.00
0.389440	124.00
0.389460	124.00
0.389480	124.00
0.389500	124.00
0.389520	124.00
0.389540	124.00
0.389560	125.00
0.389580	125.00
0.389600	126.00
0.389620	125.00
0.389640	125.00
0.389660	125.00
0.389680	125.00
0.389700	125.00
0.389720	125.00
0.389740	125.00
0.389760	125.00
0.389780	125.00
0.389800	126.00
0.389820	125.00
0.389840	125.00
0.389860	126.00
0.389880	126.00
0.389900	126.00
0.389920	125.00
0.389940	125.00
0.389960	125.00
0.389980	126.00
0.390000	126.00
0.390020	126.00
0.390040	125.00
0.390060	124.00
0.390080	124.00
0.390100	125.00
0.390120	125.00
0.390140	125.00
0.390160	125.00
0.390180	125.00
0.390200	125.00
0.390220	125.00
0.390240	125.00
0.390260	125.00
0.390280	125.00
0.390300	125.00
0.390320	125.00
0.390340	125.00
0.390360	125.00
0.390380	125.00
0.390400	125.00
0.390420	125.00
0.390440	125.00
0.390460	125.00
0.390480	126.00
0.390500	125.00
0.390520	125.00
0.390540	125.00
0.390560	125.00
0.390580	125.00
0.390600	125.00
0.390620	125.00
0.390640	124.00
0.390660	124.00
0.390680	124.00
0.390700	124.00
0.390720	124.00
0.390740	124.00
0.390760	125.00
0.390780	125.00
0.390800	125.00
0.390820	125.00
0.390840	125.00
0.390860	125.00
0.390880	125.00
0.390900	126.00
0.390920	126.00
0.390940	126.00
0.390960	126.00
0.390980	126.00
0.391000	126.00
0.391020	125.00
0.391040	125.00
0.391060	125.00
0.391080	124.00
0.391100	124.00
0.391120	125.00
0.391140	125.00
0.391160	125.00
0.391180	125.00
0.391200	125.00
0.391220	124.00
0.391240	124.00
0.391260	125.00
0.391280	125.00
0.391300	125.00
0.391320	124.00
0.391340	124.00
0.391360	124.00
0.391380	124.00
0.391400	124.00
0.391420	125.00
0.391440	125.00
0.391460	125.00
0.391480	125.00
0.391500	125.00
0.391520	125.00
0.391540	125.00
0.391560	125.00
0.391580	126.00
0.391600	126.00
0.391620	125.00
0.391640	125.00
0.391660	125.00
0.391680	125.00
0.391700	125.00
0.391720	125.00
0.391740	125.00
0.391760	125.00
0.391780	125.00
0.391800	125.00
0.391820	125.00
0.391840	125.00
0.391860	125.00
0.391880	125.00
0.391900	125.00
0.391920	125.00
0.391940	126.00
0.391960	126.00
0.391980	126.00
0.392000	126.00
0.392020	125.00
0.392040	124.00
0.392060	124.00
0.392080	124.00
0.392100	125.00
0.392120	125.00
0.392140	124.00
0.392160	124.00
0.392180	125.00
0.392200	125.00
0.392220	125.00
0.392240	125.00
0.392260	125.00
0.392280	125.00
0.392300	125.00
0.392320	125.00
0.392340	125.00
0.392360	125.00
0.392380	125.00
0.392400	125.00
0.392420	125.00
0.392440	125.00
0.392460	125.00
0.392480	125.00
0.392500	125.00
0.392520	125.00
0.392540	125.00
0.392560	125.00
0.392580	125.00
0.392600	126.00
0.392620	126.00
0.392640	126.00
0.392660	125.00
0.392680	125.00
0.392700	125.00
0.392720	125.00
0.392740	125.00
0.392760	124.00
0.392780	124.00
0.392800	124.00
0.392820	124.00
0.392840	124.00
0.392860	125.00
0.392880	126.00
0.392900	126.00
0.392920	125.00
0.392940	124.00
0.392960	124.00
0.392980	124.00
0.393000	125.00
0.393020	126.00
0.393040	126.00
0.393060	126.00
0.393080	125.00
0.393100	125.00
0.393120	125.00
0.393140	125.00
0.393160	125.00
0.393180	125.00
0.393200	125.00
0.393220	124.00
0.393240	124.00
0.393260	124.00
0.393280	124.00
0.393300	125.00
0.393320	125.00
0.393340	125.00
0.393360	125.00
0.393380	125.00
0.393400	125.00
0.393420	125.00
0.393440	125.00
0.393460	125.00
0.393480	126.00
0.393500	126.00
0.393520	126.00
0.393540	125.00
0.393560	125.00
0.393580	125.00
0.393600	125.00
0.393620	125.00
0.393640	125.00
0.393660	125.00
0.393680	125.00
0.393700	125.00
0.393720	125.00
0.393740	125.00
0.393760	125.00
0.393780	124.00
0.393800	124.00
0.393820	124.00
0.393840	125.00
0.393860	125.00
0.393880	125.00
0.393900	125.00
0.393920	125.00
0.393940	125.00
0.393960	126.00
0.393980	126.00
0.394000	125.00
0.394020	125.00
0.394040	124.00
0.394060	124.00
0.394080	124.00
0.394100	124.00
0.394120	124.00
0.394140	125.00
0.394160	125.00
0.394180	125.00
0.394200	125.00
0.394220	124.00
0.394240	124.00
0.394260	125.00
0.394280	125.00
0.394300	126.00
0.394320	125.00
0.394340	125.00
0.394360	125.00
0.394380	125.00
0.394400	125.00
0.394420	125.00
0.394440	125.00
0.394460	125.00
0.394480	124.00
0.394500	124.00
0.394520	124.00
0.394540	124.00
0.394560	124.00
0.394580	124.00
0.394600	124.00
0.394620	124.00
0.394640	124.00
0.394660	125.00
0.394680	125.00
0.394700	125.00
0.394720	125.00
0.394740	125.00
0.394760	125.00
0.394780	125.00
0.394800	125.00
0.394820	125.00
0.394840	125.00
0.394860	125.00
0.394880	126.00
0.394900	125.00
0.394920	125.00
0.394940	124.00
0.394960	124.00
0.394980	124.00
0.395000	125.00
0.395020	125.00
0.395040	125.00
0.395060	126.00
0.395080	126.00
0.395100	126.00
0.395120	126.00
0.395140	125.00
0.395160	125.00
0.395180	125.00
0.395200	126.00
0.395220	126.00
0.395240	126.00
0.395260	125.00
0.395280	125.00
0.395300	125.00
0.395320	125.00
0.395340	125.00
0.395360	125.00
0.395380	125.00
0.395400	125.00
0.395420	126.00
0.395440	126.00
0.395460	126.00
0.395480	125.00
0.395500	125.00
0.395520	125.00
0.395540	125.00
0.395560	125.00
0.395580	125.00
0.395600	125.00
0.395620	124.00
0.395640	124.00
0.395660	125.00
0.395680	125.00
0.395700	126.00
0.395720	125.00
0.395740	125.00
0.395760	124.00
0.395780	124.00
0.395800	124.00
0.395820	124.00
0.395840	124.00
0.395860	124.00
0.395880	124.00
0.395900	124.00
0.395920	124.00
0.395940	124.00
0.395960	125.00
0.395980	125.00
0.396000	126.00
0.396020	126.00
0.396040	126.00
0.396060	125.00
0.396080	125.00
0.396100	125.00
0.396120	125.00
0.396140	125.00
0.396160	125.00
0.396180	125.00
0.396200	125.00
0.396220	125.00
0.396240	125.00
0.396260	125.00
0.396280	125.00
0.396300	125.00
0.396320	125.00
0.396340	125.00
0.396360	125.00
0.396380	125.00
0.396400	124.00
0.396420	125.00
0.396440	125.00
0.396460	125.00
0.396480	125.00
0.396500	125.00
0.396520	125.00
0.396540	125.00
0.396560	125.00
0.396580	125.00
0.396600	125.00
0.396620	125.00
0.396640	125.00
0.396660	125.00
0.396680	125.00
0.396700	125.00
0.396720	125.00
0.396740	125.00
0.396760	124.00
0.396780	124.00
0.396800	124.00
0.396820	125.00
0.396840	125.00
0.396860	125.00
0.396880	125.00
0.396900	125.00
0.396920	125.00
0.396940	125.00
0.396960	125.00
0.396980	125.00
0.397000	124.00
0.397020	124.00
0.397040	124.00
0.397060	124.00
0.397080	124.00
0.397100	125.00
0.397120	125.00
0.397140	125.00
0.397160	125.00
0.397180	125.00
0.397200	125.00
0.397220	124.00
0.397240	124.00
0.397260	125.00
0.397280	126.00
0.397300	126.00
0.397320	127.00
0.397340	127.00
0.397360	127.00
0.397380	127.00
0.397400	127.00
0.397420	127.00
0.397440	126.00
0.397460	126.00
0.397480	125.00
0.397500	124.00
0.397520	124.00
0.397540	123.00
0.397560	122.00
0.397580	122.00
0.397600	122.00
0.397620	122.00
0.397640	122.00
0.397660	122.00
0.397680	122.00
0.397700	123.00
0.397720	125.00
0.397740	126.00
0.397760	128.00
0.397780	129.00
0.397800	130.00
0.397820	130.00
0.397840	130.00
0.397860	130.00
0.397880	129.00
0.397900	129.00
0.397920	128.00
0.397940	127.00
0.397960	125.00
0.397980	123.00
0.398000	122.00
0.398020	121.00
0.398040	121.00
0.398060	121.00
0.398080	121.00
0.398100	121.00
0.398120	121.00
0.398140	122.00
0.398160	123.00
0.398180	123.00
0.398200	124.00
0.398220	124.00
0.398240	125.00
0.398260	126.00
0.398280	127.00
0.398300	128.00
0.398320	129.00
0.398340	129.00
0.398360	128.00
0.398380	128.00
0.398400	126.00
0.398420	125.00
0.398440	124.00
0.398460	124.00
0.398480	125.00
0.398500	125.00
0.398520	124.00
0.398540	124.00
0.398560	124.00
0.398580	124.00
0.398600	123.00
0.398620	123.00
0.398640	123.00
0.398660	123.00
0.398680	123.00
0.398700	123.00
0.398720	124.00
0.398740	124.00
0.398760	125.00
0.398780	126.00
0.398800	126.00
0.398820	126.00
0.398840	126.00
0.398860	125.00
0.398880	125.00
0.398900	125.00
0.398920	126.00
0.398940	126.00
0.398960	127.00
0.398980	127.00
0.399000	126.00
0.399020	126.00
0.399040	125.00
0.399060	125.00
0.399080	125.00
0.399100	125.00
0.399120	125.00
0.399140	125.00
0.399160	126.00
0.399180	126.00
0.399200	126.00
0.399220	125.00
0.399240	125.00
0.399260	125.00
0.399280	125.00
0.399300	125.00
0.399320	125.00
0.399340	125.00
0.399360	125.00
0.399380	126.00
0.399400	125.00
0.399420	125.00
0.399440	125.00
0.399460	125.00
0.399480	125.00
0.399500	125.00
0.399520	125.00
0.399540	125.00
0.399560	125.00
0.399580	125.00
0.399600	124.00
0.399620	124.00
0.399640	124.00
0.399660	125.00
0.399680	125.00
0.399700	125.00
0.399720	125.00
0.399740	124.00
0.399760	124.00
0.399780	125.00
0.399800	125.00
0.399820	125.00
0.399840	125.00
0.399860	125.00
0.399880	125.00
0.399900	125.00
0.399920	124.00
0.399940	124.00
0.399960	124.00
0.399980	125.00
0.400000	125.00
0.400020	124.00
0.400040	124.00
0.400060	124.00
0.400080	124.00
0.400100	125.00
0.400120	125.00
0.400140	125.00
0.400160	125.00
0.400180	125.00
0.400200	125.00
0.400220	125.00
0.400240	125.00
0.400260	125.00
0.400280	125.00
0.400300	126.00
0.400320	126.00
0.400340	126.00
0.400360	125.00
0.400380	125.00
0.400400	125.00
0.400420	125.00
0.400440	125.00
0.400460	124.00
0.400480	124.00
0.400500	125.00
0.400520	125.00
0.400540	125.00
0.400560	125.00
0.400580	125.00
0.400600	125.00
0.400620	125.00
0.400640	125.00
0.400660	125.00
0.400680	125.00
0.400700	124.00
0.400720	124.00
0.400740	124.00
0.400760	124.00
0.400780	124.00
0.400800	124.00
0.400820	125.00
0.400840	125.00
0.400860	126.00
0.400880	126.00
0.400900	126.00
0.400920	126.00
0.400940	125.00
0.400960	125.00
0.400980	125.00
0.401000	125.00
0.401020	124.00
0.401040	124.00
0.401060	125.00
0.401080	125.00
0.401100	125.00
0.401120	125.00
0.401140	125.00
0.401160	125.00
0.401180	124.00
0.401200	124.00
0.401220	124.00
0.401240	124.00
0.401260	124.00
0.401280	124.00
0.401300	124.00
0.401320	124.00
0.401340	125.00
0.401360	125.00
0.401380	125.00
0.401400	125.00
0.401420	125.00
0.401440	124.00
0.401460	124.00
0.401480	124.00
0.401500	124.00
0.401520	125.00
0.401540	125.00
0.401560	125.00
0.401580	125.00
0.401600	125.00
0.401620	125.00
0.401640	125.00
0.401660	124.00
0.401680	124.00
0.401700	125.00
0.401720	126.00
0.401740	126.00
0.401760	126.00
0.401780	126.00
0.401800	126.00
0.401820	125.00
0.401840	125.00
0.401860	125.00
0.401880	125.00
0.401900	125.00
0.401920	125.00
0.401940	126.00
0.401960	126.00
0.401980	126.00
0.402000	125.00
0.402020	125.00
0.402040	125.00
0.402060	126.00
0.402080	125.00
0.402100	125.00
0.402120	125.00
0.402140	125.00
0.402160	125.00
0.402180	125.00
0.402200	125.00
0.402220	125.00
0.402240	125.00
0.402260	125.00
0.402280	125.00
0.402300	125.00
0.402320	124.00
0.402340	124.00
0.402360	125.00
0.402380	126.00
0.402400	126.00
0.402420	126.00
0.402440	125.00
0.402460	125.00
0.402480	125.00
0.402500	125.00
0.402520	125.00
0.402540	125.00
0.402560	126.00
0.402580	126.00
0.402600	126.00
0.402620	126.00
0.402640	125.00
0.402660	125.00
0.402680	125.00
0.402700	125.00
0.402720	125.00
0.402740	125.00
0.402760	124.00
0.402780	124.00
0.402800	125.00
0.402820	125.00
0.402840	124.00
0.402860	124.00
0.402880	123.00
0.402900	123.00
0.402920	124.00
0.402940	125.00
0.402960	125.00
0.402980	125.00
0.403000	125.00
0.403020	125.00
0.403040	125.00
0.403060	124.00
0.403080	124.00
0.403100	124.00
0.403120	124.00
0.403140	124.00
0.403160	124.00
0.403180	124.00
0.403200	124.00
0.403220	124.00
0.403240	124.00
0.403260	124.00
0.403280	124.00
0.403300	125.00
0.403320	125.00
0.403340	125.00
0.403360	125.00
0.403380	125.00
0.403400	125.00
0.403420	125.00
0.403440	125.00
0.403460	125.00
0.403480	125.00
0.403500	124.00
0.403520	123.00
0.403540	123.00
0.403560	123.00
0.403580	124.00
0.403600	124.00
0.403620	124.00
0.403640	124.00
0.403660	125.00
0.403680	125.00
0.403700	125.00
0.403720	126.00
0.403740	126.00
0.403760	126.00
0.403780	125.00
0.403800	125.00
0.403820	124.00
0.403840	124.00
0.403860	124.00
0.403880	124.00
0.403900	125.00
0.403920	125.00
0.403940	125.00
0.403960	125.00
0.403980	125.00
0.404000	125.00
0.404020	125.00
0.404040	125.00
0.404060	124.00
0.404080	124.00
0.404100	124.00
0.404120	124.00
0.404140	125.00
0.404160	125.00
0.404180	125.00
0.404200	126.00
0.404220	126.00
0.404240	126.00
0.404260	126.00
0.404280	125.00
0.404300	125.00
0.404320	125.00
0.404340	125.00
0.404360	125.00
0.404380	125.00
0.404400	125.00
0.404420	125.00
0.404440	124.00
0.404460	124.00
0.404480	124.00
0.404500	125.00
0.404520	125.00
0.404540	125.00
0.404560	125.00
0.404580	125.00
0.404600	126.00
0.404620	126.00
0.404640	125.00
0.404660	125.00
0.404680	125.00
0.404700	125.00
0.404720	125.00
0.404740	124.00
0.404760	124.00
0.404780	124.00
0.404800	125.00
0.404820	125.00
0.404840	125.00
0.404860	125.00
0.404880	126.00
0.404900	126.00
0.404920	126.00
0.404940	126.00
0.404960	126.00
0.404980	125.00
0.405000	125.00
0.405020	124.00
0.405040	124.00
0.405060	125.00
0.405080	125.00
0.405100	125.00
0.405120	125.00
0.405140	125.00
0.405160	125.00
0.405180	125.00
0.405200	125.00
0.405220	125.00
0.405240	124.00
0.405260	124.00
0.405280	124.00
0.405300	125.00
0.405320	126.00
0.405340	126.00
0.405360	125.00
0.405380	124.00
0.405400	124.00
0.405420	125.00
0.405440	125.00
0.405460	126.00
0.405480	125.00
0.405500	125.00
0.405520	125.00
0.405540	125.00
0.405560	125.00
0.405580	125.00
0.405600	125.00
0.405620	126.00
0.405640	126.00
0.405660	126.00
0.405680	125.00
0.405700	125.00
0.405720	125.00
0.405740	125.00
0.405760	126.00
0.405780	126.00
0.405800	126.00
0.405820	126.00
0.405840	125.00
0.405860	125.00
0.405880	125.00
0.405900	125.00
0.405920	124.00
0.405940	124.00
0.405960	124.00
0.405980	125.00
0.406000	125.00
0.406020	126.00
0.406040	126.00
0.406060	125.00
0.406080	125.00
0.406100	125.00
0.406120	125.00
0.406140	126.00
0.406160	126.00
0.406180	125.00
0.406200	125.00
0.406220	125.00
0.406240	125.00
0.406260	125.00
0.406280	125.00
0.406300	125.00
0.406320	125.00
0.406340	126.00
0.406360	126.00
0.406380	125.00
0.406400	125.00
0.406420	125.00
0.406440	124.00
0.406460	124.00
0.406480	124.00
0.406500	124.00
0.406520	124.00
0.406540	124.00
0.406560	124.00
0.406580	124.00
0.406600	124.00
0.406620	124.00
0.406640	125.00
0.406660	125.00
0.406680	125.00
0.406700	124.00
0.406720	124.00
0.406740	124.00
0.406760	124.00
0.406780	124.00
0.406800	124.00
0.406820	125.00
0.406840	125.00
0.406860	126.00
0.406880	126.00
0.406900	125.00
0.406920	125.00
0.406940	125.00
0.406960	126.00
0.406980	126.00
0.407000	126.00
0.407020	125.00
0.407040	125.00
0.407060	125.00
0.407080	125.00
0.407100	125.00
0.407120	125.00
0.407140	125.00
0.407160	125.00
0.407180	125.00
0.407200	125.00
0.407220	125.00
0.407240	125.00
0.407260	125.00
0.407280	125.00
0.407300	126.00
0.407320	126.00
0.407340	125.00
0.407360	125.00
0.407380	125.00
0.407400	125.00
0.407420	125.00
0.407440	125.00
0.407460	125.00
0.407480	125.00
0.407500	125.00
0.407520	125.00
0.407540	125.00
0.407560	125.00
0.407580	125.00
0.407600	125.00
0.407620	125.00
0.407640	125.00
0.407660	125.00
0.407680	125.00
0.407700	126.00
0.407720	126.00
0.407740	126.00
0.407760	126.00
0.407780	126.00
0.407800	125.00
0.407820	125.00
0.407840	125.00
0.407860	125.00
0.407880	125.00
0.407900	124.00
0.407920	124.00
0.407940	124.00
0.407960	125.00
0.407980	125.00
0.408000	125.00
0.408020	125.00
0.408040	126.00
0.408060	126.00
0.408080	126.00
0.408100	126.00
0.408120	125.00
0.408140	125.00
0.408160	125.00
0.408180	125.00
0.408200	125.00
0.408220	125.00
0.408240	124.00
0.408260	124.00
0.408280	124.00
0.408300	125.00
0.408320	125.00
0.408340	125.00
0.408360	124.00
0.408380	124.00
0.408400	124.00
0.408420	124.00
0.408440	125.00
0.408460	125.00
0.408480	124.00
0.408500	124.00
0.408520	124.00
0.408540	125.00
0.408560	125.00
0.408580	125.00
0.408600	125.00
0.408620	125.00
0.408640	125.00
0.408660	125.00
0.408680	125.00
0.408700	124.00
0.408720	124.00
0.408740	124.00
0.408760	124.00
0.408780	124.00
0.408800	124.00
0.408820	124.00
0.408840	124.00
0.408860	124.00
0.408880	125.00
0.408900	126.00
0.408920	126.00
0.408940	127.00
0.408960	128.00
0.408980	127.00
0.409000	126.00
0.409020	125.00
0.409040	125.00
0.409060	125.00
0.409080	126.00
0.409100	127.00
0.409120	126.00
0.409140	126.00
0.409160	126.00
0.409180	126.00
0.409200	126.00
0.409220	126.00
0.409240	126.00
0.409260	126.00
0.409280	125.00
0.409300	125.00
0.409320	125.00
0.409340	125.00
0.409360	125.00
0.409380	125.00
0.409400	125.00
0.409420	125.00
0.409440	125.00
0.409460	125.00
0.409480	124.00
0.409500	124.00
0.409520	124.00
0.409540	124.00
0.409560	124.00
0.409580	124.00
0.409600	124.00
0.409620	124.00
0.409640	124.00
0.409660	124.00
0.409680	124.00
0.409700	124.00
0.409720	124.00
0.409740	124.00
0.409760	124.00
0.409780	124.00
0.409800	124.00
0.409820	124.00
0.409840	124.00
0.409860	124.00
0.409880	124.00
0.409900	124.00
0.409920	124.00
0.409940	124.00
0.409960	125.00
0.409980	125.00
0.410000	125.00
0.410020	125.00
0.410040	125.00
0.410060	125.00
0.410080	125.00
0.410100	125.00
0.410120	126.00
0.410140	126.00
0.410160	126.00
0.410180	125.00
0.410200	125.00
0.410220	124.00
0.410240	124.00
0.410260	124.00
0.410280	125.00
0.410300	125.00
0.410320	125.00
0.410340	125.00
0.410360	125.00
0.410380	126.00
0.410400	126.00
0.410420	126.00
0.410440	126.00
0.410460	125.00
0.410480	125.00
0.410500	125.00
0.410520	125.00
0.410540	125.00
0.410560	125.00
0.410580	125.00
0.410600	125.00
0.410620	125.00
0.410640	124.00
0.410660	124.00
0.410680	125.00
0.410700	125.00
0.410720	125.00
0.410740	125.00
0.410760	124.00
0.410780	124.00
0.410800	125.00
0.410820	125.00
0.410840	124.00
0.410860	124.00
0.410880	124.00
0.410900	125.00
0.410920	126.00
0.410940	126.00
0.410960	126.00
0.410980	125.00
0.411000	125.00
0.411020	125.00
0.411040	125.00
0.411060	125.00
0.411080	125.00
0.411100	125.00
0.411120	125.00
0.411140	125.00
0.411160	125.00
0.411180	125.00
0.411200	125.00
0.411220	125.00
0.411240	124.00
0.411260	124.00
0.411280	124.00
0.411300	125.00
0.411320	125.00
0.411340	125.00
0.411360	125.00
0.411380	124.00
0.411400	125.00
0.411420	125.00
0.411440	126.00
0.411460	126.00
0.411480	126.00
0.411500	125.00
0.411520	125.00
0.411540	125.00
0.411560	125.00
0.411580	125.00
0.411600	124.00
0.411620	124.00
0.411640	125.00
0.411660	125.00
0.411680	126.00
0.411700	125.00
0.411720	124.00
0.411740	124.00
0.411760	124.00
0.411780	124.00
0.411800	125.00
0.411820	125.00
0.411840	125.00
0.411860	125.00
0.411880	125.00
0.411900	126.00
0.411920	125.00
0.411940	125.00
0.411960	124.00
0.411980	124.00
0.412000	124.00
0.412020	125.00
0.412040	125.00
0.412060	125.00
0.412080	125.00
0.412100	125.00
0.412120	124.00
0.412140	124.00
0.412160	124.00
0.412180	124.00
0.412200	124.00
0.412220	124.00
0.412240	124.00
0.412260	124.00
0.412280	124.00
0.412300	125.00
0.412320	126.00
0.412340	126.00
0.412360	126.00
0.412380	126.00
0.412400	125.00
0.412420	125.00
0.412440	125.00
0.412460	124.00
0.412480	124.00
0.412500	124.00
0.412520	124.00
0.412540	125.00
0.412560	125.00
0.412580	125.00
0.412600	125.00
0.412620	125.00
0.412640	125.00
0.412660	125.00
0.412680	125.00
0.412700	125.00
0.412720	125.00
0.412740	126.00
0.412760	126.00
0.412780	125.00
0.412800	125.00
0.412820	125.00
0.412840	125.00
0.412860	125.00
0.412880	125.00
0.412900	125.00
0.412920	125.00
0.412940	125.00
0.412960	125.00
0.412980	125.00
0.413000	125.00
0.413020	125.00
0.413040	125.00
0.413060	125.00
0.413080	124.00
0.413100	124.00
0.413120	124.00
0.413140	125.00
0.413160	125.00
0.413180	125.00
0.413200	125.00
0.413220	125.00
0.413240	125.00
0.413260	125.00
0.413280	125.00
0.413300	125.00
0.413320	125.00
0.413340	125.00
0.413360	125.00
0.413380	126.00
0.413400	125.00
0.413420	125.00
0.413440	125.00
0.413460	124.00
0.413480	124.00
0.413500	125.00
0.413520	125.00
0.413540	124.00
0.413560	124.00
0.413580	124.00
0.413600	125.00
0.413620	125.00
0.413640	125.00
0.413660	125.00
0.413680	124.00
0.413700	124.00
0.413720	125.00
0.413740	125.00
0.413760	125.00
0.413780	125.00
0.413800	126.00
0.413820	126.00
0.413840	126.00
0.413860	126.00
0.413880	126.00
0.413900	126.00
0.413920	125.00
0.413940	125.00
0.413960	125.00
0.413980	125.00
0.414000	125.00
0.414020	125.00
0.414040	124.00
0.414060	124.00
0.414080	124.00
0.414100	124.00
0.414120	125.00
0.414140	125.00
0.414160	125.00
0.414180	125.00
0.414200	125.00
0.414220	125.00
0.414240	125.00
0.414260	124.00
0.414280	124.00
0.414300	124.00
0.414320	124.00
0.414340	125.00
0.414360	125.00
0.414380	125.00
0.414400	125.00
0.414420	125.00
0.414440	125.00
0.414460	125.00
0.414480	125.00
0.414500	125.00
0.414520	125.00
0.414540	126.00
0.414560	126.00
0.414580	126.00
0.414600	126.00
0.414620	125.00
0.414640	125.00
0.414660	125.00
0.414680	125.00
0.414700	125.00
0.414720	124.00
0.414740	125.00
0.414760	125.00
0.414780	125.00
0.414800	124.00
0.414820	124.00
0.414840	125.00
0.414860	125.00
0.414880	125.00
0.414900	125.00
0.414920	125.00
0.414940	125.00
0.414960	125.00
0.414980	126.00
0.415000	126.00
0.415020	126.00
0.415040	126.00
0.415060	126.00
0.415080	126.00
0.415100	125.00
0.415120	125.00
0.415140	124.00
0.415160	125.00
0.415180	125.00
0.415200	125.00
0.415220	125.00
0.415240	125.00
0.415260	126.00
0.415280	126.00
0.415300	126.00
0.415320	125.00
0.415340	125.00
0.415360	124.00
0.415380	124.00
0.415400	124.00
0.415420	124.00
0.415440	125.00
0.415460	125.00
0.415480	125.00
0.415500	125.00
0.415520	125.00
0.415540	125.00
0.415560	124.00
0.415580	124.00
0.415600	124.00
0.415620	124.00
0.415640	125.00
0.415660	125.00
0.415680	126.00
0.415700	126.00
0.415720	125.00
0.415740	124.00
0.415760	124.00
0.415780	124.00
0.415800	124.00
0.415820	125.00
0.415840	125.00
0.415860	125.00
0.415880	125.00
0.415900	124.00
0.415920	124.00
0.415940	124.00
0.415960	124.00
0.415980	124.00
0.416000	125.00
0.416020	125.00
0.416040	125.00
0.416060	124.00
0.416080	124.00
0.416100	125.00
0.416120	125.00
0.416140	125.00
0.416160	125.00
0.416180	124.00
0.416200	124.00
0.416220	124.00
0.416240	125.00
0.416260	125.00
0.416280	125.00
0.416300	124.00
0.416320	124.00
0.416340	125.00
0.416360	125.00
0.416380	125.00
0.416400	125.00
0.416420	126.00
0.416440	126.00
0.416460	126.00
0.416480	125.00
0.416500	125.00
0.416520	125.00
0.416540	125.00
0.416560	126.00
0.416580	126.00
0.416600	126.00
0.416620	125.00
0.416640	125.00
0.416660	125.00
0.416680	125.00
0.416700	125.00
0.416720	125.00
0.416740	125.00
0.416760	126.00
0.416780	125.00
0.416800	125.00
0.416820	124.00
0.416840	124.00
0.416860	125.00
0.416880	125.00
0.416900	125.00
0.416920	125.00
0.416940	125.00
0.416960	125.00
0.416980	125.00
0.417000	125.00
0.417020	126.00
0.417040	126.00
0.417060	126.00
0.417080	125.00
0.417100	125.00
0.417120	124.00
0.417140	124.00
0.417160	125.00
0.417180	125.00
0.417200	126.00
0.417220	125.00
0.417240	125.00
0.417260	125.00
0.417280	125.00
0.417300	125.00
0.417320	125.00
0.417340	125.00
0.417360	125.00
0.417380	125.00
0.417400	125.00
0.417420	125.00
0.417440	125.00
0.417460	125.00
0.417480	125.00
0.417500	125.00
0.417520	125.00
0.417540	126.00
0.417560	126.00
0.417580	126.00
0.417600	126.00
0.417620	126.00
0.417640	125.00
0.417660	125.00
0.417680	125.00
0.417700	125.00
0.417720	125.00
0.417740	124.00
0.417760	124.00
0.417780	124.00
0.417800	124.00
0.417820	125.00
0.417840	125.00
0.417860	125.00
0.417880	125.00
0.417900	125.00
0.417920	125.00
0.417940	125.00
0.417960	125.00
0.417980	125.00
0.418000	124.00
0.418020	125.00
0.418040	125.00
0.418060	125.00
0.418080	126.00
0.418100	126.00
0.418120	126.00
0.418140	125.00
0.418160	124.00
0.418180	124.00
0.418200	124.00
0.418220	125.00
0.418240	125.00
0.418260	125.00
0.418280	125.00
0.418300	125.00
0.418320	125.00
0.418340	125.00
0.418360	125.00
0.418380	125.00
0.418400	125.00
0.418420	125.00
0.418440	125.00
0.418460	125.00
0.418480	125.00
0.418500	125.00
0.418520	126.00
0.418540	126.00
0.418560	125.00
0.418580	125.00
0.418600	125.00
0.418620	125.00
0.418640	125.00
0.418660	125.00
0.418680	125.00
0.418700	125.00
0.418720	125.00
0.418740	125.00
0.418760	126.00
0.418780	125.00
0.418800	125.00
0.418820	125.00
0.418840	125.00
0.418860	125.00
0.418880	124.00
0.418900	123.00
0.418920	123.00
0.418940	123.00
0.418960	125.00
0.418980	126.00
0.419000	126.00
0.419020	126.00
0.419040	125.00
0.419060	125.00
0.419080	125.00
0.419100	125.00
0.419120	125.00
0.419140	125.00
0.419160	124.00
0.419180	124.00
0.419200	125.00
0.419220	125.00
0.419240	125.00
0.419260	125.00
0.419280	125.00
0.419300	125.00
0.419320	125.00
0.419340	125.00
0.419360	125.00
0.419380	125.00
0.419400	124.00
0.419420	123.00
0.419440	123.00
0.419460	124.00
0.419480	124.00
0.419500	125.00
0.419520	125.00
0.419540	125.00
0.419560	124.00
0.419580	124.00
0.419600	124.00
0.419620	124.00
0.419640	125.00
0.419660	125.00
0.419680	125.00
0.419700	125.00
0.419720	124.00
0.419740	124.00
0.419760	124.00
0.419780	125.00
0.419800	125.00
0.419820	125.00
0.419840	125.00
0.419860	125.00
0.419880	125.00
0.419900	125.00
0.419920	124.00
0.419940	124.00
0.419960	124.00
0.419980	125.00
