0.380000	101.00
0.380020	48.00
0.380040	101.00
0.380060	140.00
0.380080	144.00
0.380100	126.00
0.380120	113.00
0.380140	119.00
0.380160	131.00
0.380180	133.00
0.380200	125.00
0.380220	118.00
0.380240	121.00
0.380260	128.00
0.380280	129.00
0.380300	124.00
0.380320	119.00
0.380340	122.00
0.380360	127.00
0.380380	128.00
0.380400	124.00
0.380420	121.00
0.380440	123.00
0.380460	127.00
0.380480	128.00
0.380500	125.00
0.380520	122.00
0.380540	123.00
0.380560	127.00
0.380580	128.00
0.380600	125.00
0.380620	122.00
0.380640	123.00
0.380660	126.00
0.380680	126.00
0.380700	123.00
0.380720	121.00
0.380740	122.00
0.380760	125.00
0.380780	126.00
0.380800	125.00
0.380820	124.00
0.380840	125.00
0.380860	127.00
0.380880	127.00
0.380900	125.00
0.380920	124.00
0.380940	125.00
0.380960	126.00
0.380980	126.00
0.381000	124.00
0.381020	122.00
0.381040	123.00
0.381060	126.00
0.381080	127.00
0.381100	125.00
0.381120	124.00
0.381140	124.00
0.381160	126.00
0.381180	127.00
0.381200	126.00
0.381220	124.00
0.381240	124.00
0.381260	126.00
0.381280	126.00
0.381300	125.00
0.381320	125.00
0.381340	125.00
0.381360	127.00
0.381380	127.00
0.381400	125.00
0.381420	124.00
0.381440	123.00
0.381460	125.00
0.381480	126.00
0.381500	125.00
0.381520	125.00
0.381540	125.00
0.381560	126.00
0.381580	126.00
0.381600	125.00
0.381620	124.00
0.381640	124.00
0.381660	126.00
0.381680	126.00
0.381700	125.00
0.381720	125.00
0.381740	126.00
0.381760	126.00
0.381780	126.00
0.381800	125.00
0.381820	124.00
0.381840	125.00
0.381860	126.00
0.381880	126.00
0.381900	125.00
0.381920	123.00
0.381940	123.00
0.381960	125.00
0.381980	126.00
0.382000	125.00
0.382020	124.00
0.382040	124.00
0.382060	124.00
0.382080	124.00
0.382100	123.00
0.382120	123.00
0.382140	125.00
0.382160	126.00
0.382180	127.00
0.382200	126.00
0.382220	125.00
0.382240	125.00
0.382260	125.00
0.382280	126.00
0.382300	125.00
0.382320	124.00
0.382340	124.00
0.382360	124.00
0.382380	125.00
0.382400	125.00
0.382420	125.00
0.382440	125.00
0.382460	126.00
0.382480	126.00
0.382500	125.00
0.382520	125.00
0.382540	125.00
0.382560	127.00
0.382580	127.00
0.382600	126.00
0.382620	124.00
0.382640	123.00
0.382660	124.00
0.382680	125.00
0.382700	124.00
0.382720	123.00
0.382740	123.00
0.382760	124.00
0.382780	125.00
0.382800	125.00
0.382820	125.00
0.382840	126.00
0.382860	126.00
0.382880	125.00
0.382900	125.00
0.382920	124.00
0.382940	125.00
0.382960	125.00
0.382980	125.00
0.383000	124.00
0.383020	123.00
0.383040	123.00
0.383060	124.00
0.383080	125.00
0.383100	126.00
0.383120	126.00
0.383140	126.00
0.383160	126.00
0.383180	125.00
0.383200	124.00
0.383220	124.00
0.383240	125.00
0.383260	126.00
0.383280	126.00
0.383300	126.00
0.383320	125.00
0.383340	125.00
0.383360	125.00
0.383380	126.00
0.383400	126.00
0.383420	125.00
0.383440	125.00
0.383460	125.00
0.383480	126.00
0.383500	125.00
0.383520	125.00
0.383540	125.00
0.383560	125.00
0.383580	125.00
0.383600	125.00
0.383620	124.00
0.383640	124.00
0.383660	124.00
0.383680	124.00
0.383700	124.00
0.383720	124.00
0.383740	125.00
0.383760	126.00
0.383780	126.00
0.383800	125.00
0.383820	125.00
0.383840	125.00
0.383860	126.00
0.383880	126.00
0.383900	126.00
0.383920	125.00
0.383940	125.00
0.383960	125.00
0.383980	125.00
0.384000	125.00
0.384020	124.00
0.384040	123.00
0.384060	124.00
0.384080	125.00
0.384100	125.00
0.384120	125.00
0.384140	125.00
0.384160	126.00
0.384180	127.00
0.384200	127.00
0.384220	126.00
0.384240	126.00
0.384260	126.00
0.384280	126.00
0.384300	126.00
0.384320	125.00
0.384340	125.00
0.384360	126.00
0.384380	126.00
0.384400	126.00
0.384420	126.00
0.384440	126.00
0.384460	126.00
0.384480	126.00
0.384500	125.00
0.384520	124.00
0.384540	124.00
0.384560	124.00
0.384580	125.00
0.384600	125.00
0.384620	125.00
0.384640	125.00
0.384660	125.00
0.384680	125.00
0.384700	125.00
0.384720	124.00
0.384740	124.00
0.384760	124.00
0.384780	125.00
0.384800	125.00
0.384820	125.00
0.384840	125.00
0.384860	125.00
0.384880	125.00
0.384900	125.00
0.384920	124.00
0.384940	125.00
0.384960	125.00
0.384980	125.00
0.385000	125.00
0.385020	124.00
0.385040	124.00
0.385060	125.00
0.385080	125.00
0.385100	124.00
0.385120	124.00
0.385140	124.00
0.385160	125.00
0.385180	125.00
0.385200	125.00
0.385220	125.00
0.385240	124.00
0.385260	124.00
0.385280	125.00
0.385300	125.00
0.385320	124.00
0.385340	125.00
0.385360	125.00
0.385380	125.00
0.385400	125.00
0.385420	125.00
0.385440	125.00
0.385460	126.00
0.385480	126.00
0.385500	126.00
0.385520	126.00
0.385540	126.00
0.385560	125.00
0.385580	125.00
0.385600	124.00
0.385620	124.00
0.385640	124.00
0.385660	124.00
0.385680	125.00
0.385700	125.00
0.385720	125.00
0.385740	125.00
0.385760	126.00
0.385780	126.00
0.385800	126.00
0.385820	126.00
0.385840	126.00
0.385860	126.00
0.385880	126.00
0.385900	126.00
0.385920	125.00
0.385940	125.00
0.385960	125.00
0.385980	125.00
0.386000	125.00
0.386020	125.00
0.386040	124.00
0.386060	125.00
0.386080	125.00
0.386100	125.00
0.386120	125.00
0.386140	125.00
0.386160	125.00
0.386180	125.00
0.386200	124.00
0.386220	125.00
0.386240	125.00
0.386260	125.00
0.386280	125.00
0.386300	125.00
0.386320	125.00
0.386340	125.00
0.386360	125.00
0.386380	125.00
0.386400	125.00
0.386420	125.00
0.386440	124.00
0.386460	125.00
0.386480	125.00
0.386500	125.00
0.386520	126.00
0.386540	126.00
0.386560	126.00
0.386580	126.00
0.386600	125.00
0.386620	124.00
0.386640	125.00
0.386660	126.00
0.386680	126.00
0.386700	126.00
0.386720	125.00
0.386740	124.00
0.386760	124.00
0.386780	125.00
0.386800	125.00
0.386820	125.00
0.386840	125.00
0.386860	125.00
0.386880	125.00
0.386900	125.00
0.386920	125.00
0.386940	125.00
0.386960	125.00
0.386980	125.00
0.387000	125.00
0.387020	125.00
0.387040	125.00
0.387060	125.00
0.387080	125.00
0.387100	125.00
0.387120	124.00
0.387140	125.00
0.387160	126.00
0.387180	126.00
0.387200	126.00
0.387220	126.00
0.387240	126.00
0.387260	126.00
0.387280	126.00
0.387300	126.00
0.387320	126.00
0.387340	125.00
0.387360	125.00
0.387380	125.00
0.387400	124.00
0.387420	124.00
0.387440	124.00
0.387460	125.00
0.387480	125.00
0.387500	125.00
0.387520	125.00
0.387540	125.00
0.387560	125.00
0.387580	125.00
0.387600	125.00
0.387620	125.00
0.387640	125.00
0.387660	125.00
0.387680	125.00
0.387700	125.00
0.387720	124.00
0.387740	124.00
0.387760	124.00
0.387780	125.00
0.387800	125.00
0.387820	125.00
0.387840	124.00
0.387860	125.00
0.387880	125.00
0.387900	125.00
0.387920	125.00
0.387940	124.00
0.387960	124.00
0.387980	124.00
0.388000	124.00
0.388020	125.00
0.388040	125.00
0.388060	126.00
0.388080	126.00
0.388100	125.00
0.388120	125.00
0.388140	125.00
0.388160	125.00
0.388180	125.00
0.388200	125.00
0.388220	125.00
0.388240	125.00
0.388260	125.00
0.388280	126.00
0.388300	126.00
0.388320	125.00
0.388340	125.00
0.388360	124.00
0.388380	124.00
0.388400	124.00
0.388420	124.00
0.388440	124.00
0.388460	124.00
0.388480	124.00
0.388500	124.00
0.388520	124.00
0.388540	124.00
0.388560	125.00
0.388580	126.00
0.388600	126.00
0.388620	126.00
0.388640	126.00
0.388660	126.00
0.388680	126.00
0.388700	125.00
0.388720	125.00
0.388740	125.00
0.388760	124.00
0.388780	124.00
0.388800	124.00
0.388820	124.00
0.388840	124.00
0.388860	124.00
0.388880	125.00
0.388900	125.00
0.388920	125.00
0.388940	125.00
0.388960	125.00
0.388980	125.00
0.389000	125.00
0.389020	125.00
0.389040	124.00
0.389060	124.00
0.389080	124.00
0.389100	124.00
0.389120	125.00
0.389140	125.00
0.389160	125.00
0.389180	125.00
0.389200	125.00
0.389220	125.00
0.389240	126.00
0.389260	126.00
0.389280	126.00
0.389300	126.00
0.389320	126.00
0.389340	126.00
0.389360	126.00
0.389380	126.00
0.389400	125.00
0.389420	125.00
0.389440	125.00
0.389460	125.00
0.389480	125.00
0.389500	125.00
0.389520	126.00
0.389540	126.00
0.389560	126.00
0.389580	126.00
0.389600	125.00
0.389620	124.00
0.389640	124.00
0.389660	125.00
0.389680	126.00
0.389700	126.00
0.389720	126.00
0.389740	125.00
0.389760	124.00
0.389780	124.00
0.389800	124.00
0.389820	124.00
0.389840	124.00
0.389860	125.00
0.389880	125.00
0.389900	125.00
0.389920	126.00
0.389940	126.00
0.389960	126.00
0.389980	125.00
0.390000	125.00
0.390020	125.00
0.390040	125.00
0.390060	125.00
0.390080	125.00
0.390100	125.00
0.390120	125.00
0.390140	125.00
0.390160	125.00
0.390180	125.00
0.390200	124.00
0.390220	125.00
0.390240	125.00
0.390260	125.00
0.390280	125.00
0.390300	124.00
0.390320	124.00
0.390340	124.00
0.390360	125.00
0.390380	125.00
0.390400	125.00
0.390420	125.00
0.390440	125.00
0.390460	126.00
0.390480	126.00
0.390500	125.00
0.390520	125.00
0.390540	125.00
0.390560	125.00
0.390580	125.00
0.390600	125.00
0.390620	125.00
0.390640	125.00
0.390660	125.00
0.390680	124.00
0.390700	124.00
0.390720	125.00
0.390740	125.00
0.390760	125.00
0.390780	125.00
0.390800	125.00
0.390820	126.00
0.390840	126.00
0.390860	127.00
0.390880	127.00
0.390900	126.00
0.390920	125.00
0.390940	125.00
0.390960	125.00
0.390980	126.00
0.391000	125.00
0.391020	125.00
0.391040	124.00
0.391060	125.00
0.391080	125.00
0.391100	125.00
0.391120	125.00
0.391140	124.00
0.391160	124.00
0.391180	125.00
0.391200	124.00
0.391220	124.00
0.391240	124.00
0.391260	124.00
0.391280	125.00
0.391300	125.00
0.391320	125.00
0.391340	125.00
0.391360	125.00
0.391380	125.00
0.391400	125.00
0.391420	125.00
0.391440	124.00
0.391460	124.00
0.391480	124.00
0.391500	125.00
0.391520	125.00
0.391540	125.00
0.391560	125.00
0.391580	125.00
0.391600	126.00
0.391620	126.00
0.391640	125.00
0.391660	125.00
0.391680	125.00
0.391700	126.00
0.391720	126.00
0.391740	126.00
0.391760	126.00
0.391780	125.00
0.391800	125.00
0.391820	125.00
0.391840	125.00
0.391860	125.00
0.391880	124.00
0.391900	124.00
0.391920	124.00
0.391940	125.00
0.391960	126.00
0.391980	126.00
0.392000	126.00
0.392020	125.00
0.392040	125.00
0.392060	125.00
0.392080	126.00
0.392100	126.00
0.392120	126.00
0.392140	125.00
0.392160	124.00
0.392180	124.00
0.392200	124.00
0.392220	125.00
0.392240	125.00
0.392260	126.00
0.392280	126.00
0.392300	125.00
0.392320	125.00
0.392340	124.00
0.392360	124.00
0.392380	125.00
0.392400	125.00
0.392420	125.00
0.392440	125.00
0.392460	125.00
0.392480	125.00
0.392500	125.00
0.392520	125.00
0.392540	126.00
0.392560	126.00
0.392580	126.00
0.392600	126.00
0.392620	125.00
0.392640	124.00
0.392660	124.00
0.392680	124.00
0.392700	124.00
0.392720	124.00
0.392740	125.00
0.392760	125.00
0.392780	126.00
0.392800	126.00
0.392820	126.00
0.392840	126.00
0.392860	125.00
0.392880	125.00
0.392900	125.00
0.392920	125.00
0.392940	125.00
0.392960	125.00
0.392980	125.00
0.393000	125.00
0.393020	125.00
0.393040	125.00
0.393060	125.00
0.393080	125.00
0.393100	125.00
0.393120	125.00
0.393140	125.00
0.393160	125.00
0.393180	125.00
0.393200	125.00
0.393220	125.00
0.393240	124.00
0.393260	124.00
0.393280	124.00
0.393300	124.00
0.393320	125.00
0.393340	125.00
0.393360	125.00
0.393380	125.00
0.393400	125.00
0.393420	125.00
0.393440	125.00
0.393460	126.00
0.393480	126.00
0.393500	126.00
0.393520	126.00
0.393540	125.00
0.393560	125.00
0.393580	125.00
0.393600	125.00
0.393620	125.00
0.393640	125.00
0.393660	125.00
0.393680	124.00
0.393700	124.00
0.393720	125.00
0.393740	125.00
0.393760	126.00
0.393780	125.00
0.393800	124.00
0.393820	124.00
0.393840	124.00
0.393860	125.00
0.393880	125.00
0.393900	125.00
0.393920	125.00
0.393940	124.00
0.393960	124.00
0.393980	124.00
0.394000	124.00
0.394020	124.00
0.394040	124.00
0.394060	124.00
0.394080	125.00
0.394100	125.00
0.394120	125.00
0.394140	125.00
0.394160	125.00
0.394180	124.00
0.394200	124.00
0.394220	125.00
0.394240	126.00
0.394260	126.00
0.394280	126.00
0.394300	125.00
0.394320	125.00
0.394340	126.00
0.394360	126.00
0.394380	125.00
0.394400	124.00
0.394420	124.00
0.394440	124.00
0.394460	125.00
0.394480	125.00
0.394500	125.00
0.394520	125.00
0.394540	125.00
0.394560	125.00
0.394580	124.00
0.394600	124.00
0.394620	124.00
0.394640	125.00
0.394660	126.00
0.394680	126.00
0.394700	125.00
0.394720	124.00
0.394740	124.00
0.394760	124.00
0.394780	125.00
0.394800	125.00
0.394820	125.00
0.394840	125.00
0.394860	125.00
0.394880	125.00
0.394900	125.00
0.394920	125.00
0.394940	125.00
0.394960	124.00
0.394980	124.00
0.395000	124.00
0.395020	125.00
0.395040	125.00
0.395060	126.00
0.395080	126.00
0.395100	125.00
0.395120	125.00
0.395140	124.00
0.395160	124.00
0.395180	125.00
0.395200	125.00
0.395220	125.00
0.395240	125.00
0.395260	125.00
0.395280	125.00
0.395300	124.00
0.395320	124.00
0.395340	124.00
0.395360	124.00
0.395380	125.00
0.395400	125.00
0.395420	125.00
0.395440	125.00
0.395460	125.00
0.395480	124.00
0.395500	124.00
0.395520	124.00
0.395540	125.00
0.395560	125.00
0.395580	125.00
0.395600	124.00
0.395620	124.00
0.395640	124.00
0.395660	125.00
0.395680	125.00
0.395700	125.00
0.395720	125.00
0.395740	125.00
0.395760	125.00
0.395780	125.00
0.395800	125.00
0.395820	125.00
0.395840	125.00
0.395860	125.00
0.395880	126.00
0.395900	126.00
0.395920	126.00
0.395940	125.00
0.395960	125.00
0.395980	125.00
0.396000	125.00
0.396020	125.00
0.396040	125.00
0.396060	124.00
0.396080	123.00
0.396100	123.00
0.396120	124.00
0.396140	125.00
0.396160	125.00
0.396180	125.00
0.396200	125.00
0.396220	125.00
0.396240	125.00
0.396260	125.00
0.396280	125.00
0.396300	125.00
0.396320	125.00
0.396340	125.00
0.396360	125.00
0.396380	125.00
0.396400	124.00
0.396420	124.00
0.396440	124.00
0.396460	125.00
0.396480	125.00
0.396500	125.00
0.396520	125.00
0.396540	125.00
0.396560	125.00
0.396580	125.00
0.396600	125.00
0.396620	125.00
0.396640	125.00
0.396660	126.00
0.396680	126.00
0.396700	126.00
0.396720	126.00
0.396740	126.00
0.396760	126.00
0.396780	126.00
0.396800	126.00
0.396820	126.00
0.396840	126.00
0.396860	126.00
0.396880	126.00
0.396900	125.00
0.396920	125.00
0.396940	125.00
0.396960	125.00
0.396980	125.00
0.397000	125.00
0.397020	125.00
0.397040	125.00
0.397060	125.00
0.397080	124.00
0.397100	124.00
0.397120	125.00
0.397140	125.00
0.397160	125.00
0.397180	125.00
0.397200	125.00
0.397220	125.00
0.397240	124.00
0.397260	124.00
0.397280	125.00
0.397300	125.00
0.397320	125.00
0.397340	125.00
0.397360	124.00
0.397380	124.00
0.397400	125.00
0.397420	125.00
0.397440	126.00
0.397460	126.00
0.397480	126.00
0.397500	126.00
0.397520	125.00
0.397540	125.00
0.397560	125.00
0.397580	125.00
0.397600	126.00
0.397620	126.00
0.397640	126.00
0.397660	126.00
0.397680	125.00
0.397700	125.00
0.397720	125.00
0.397740	125.00
0.397760	125.00
0.397780	125.00
0.397800	126.00
0.397820	126.00
0.397840	126.00
0.397860	125.00
0.397880	125.00
0.397900	125.00
0.397920	125.00
0.397940	125.00
0.397960	124.00
0.397980	124.00
0.398000	124.00
0.398020	124.00
0.398040	124.00
0.398060	125.00
0.398080	125.00
0.398100	125.00
0.398120	126.00
0.398140	127.00
0.398160	127.00
0.398180	126.00
0.398200	126.00
0.398220	126.00
0.398240	126.00
0.398260	126.00
0.398280	125.00
0.398300	125.00
0.398320	125.00
0.398340	125.00
0.398360	125.00
0.398380	125.00
0.398400	125.00
0.398420	125.00
0.398440	125.00
0.398460	125.00
0.398480	124.00
0.398500	124.00
0.398520	125.00
0.398540	125.00
0.398560	125.00
0.398580	125.00
0.398600	125.00
0.398620	125.00
0.398640	125.00
0.398660	125.00
0.398680	125.00
0.398700	125.00
0.398720	125.00
0.398740	125.00
0.398760	125.00
0.398780	124.00
0.398800	124.00
0.398820	124.00
0.398840	124.00
0.398860	124.00
0.398880	125.00
0.398900	125.00
0.398920	124.00
0.398940	124.00
0.398960	123.00
0.398980	123.00
0.399000	124.00
0.399020	125.00
0.399040	126.00
0.399060	126.00
0.399080	125.00
0.399100	125.00
0.399120	125.00
0.399140	126.00
0.399160	126.00
0.399180	126.00
0.399200	126.00
0.399220	125.00
0.399240	125.00
0.399260	126.00
0.399280	126.00
0.399300	125.00
0.399320	124.00
0.399340	125.00
0.399360	125.00
0.399380	125.00
0.399400	125.00
0.399420	125.00
0.399440	125.00
0.399460	125.00
0.399480	125.00
0.399500	125.00
0.399520	124.00
0.399540	124.00
0.399560	125.00
0.399580	125.00
0.399600	125.00
0.399620	125.00
0.399640	124.00
0.399660	124.00
0.399680	124.00
0.399700	124.00
0.399720	124.00
0.399740	124.00
0.399760	124.00
0.399780	124.00
0.399800	124.00
0.399820	124.00
0.399840	125.00
0.399860	125.00
0.399880	125.00
0.399900	125.00
0.399920	125.00
0.399940	125.00
0.399960	125.00
0.399980	125.00
0.400000	125.00
0.400020	125.00
0.400040	125.00
0.400060	125.00
0.400080	125.00
0.400100	126.00
0.400120	126.00
0.400140	127.00
0.400160	126.00
0.400180	125.00
0.400200	125.00
0.400220	125.00
0.400240	126.00
0.400260	126.00
0.400280	125.00
0.400300	124.00
0.400320	124.00
0.400340	124.00
0.400360	125.00
0.400380	125.00
0.400400	125.00
0.400420	125.00
0.400440	125.00
0.400460	125.00
0.400480	125.00
0.400500	125.00
0.400520	126.00
0.400540	126.00
0.400560	126.00
0.400580	125.00
0.400600	124.00
0.400620	124.00
0.400640	124.00
0.400660	124.00
0.400680	125.00
0.400700	124.00
0.400720	124.00
0.400740	124.00
0.400760	125.00
0.400780	125.00
0.400800	125.00
0.400820	125.00
0.400840	125.00
0.400860	125.00
0.400880	125.00
0.400900	124.00
0.400920	124.00
0.400940	124.00
0.400960	124.00
0.400980	124.00
0.401000	124.00
0.401020	125.00
0.401040	125.00
0.401060	126.00
0.401080	125.00
0.401100	125.00
0.401120	125.00
0.401140	125.00
0.401160	125.00
0.401180	125.00
0.401200	124.00
0.401220	124.00
0.401240	124.00
0.401260	125.00
0.401280	126.00
0.401300	126.00
0.401320	126.00
0.401340	126.00
0.401360	126.00
0.401380	126.00
0.401400	126.00
0.401420	125.00
0.401440	125.00
0.401460	125.00
0.401480	125.00
0.401500	125.00
0.401520	125.00
0.401540	125.00
0.401560	125.00
0.401580	125.00
0.401600	125.00
0.401620	125.00
0.401640	126.00
0.401660	126.00
0.401680	126.00
0.401700	126.00
0.401720	126.00
0.401740	126.00
0.401760	126.00
0.401780	125.00
0.401800	125.00
0.401820	125.00
0.401840	125.00
0.401860	125.00
0.401880	125.00
0.401900	126.00
0.401920	125.00
0.401940	125.00
0.401960	125.00
0.401980	125.00
0.402000	126.00
0.402020	126.00
0.402040	126.00
0.402060	126.00
0.402080	125.00
0.402100	125.00
0.402120	125.00
0.402140	125.00
0.402160	125.00
0.402180	125.00
0.402200	125.00
0.402220	125.00
0.402240	125.00
0.402260	125.00
0.402280	125.00
0.402300	125.00
0.402320	125.00
0.402340	124.00
0.402360	124.00
0.402380	124.00
0.402400	125.00
0.402420	125.00
0.402440	125.00
0.402460	125.00
0.402480	124.00
0.402500	124.00
0.402520	125.00
0.402540	125.00
0.402560	125.00
0.402580	125.00
0.402600	125.00
0.402620	125.00
0.402640	125.00
0.402660	125.00
0.402680	125.00
0.402700	124.00
0.402720	125.00
0.402740	126.00
0.402760	126.00
0.402780	126.00
0.402800	125.00
0.402820	125.00
0.402840	125.00
0.402860	124.00
0.402880	124.00
0.402900	124.00
0.402920	125.00
0.402940	125.00
0.402960	126.00
0.402980	125.00
0.403000	125.00
0.403020	124.00
0.403040	124.00
0.403060	125.00
0.403080	126.00
0.403100	126.00
0.403120	125.00
0.403140	125.00
0.403160	124.00
0.403180	124.00
0.403200	124.00
0.403220	125.00
0.403240	125.00
0.403260	125.00
0.403280	125.00
0.403300	125.00
0.403320	125.00
0.403340	125.00
0.403360	125.00
0.403380	125.00
0.403400	125.00
0.403420	124.00
0.403440	124.00
0.403460	124.00
0.403480	124.00
0.403500	124.00
0.403520	124.00
0.403540	125.00
0.403560	125.00
0.403580	125.00
0.403600	125.00
0.403620	124.00
0.403640	124.00
0.403660	125.00
0.403680	126.00
0.403700	126.00
0.403720	126.00
0.403740	126.00
0.403760	126.00
0.403780	126.00
0.403800	126.00
0.403820	125.00
0.403840	125.00
0.403860	125.00
0.403880	125.00
0.403900	125.00
0.403920	125.00
0.403940	125.00
0.403960	126.00
0.403980	126.00
0.404000	125.00
0.404020	124.00
0.404040	124.00
0.404060	124.00
0.404080	125.00
0.404100	125.00
0.404120	124.00
0.404140	124.00
0.404160	124.00
0.404180	124.00
0.404200	125.00
0.404220	125.00
0.404240	125.00
0.404260	125.00
0.404280	125.00
0.404300	125.00
0.404320	124.00
0.404340	124.00
0.404360	124.00
0.404380	125.00
0.404400	125.00
0.404420	125.00
0.404440	125.00
0.404460	125.00
0.404480	125.00
0.404500	125.00
0.404520	124.00
0.404540	125.00
0.404560	126.00
0.404580	126.00
0.404600	126.00
0.404620	125.00
0.404640	125.00
0.404660	125.00
0.404680	126.00
0.404700	126.00
0.404720	125.00
0.404740	125.00
0.404760	125.00
0.404780	125.00
0.404800	125.00
0.404820	126.00
0.404840	125.00
0.404860	125.00
0.404880	125.00
0.404900	125.00
0.404920	125.00
0.404940	125.00
0.404960	125.00
0.404980	125.00
0.405000	125.00
0.405020	125.00
0.405040	125.00
0.405060	125.00
0.405080	125.00
0.405100	125.00
0.405120	125.00
0.405140	125.00
0.405160	125.00
0.405180	125.00
0.405200	125.00
0.405220	125.00
0.405240	124.00
0.405260	124.00
0.405280	124.00
0.405300	124.00
0.405320	124.00
0.405340	124.00
0.405360	124.00
0.405380	124.00
0.405400	125.00
0.405420	125.00
0.405440	125.00
0.405460	125.00
0.405480	125.00
0.405500	125.00
0.405520	125.00
0.405540	125.00
0.405560	124.00
0.405580	124.00
0.405600	124.00
0.405620	124.00
0.405640	124.00
0.405660	124.00
0.405680	124.00
0.405700	125.00
0.405720	125.00
0.405740	125.00
0.405760	125.00
0.405780	125.00
0.405800	124.00
0.405820	124.00
0.405840	125.00
0.405860	125.00
0.405880	124.00
0.405900	124.00
0.405920	124.00
0.405940	125.00
0.405960	125.00
0.405980	125.00
0.406000	125.00
0.406020	125.00
0.406040	125.00
0.406060	125.00
0.406080	125.00
0.406100	125.00
0.406120	125.00
0.406140	125.00
0.406160	126.00
0.406180	126.00
0.406200	126.00
0.406220	125.00
0.406240	125.00
0.406260	125.00
0.406280	125.00
0.406300	124.00
0.406320	124.00
0.406340	124.00
0.406360	125.00
0.406380	125.00
0.406400	124.00
0.406420	124.00
0.406440	125.00
0.406460	125.00
0.406480	126.00
0.406500	126.00
0.406520	126.00
0.406540	126.00
0.406560	126.00
0.406580	126.00
0.406600	126.00
0.406620	126.00
0.406640	126.00
0.406660	126.00
0.406680	125.00
0.406700	124.00
0.406720	124.00
0.406740	125.00
0.406760	125.00
0.406780	125.00
0.406800	125.00
0.406820	125.00
0.406840	125.00
0.406860	124.00
0.406880	124.00
0.406900	124.00
0.406920	124.00
0.406940	125.00
0.406960	125.00
0.406980	125.00
0.407000	125.00
0.407020	125.00
0.407040	124.00
0.407060	124.00
0.407080	124.00
0.407100	125.00
0.407120	125.00
0.407140	126.00
0.407160	126.00
0.407180	126.00
0.407200	126.00
0.407220	126.00
0.407240	126.00
0.407260	126.00
0.407280	125.00
0.407300	125.00
0.407320	124.00
0.407340	125.00
0.407360	126.00
0.407380	126.00
0.407400	126.00
0.407420	125.00
0.407440	124.00
0.407460	125.00
0.407480	125.00
0.407500	125.00
0.407520	125.00
0.407540	125.00
0.407560	124.00
0.407580	124.00
0.407600	125.00
0.407620	125.00
0.407640	126.00
0.407660	126.00
0.407680	126.00
0.407700	125.00
0.407720	125.00
0.407740	125.00
0.407760	125.00
0.407780	125.00
0.407800	124.00
0.407820	124.00
0.407840	124.00
0.407860	124.00
0.407880	124.00
0.407900	124.00
0.407920	125.00
0.407940	125.00
0.407960	126.00
0.407980	126.00
0.408000	125.00
0.408020	125.00
0.408040	125.00
0.408060	125.00
0.408080	125.00
0.408100	125.00
0.408120	125.00
0.408140	125.00
0.408160	125.00
0.408180	125.00
0.408200	125.00
0.408220	124.00
0.408240	124.00
0.408260	124.00
0.408280	125.00
0.408300	125.00
0.408320	125.00
0.408340	124.00
0.408360	124.00
0.408380	124.00
0.408400	125.00
0.408420	125.00
0.408440	126.00
0.408460	126.00
0.408480	126.00
0.408500	126.00
0.408520	125.00
0.408540	125.00
0.408560	125.00
0.408580	125.00
0.408600	125.00
0.408620	124.00
0.408640	123.00
0.408660	123.00
0.408680	124.00
0.408700	125.00
0.408720	125.00
0.408740	125.00
0.408760	125.00
0.408780	124.00
0.408800	124.00
0.408820	124.00
0.408840	124.00
0.408860	125.00
0.408880	125.00
0.408900	125.00
0.408920	125.00
0.408940	125.00
0.408960	125.00
0.408980	125.00
0.409000	125.00
0.409020	125.00
0.409040	125.00
0.409060	125.00
0.409080	125.00
0.409100	125.00
0.409120	124.00
0.409140	124.00
0.409160	124.00
0.409180	124.00
0.409200	125.00
0.409220	125.00
0.409240	125.00
0.409260	125.00
0.409280	124.00
0.409300	124.00
0.409320	124.00
0.409340	125.00
0.409360	125.00
0.409380	125.00
0.409400	125.00
0.409420	125.00
0.409440	124.00
0.409460	124.00
0.409480	125.00
0.409500	126.00
0.409520	126.00
0.409540	126.00
0.409560	125.00
0.409580	124.00
0.409600	124.00
0.409620	125.00
0.409640	125.00
0.409660	126.00
0.409680	126.00
0.409700	126.00
0.409720	125.00
0.409740	125.00
0.409760	125.00
0.409780	125.00
0.409800	125.00
0.409820	125.00
0.409840	125.00
0.409860	125.00
0.409880	125.00
0.409900	125.00
0.409920	125.00
0.409940	125.00
0.409960	125.00
0.409980	124.00
0.410000	124.00
0.410020	124.00
0.410040	124.00
0.410060	124.00
0.410080	124.00
0.410100	124.00
0.410120	124.00
0.410140	125.00
0.410160	125.00
0.410180	126.00
0.410200	126.00
0.410220	126.00
0.410240	125.00
0.410260	125.00
0.410280	125.00
0.410300	125.00
0.410320	125.00
0.410340	125.00
0.410360	125.00
0.410380	125.00
0.410400	125.00
0.410420	125.00
0.410440	125.00
0.410460	125.00
0.410480	125.00
0.410500	125.00
0.410520	125.00
0.410540	125.00
0.410560	124.00
0.410580	124.00
0.410600	124.00
0.410620	124.00
0.410640	124.00
0.410660	124.00
0.410680	124.00
0.410700	125.00
0.410720	126.00
0.410740	126.00
0.410760	126.00
0.410780	125.00
0.410800	124.00
0.410820	124.00
0.410840	124.00
0.410860	124.00
0.410880	124.00
0.410900	124.00
0.410920	124.00
0.410940	124.00
0.410960	125.00
0.410980	125.00
0.411000	125.00
0.411020	125.00
0.411040	126.00
0.411060	126.00
0.411080	126.00
0.411100	126.00
0.411120	126.00
0.411140	126.00
0.411160	125.00
0.411180	125.00
0.411200	125.00
0.411220	125.00
0.411240	125.00
0.411260	126.00
0.411280	126.00
0.411300	126.00
0.411320	125.00
0.411340	125.00
0.411360	125.00
0.411380	125.00
0.411400	125.00
0.411420	125.00
0.411440	125.00
0.411460	125.00
0.411480	125.00
0.411500	125.00
0.411520	125.00
0.411540	125.00
0.411560	125.00
0.411580	126.00
0.411600	126.00
0.411620	126.00
0.411640	126.00
0.411660	126.00
0.411680	126.00
0.411700	126.00
0.411720	125.00
0.411740	125.00
0.411760	125.00
0.411780	125.00
0.411800	125.00
0.411820	125.00
0.411840	125.00
0.411860	125.00
0.411880	125.00
0.411900	125.00
0.411920	125.00
0.411940	125.00
0.411960	125.00
0.411980	125.00
0.412000	125.00
0.412020	125.00
0.412040	125.00
0.412060	125.00
0.412080	125.00
0.412100	125.00
0.412120	125.00
0.412140	124.00
0.412160	123.00
0.412180	123.00
0.412200	124.00
0.412220	125.00
0.412240	125.00
0.412260	125.00
0.412280	125.00
0.412300	124.00
0.412320	123.00
0.412340	123.00
0.412360	124.00
0.412380	124.00
0.412400	124.00
0.412420	125.00
0.412440	125.00
0.412460	125.00
0.412480	125.00
0.412500	125.00
0.412520	125.00
0.412540	125.00
0.412560	125.00
0.412580	125.00
0.412600	124.00
0.412620	124.00
0.412640	124.00
0.412660	125.00
0.412680	125.00
0.412700	125.00
0.412720	125.00
0.412740	125.00
0.412760	124.00
0.412780	124.00
0.412800	124.00
0.412820	125.00
0.412840	125.00
0.412860	124.00
0.412880	124.00
0.412900	125.00
0.412920	125.00
0.412940	126.00
0.412960	126.00
0.412980	126.00
0.413000	125.00
0.413020	125.00
0.413040	125.00
0.413060	125.00
0.413080	124.00
0.413100	124.00
0.413120	125.00
0.413140	125.00
0.413160	125.00
0.413180	125.00
0.413200	125.00
0.413220	125.00
0.413240	125.00
0.413260	125.00
0.413280	125.00
0.413300	125.00
0.413320	125.00
0.413340	124.00
0.413360	124.00
0.413380	124.00
0.413400	125.00
0.413420	126.00
0.413440	125.00
0.413460	125.00
0.413480	124.00
0.413500	124.00
0.413520	125.00
0.413540	125.00
0.413560	125.00
0.413580	125.00
0.413600	124.00
0.413620	124.00
0.413640	124.00
0.413660	124.00
0.413680	125.00
0.413700	126.00
0.413720	126.00
0.413740	126.00
0.413760	125.00
0.413780	125.00
0.413800	125.00
0.413820	125.00
0.413840	125.00
0.413860	125.00
0.413880	125.00
0.413900	124.00
0.413920	124.00
0.413940	125.00
0.413960	125.00
0.413980	126.00
0.414000	126.00
0.414020	125.00
0.414040	125.00
0.414060	126.00
0.414080	126.00
0.414100	126.00
0.414120	126.00
0.414140	125.00
0.414160	124.00
0.414180	124.00
0.414200	124.00
0.414220	124.00
0.414240	125.00
0.414260	126.00
0.414280	126.00
0.414300	126.00
0.414320	125.00
0.414340	124.00
0.414360	124.00
0.414380	124.00
0.414400	125.00
0.414420	125.00
0.414440	125.00
0.414460	124.00
0.414480	124.00
0.414500	125.00
0.414520	126.00
0.414540	126.00
0.414560	126.00
0.414580	125.00
0.414600	125.00
0.414620	125.00
0.414640	125.00
0.414660	126.00
0.414680	126.00
0.414700	125.00
0.414720	125.00
0.414740	125.00
0.414760	125.00
0.414780	126.00
0.414800	126.00
0.414820	126.00
0.414840	126.00
0.414860	125.00
0.414880	125.00
0.414900	125.00
0.414920	125.00
0.414940	125.00
0.414960	125.00
0.414980	125.00
0.415000	124.00
0.415020	124.00
0.415040	124.00
0.415060	124.00
0.415080	125.00
0.415100	125.00
0.415120	125.00
0.415140	125.00
0.415160	125.00
0.415180	125.00
0.415200	125.00
0.415220	125.00
0.415240	125.00
0.415260	125.00
0.415280	124.00
0.415300	124.00
0.415320	125.00
0.415340	125.00
0.415360	125.00
0.415380	124.00
0.415400	124.00
0.415420	123.00
0.415440	124.00
0.415460	124.00
0.415480	125.00
0.415500	126.00
0.415520	126.00
0.415540	126.00
0.415560	126.00
0.415580	125.00
0.415600	125.00
0.415620	125.00
0.415640	125.00
0.415660	124.00
0.415680	124.00
0.415700	124.00
0.415720	125.00
0.415740	125.00
0.415760	125.00
0.415780	125.00
0.415800	125.00
0.415820	125.00
0.415840	125.00
0.415860	125.00
0.415880	125.00
0.415900	125.00
0.415920	125.00
0.415940	125.00
0.415960	125.00
0.415980	125.00
0.416000	125.00
0.416020	125.00
0.416040	125.00
0.416060	125.00
0.416080	126.00
0.416100	125.00
0.416120	125.00
0.416140	125.00
0.416160	125.00
0.416180	126.00
0.416200	126.00
0.416220	126.00
0.416240	125.00
0.416260	124.00
0.416280	124.00
0.416300	125.00
0.416320	125.00
0.416340	126.00
0.416360	126.00
0.416380	126.00
0.416400	126.00
0.416420	126.00
0.416440	126.00
0.416460	125.00
0.416480	125.00
0.416500	125.00
0.416520	125.00
0.416540	125.00
0.416560	125.00
0.416580	126.00
0.416600	126.00
0.416620	126.00
0.416640	125.00
0.416660	125.00
0.416680	125.00
0.416700	125.00
0.416720	125.00
0.416740	125.00
0.416760	125.00
0.416780	125.00
0.416800	125.00
0.416820	125.00
0.416840	124.00
0.416860	124.00
0.416880	125.00
0.416900	126.00
0.416920	126.00
0.416940	126.00
0.416960	125.00
0.416980	125.00
0.417000	125.00
0.417020	126.00
0.417040	126.00
0.417060	125.00
0.417080	125.00
0.417100	125.00
0.417120	125.00
0.417140	125.00
0.417160	124.00
0.417180	124.00
0.417200	124.00
0.417220	125.00
0.417240	125.00
0.417260	125.00
0.417280	125.00
0.417300	124.00
0.417320	124.00
0.417340	124.00
0.417360	124.00
0.417380	124.00
0.417400	124.00
0.417420	125.00
0.417440	125.00
0.417460	126.00
0.417480	126.00
0.417500	125.00
0.417520	124.00
0.417540	124.00
0.417560	124.00
0.417580	124.00
0.417600	125.00
0.417620	125.00
0.417640	125.00
0.417660	125.00
0.417680	125.00
0.417700	125.00
0.417720	125.00
0.417740	125.00
0.417760	125.00
0.417780	125.00
0.417800	125.00
0.417820	125.00
0.417840	124.00
0.417860	124.00
0.417880	125.00
0.417900	125.00
0.417920	126.00
0.417940	126.00
0.417960	125.00
0.417980	125.00
0.418000	124.00
0.418020	124.00
0.418040	124.00
0.418060	125.00
0.418080	125.00
0.418100	124.00
0.418120	124.00
0.418140	124.00
0.418160	125.00
0.418180	125.00
0.418200	125.00
0.418220	125.00
0.418240	125.00
0.418260	125.00
0.418280	125.00
0.418300	124.00
0.418320	124.00
0.418340	124.00
0.418360	125.00
0.418380	125.00
0.418400	125.00
0.418420	125.00
0.418440	124.00
0.418460	124.00
0.418480	124.00
0.418500	125.00
0.418520	126.00
0.418540	126.00
0.418560	125.00
0.418580	125.00
0.418600	124.00
0.418620	125.00
0.418640	125.00
0.418660	125.00
0.418680	125.00
0.418700	125.00
0.418720	125.00
0.418740	125.00
0.418760	126.00
0.418780	126.00
0.418800	126.00
0.418820	126.00
0.418840	126.00
0.418860	126.00
0.418880	125.00
0.418900	124.00
0.418920	124.00
0.418940	124.00
0.418960	125.00
0.418980	125.00
0.419000	124.00
0.419020	124.00
0.419040	124.00
0.419060	124.00
0.419080	124.00
0.419100	124.00
0.419120	124.00
0.419140	124.00
0.419160	124.00
0.419180	124.00
0.419200	125.00
0.419220	125.00
0.419240	125.00
0.419260	125.00
0.419280	124.00
0.419300	124.00
0.419320	124.00
0.419340	124.00
0.419360	125.00
0.419380	125.00
0.419400	125.00
0.419420	125.00
0.419440	125.00
0.419460	125.00
0.419480	126.00
0.419500	126.00
0.419520	126.00
0.419540	125.00
0.419560	125.00
0.419580	125.00
0.419600	124.00
0.419620	124.00
0.419640	125.00
0.419660	125.00
0.419680	126.00
0.419700	126.00
0.419720	125.00
0.419740	124.00
0.419760	124.00
0.419780	124.00
0.419800	125.00
0.419820	125.00
0.419840	125.00
0.419860	125.00
0.419880	125.00
0.419900	125.00
0.419920	124.00
0.419940	124.00
0.419960	125.00
0.419980	126.00
