0.320000	101.00
0.320020	49.00
0.320040	102.00
0.320060	140.00
0.320080	144.00
0.320100	125.00
0.320120	112.00
0.320140	118.00
0.320160	130.00
0.320180	133.00
0.320200	124.00
0.320220	118.00
0.320240	121.00
0.320260	128.00
0.320280	130.00
0.320300	124.00
0.320320	119.00
0.320340	121.00
0.320360	127.00
0.320380	128.00
0.320400	124.00
0.320420	121.00
0.320440	123.00
0.320460	127.00
0.320480	128.00
0.320500	124.00
0.320520	121.00
0.320540	123.00
0.320560	127.00
0.320580	128.00
0.320600	125.00
0.320620	123.00
0.320640	124.00
0.320660	126.00
0.320680	127.00
0.320700	125.00
0.320720	123.00
0.320740	124.00
0.320760	126.00
0.320780	126.00
0.320800	124.00
0.320820	123.00
0.320840	124.00
0.320860	126.00
0.320880	127.00
0.320900	125.00
0.320920	124.00
0.320940	124.00
0.320960	126.00
0.320980	126.00
0.321000	125.00
0.321020	123.00
0.321040	124.00
0.321060	125.00
0.321080	125.00
0.321100	124.00
0.321120	123.00
0.321140	124.00
0.321160	126.00
0.321180	126.00
0.321200	125.00
0.321220	123.00
0.321240	123.00
0.321260	125.00
0.321280	126.00
0.321300	125.00
0.321320	124.00
0.321340	124.00
0.321360	125.00
0.321380	126.00
0.321400	125.00
0.321420	124.00
0.321440	124.00
0.321460	125.00
0.321480	126.00
0.321500	125.00
0.321520	124.00
0.321540	125.00
0.321560	126.00
0.321580	126.00
0.321600	125.00
0.321620	124.00
0.321640	125.00
0.321660	126.00
0.321680	126.00
0.321700	125.00
0.321720	124.00
0.321740	124.00
0.321760	125.00
0.321780	125.00
0.321800	124.00
0.321820	123.00
0.321840	124.00
0.321860	125.00
0.321880	125.00
0.321900	124.00
0.321920	124.00
0.321940	124.00
0.321960	125.00
0.321980	125.00
0.322000	124.00
0.322020	123.00
0.322040	124.00
0.322060	125.00
0.322080	125.00
0.322100	124.00
0.322120	124.00
0.322140	124.00
0.322160	126.00
0.322180	126.00
0.322200	125.00
0.322220	124.00
0.322240	124.00
0.322260	125.00
0.322280	125.00
0.322300	124.00
0.322320	124.00
0.322340	124.00
0.322360	124.00
0.322380	124.00
0.322400	124.00
0.322420	124.00
0.322440	124.00
0.322460	125.00
0.322480	126.00
0.322500	125.00
0.322520	125.00
0.322540	125.00
0.322560	125.00
0.322580	125.00
0.322600	125.00
0.322620	125.00
0.322640	125.00
0.322660	125.00
0.322680	125.00
0.322700	124.00
0.322720	124.00
0.322740	124.00
0.322760	125.00
0.322780	126.00
0.322800	125.00
0.322820	125.00
0.322840	125.00
0.322860	125.00
0.322880	126.00
0.322900	125.00
0.322920	125.00
0.322940	125.00
0.322960	125.00
0.322980	126.00
0.323000	125.00
0.323020	125.00
0.323040	125.00
0.323060	125.00
0.323080	125.00
0.323100	124.00
0.323120	124.00
0.323140	125.00
0.323160	125.00
0.323180	125.00
0.323200	124.00
0.323220	123.00
0.323240	124.00
0.323260	125.00
0.323280	125.00
0.323300	125.00
0.323320	125.00
0.323340	125.00
0.323360	126.00
0.323380	126.00
0.323400	125.00
0.323420	124.00
0.323440	124.00
0.323460	125.00
0.323480	125.00
0.323500	125.00
0.323520	125.00
0.323540	124.00
0.323560	124.00
0.323580	124.00
0.323600	124.00
0.323620	124.00
0.323640	124.00
0.323660	124.00
0.323680	124.00
0.323700	124.00
0.323720	124.00
0.323740	124.00
0.323760	125.00
0.323780	124.00
0.323800	124.00
0.323820	124.00
0.323840	124.00
0.323860	125.00
0.323880	125.00
0.323900	125.00
0.323920	125.00
0.323940	124.00
0.323960	124.00
0.323980	125.00
0.324000	125.00
0.324020	125.00
0.324040	125.00
0.324060	124.00
0.324080	124.00
0.324100	124.00
0.324120	125.00
0.324140	125.00
0.324160	125.00
0.324180	125.00
0.324200	124.00
0.324220	124.00
0.324240	124.00
0.324260	125.00
0.324280	125.00
0.324300	125.00
0.324320	125.00
0.324340	125.00
0.324360	125.00
0.324380	125.00
0.324400	124.00
0.324420	125.00
0.324440	125.00
0.324460	126.00
0.324480	125.00
0.324500	124.00
0.324520	124.00
0.324540	124.00
0.324560	125.00
0.324580	125.00
0.324600	125.00
0.324620	125.00
0.324640	124.00
0.324660	124.00
0.324680	124.00
0.324700	124.00
0.324720	124.00
0.324740	124.00
0.324760	124.00
0.324780	124.00
0.324800	124.00
0.324820	124.00
0.324840	124.00
0.324860	123.00
0.324880	122.00
0.324900	121.00
0.324920	121.00
0.324940	122.00
0.324960	124.00
0.324980	127.00
0.325000	130.00
0.325020	133.00
0.325040	136.00
0.325060	136.00
0.325080	135.00
0.325100	133.00
0.325120	130.00
0.325140	127.00
0.325160	123.00
0.325180	118.00
0.325200	113.00
0.325220	108.00
0.325240	104.00
0.325260	102.00
0.325280	103.00
0.325300	107.00
0.325320	112.00
0.325340	119.00
0.325360	125.00
0.325380	130.00
0.325400	135.00
0.325420	140.00
0.325440	146.00
0.325460	151.00
0.325480	155.00
0.325500	157.00
0.325520	155.00
0.325540	150.00
0.325560	142.00
0.325580	131.00
0.325600	118.00
0.325620	105.00
0.325640	92.00
0.325660	81.00
0.325680	73.00
0.325700	69.00
0.325720	70.00
0.325740	77.00
0.325760	90.00
0.325780	108.00
0.325800	129.00
0.325820	152.00
0.325840	173.00
0.325860	190.00
0.325880	201.00
0.325900	204.00
0.325920	200.00
0.325940	190.00
0.325960	173.00
0.325980	150.00
0.326000	123.00
0.326020	96.00
0.326040	69.00
0.326060	48.00
0.326080	32.00
0.326100	25.00
0.326120	26.00
0.326140	37.00
0.326160	55.00
0.326180	78.00
0.326200	106.00
0.326220	136.00
0.326240	165.00
0.326260	189.00
0.326280	206.00
0.326300	215.00
0.326320	217.00
0.326340	211.00
0.326360	199.00
0.326380	181.00
0.326400	157.00
0.326420	131.00
0.326440	105.00
0.326460	81.00
0.326480	61.00
0.326500	47.00
0.326520	40.00
0.326540	41.00
0.326560	48.00
0.326580	62.00
0.326600	80.00
0.326620	101.00
0.326640	122.00
0.326660	143.00
0.326680	161.00
0.326700	174.00
0.326720	183.00
0.326740	186.00
0.326760	184.00
0.326780	177.00
0.326800	166.00
0.326820	153.00
0.326840	138.00
0.326860	123.00
0.326880	109.00
0.326900	97.00
0.326920	88.00
0.326940	83.00
0.326960	82.00
0.326980	84.00
0.327000	89.00
0.327020	98.00
0.327040	108.00
0.327060	118.00
0.327080	128.00
0.327100	137.00
0.327120	144.00
0.327140	149.00
0.327160	152.00
0.327180	152.00
0.327200	150.00
0.327220	146.00
0.327240	140.00
0.327260	133.00
0.327280	127.00
0.327300	121.00
0.327320	116.00
0.327340	111.00
0.327360	108.00
0.327380	107.00
0.327400	107.00
0.327420	109.00
0.327440	112.00
0.327460	116.00
0.327480	120.00
0.327500	124.00
0.327520	128.00
0.327540	131.00
0.327560	133.00
0.327580	135.00
0.327600	135.00
0.327620	135.00
0.327640	134.00
0.327660	133.00
0.327680	131.00
0.327700	128.00
0.327720	126.00
0.327740	123.00
0.327760	121.00
0.327780	119.00
0.327800	118.00
0.327820	118.00
0.327840	118.00
0.327860	119.00
0.327880	120.00
0.327900	122.00
0.327920	123.00
0.327940	125.00
0.327960	126.00
0.327980	126.00
0.328000	127.00
0.328020	128.00
0.328040	128.00
0.328060	128.00
0.328080	128.00
0.328100	127.00
0.328120	127.00
0.328140	126.00
0.328160	125.00
0.328180	124.00
0.328200	124.00
0.328220	123.00
0.328240	123.00
0.328260	123.00
0.328280	123.00
0.328300	123.00
0.328320	123.00
0.328340	124.00
0.328360	124.00
0.328380	125.00
0.328400	125.00
0.328420	126.00
0.328440	126.00
0.328460	126.00
0.328480	126.00
0.328500	126.00
0.328520	125.00
0.328540	125.00
0.328560	124.00
0.328580	124.00
0.328600	124.00
0.328620	124.00
0.328640	124.00
0.328660	124.00
0.328680	124.00
0.328700	124.00
0.328720	125.00
0.328740	125.00
0.328760	124.00
0.328780	124.00
0.328800	125.00
0.328820	126.00
0.328840	126.00
0.328860	126.00
0.328880	125.00
0.328900	125.00
0.328920	125.00
0.328940	125.00
0.328960	125.00
0.328980	125.00
0.329000	125.00
0.329020	125.00
0.329040	124.00
0.329060	124.00
0.329080	124.00
0.329100	124.00
0.329120	124.00
0.329140	125.00
0.329160	125.00
0.329180	125.00
0.329200	125.00
0.329220	125.00
0.329240	125.00
0.329260	125.00
0.329280	126.00
0.329300	126.00
0.329320	126.00
0.329340	126.00
0.329360	125.00
0.329380	124.00
0.329400	124.00
0.329420	124.00
0.329440	124.00
0.329460	124.00
0.329480	124.00
0.329500	124.00
0.329520	124.00
0.329540	124.00
0.329560	124.00
0.329580	124.00
0.329600	124.00
0.329620	125.00
0.329640	125.00
0.329660	125.00
0.329680	125.00
0.329700	125.00
0.329720	125.00
0.329740	125.00
0.329760	125.00
0.329780	125.00
0.329800	125.00
0.329820	125.00
0.329840	125.00
0.329860	124.00
0.329880	124.00
0.329900	125.00
0.329920	125.00
0.329940	125.00
0.329960	124.00
0.329980	124.00
0.330000	124.00
0.330020	125.00
0.330040	125.00
0.330060	125.00
0.330080	124.00
0.330100	125.00
0.330120	125.00
0.330140	125.00
0.330160	125.00
0.330180	125.00
0.330200	125.00
0.330220	125.00
0.330240	125.00
0.330260	124.00
0.330280	124.00
0.330300	124.00
0.330320	125.00
0.330340	125.00
0.330360	125.00
0.330380	125.00
0.330400	125.00
0.330420	125.00
0.330440	124.00
0.330460	124.00
0.330480	124.00
0.330500	124.00
0.330520	125.00
0.330540	125.00
0.330560	125.00
0.330580	125.00
0.330600	125.00
0.330620	125.00
0.330640	125.00
0.330660	124.00
0.330680	124.00
0.330700	124.00
0.330720	125.00
0.330740	125.00
0.330760	124.00
0.330780	124.00
0.330800	124.00
0.330820	124.00
0.330840	125.00
0.330860	124.00
0.330880	124.00
0.330900	125.00
0.330920	126.00
0.330940	126.00
0.330960	126.00
0.330980	126.00
0.331000	126.00
0.331020	126.00
0.331040	126.00
0.331060	125.00
0.331080	125.00
0.331100	125.00
0.331120	125.00
0.331140	125.00
0.331160	125.00
0.331180	125.00
0.331200	124.00
0.331220	124.00
0.331240	123.00
0.331260	123.00
0.331280	122.00
0.331300	123.00
0.331320	124.00
0.331340	124.00
0.331360	124.00
0.331380	124.00
0.331400	125.00
0.331420	126.00
0.331440	126.00
0.331460	126.00
0.331480	126.00
0.331500	127.00
0.331520	127.00
0.331540	127.00
0.331560	126.00
0.331580	125.00
0.331600	124.00
0.331620	125.00
0.331640	124.00
0.331660	123.00
0.331680	122.00
0.331700	121.00
0.331720	121.00
0.331740	121.00
0.331760	121.00
0.331780	122.00
0.331800	123.00
0.331820	124.00
0.331840	126.00
0.331860	127.00
0.331880	128.00
0.331900	129.00
0.331920	130.00
0.331940	131.00
0.331960	130.00
0.331980	129.00
0.332000	128.00
0.332020	127.00
0.332040	124.00
0.332060	122.00
0.332080	119.00
0.332100	118.00
0.332120	117.00
0.332140	117.00
0.332160	116.00
0.332180	117.00
0.332200	119.00
0.332220	122.00
0.332240	125.00
0.332260	128.00
0.332280	130.00
0.332300	133.00
0.332320	135.00
0.332340	135.00
0.332360	135.00
0.332380	134.00
0.332400	133.00
0.332420	130.00
0.332440	127.00
0.332460	123.00
0.332480	119.00
0.332500	117.00
0.332520	115.00
0.332540	114.00
0.332560	113.00
0.332580	113.00
0.332600	115.00
0.332620	118.00
0.332640	121.00
0.332660	123.00
0.332680	126.00
0.332700	130.00
0.332720	133.00
0.332740	135.00
0.332760	136.00
0.332780	135.00
0.332800	134.00
0.332820	133.00
0.332840	130.00
0.332860	127.00
0.332880	124.00
0.332900	122.00
0.332920	120.00
0.332940	119.00
0.332960	117.00
0.332980	116.00
0.333000	116.00
0.333020	118.00
0.333040	120.00
0.333060	122.00
0.333080	124.00
0.333100	126.00
0.333120	128.00
0.333140	129.00
0.333160	129.00
0.333180	130.00
0.333200	130.00
0.333220	131.00
0.333240	130.00
0.333260	128.00
0.333280	126.00
0.333300	124.00
0.333320	124.00
0.333340	122.00
0.333360	121.00
0.333380	120.00
0.333400	120.00
0.333420	121.00
0.333440	122.00
0.333460	122.00
0.333480	123.00
0.333500	124.00
0.333520	126.00
0.333540	127.00
0.333560	127.00
0.333580	127.00
0.333600	128.00
0.333620	128.00
0.333640	128.00
0.333660	127.00
0.333680	126.00
0.333700	125.00
0.333720	125.00
0.333740	125.00
0.333760	124.00
0.333780	123.00
0.333800	123.00
0.333820	123.00
0.333840	123.00
0.333860	123.00
0.333880	123.00
0.333900	124.00
0.333920	125.00
0.333940	126.00
0.333960	125.00
0.333980	125.00
0.334000	126.00
0.334020	127.00
0.334040	127.00
0.334060	126.00
0.334080	125.00
0.334100	125.00
0.334120	126.00
0.334140	126.00
0.334160	125.00
0.334180	124.00
0.334200	124.00
0.334220	125.00
0.334240	125.00
0.334260	124.00
0.334280	123.00
0.334300	124.00
0.334320	124.00
0.334340	125.00
0.334360	124.00
0.334380	124.00
0.334400	124.00
0.334420	125.00
0.334440	126.00
0.334460	125.00
0.334480	125.00
0.334500	125.00
0.334520	126.00
0.334540	126.00
0.334560	125.00
0.334580	124.00
0.334600	124.00
0.334620	125.00
0.334640	125.00
0.334660	124.00
0.334680	124.00
0.334700	124.00
0.334720	125.00
0.334740	125.00
0.334760	124.00
0.334780	124.00
0.334800	124.00
0.334820	125.00
0.334840	125.00
0.334860	125.00
0.334880	125.00
0.334900	125.00
0.334920	125.00
0.334940	125.00
0.334960	125.00
0.334980	125.00
0.335000	125.00
0.335020	126.00
0.335040	126.00
0.335060	125.00
0.335080	124.00
0.335100	124.00
0.335120	125.00
0.335140	125.00
0.335160	124.00
0.335180	124.00
0.335200	124.00
0.335220	125.00
0.335240	125.00
0.335260	124.00
0.335280	124.00
0.335300	124.00
0.335320	125.00
0.335340	126.00
0.335360	125.00
0.335380	125.00
0.335400	125.00
0.335420	126.00
0.335440	126.00
0.335460	125.00
0.335480	125.00
0.335500	125.00
0.335520	126.00
0.335540	126.00
0.335560	125.00
0.335580	125.00
0.335600	125.00
0.335620	126.00
0.335640	126.00
0.335660	125.00
0.335680	125.00
0.335700	125.00
0.335720	125.00
0.335740	125.00
0.335760	124.00
0.335780	123.00
0.335800	124.00
0.335820	125.00
0.335840	125.00
0.335860	125.00
0.335880	124.00
0.335900	125.00
0.335920	125.00
0.335940	125.00
0.335960	125.00
0.335980	124.00
0.336000	125.00
0.336020	126.00
0.336040	126.00
0.336060	125.00
0.336080	124.00
0.336100	125.00
0.336120	126.00
0.336140	126.00
0.336160	125.00
0.336180	124.00
0.336200	124.00
0.336220	125.00
0.336240	125.00
0.336260	124.00
0.336280	124.00
0.336300	124.00
0.336320	125.00
0.336340	126.00
0.336360	125.00
0.336380	124.00
0.336400	125.00
0.336420	125.00
0.336440	125.00
0.336460	124.00
0.336480	124.00
0.336500	124.00
0.336520	125.00
0.336540	125.00
0.336560	124.00
0.336580	124.00
0.336600	125.00
0.336620	126.00
0.336640	126.00
0.336660	125.00
0.336680	124.00
0.336700	125.00
0.336720	126.00
0.336740	126.00
0.336760	124.00
0.336780	123.00
0.336800	124.00
0.336820	125.00
0.336840	125.00
0.336860	124.00
0.336880	124.00
0.336900	125.00
0.336920	126.00
0.336940	126.00
0.336960	125.00
0.336980	124.00
0.337000	124.00
0.337020	125.00
0.337040	126.00
0.337060	125.00
0.337080	124.00
0.337100	124.00
0.337120	125.00
0.337140	125.00
0.337160	125.00
0.337180	124.00
0.337200	125.00
0.337220	125.00
0.337240	125.00
0.337260	124.00
0.337280	124.00
0.337300	124.00
0.337320	125.00
0.337340	125.00
0.337360	124.00
0.337380	124.00
0.337400	125.00
0.337420	126.00
0.337440	126.00
0.337460	125.00
0.337480	124.00
0.337500	124.00
0.337520	125.00
0.337540	125.00
0.337560	124.00
0.337580	124.00
0.337600	124.00
0.337620	125.00
0.337640	126.00
0.337660	125.00
0.337680	124.00
0.337700	125.00
0.337720	125.00
0.337740	125.00
0.337760	125.00
0.337780	125.00
0.337800	125.00
0.337820	126.00
0.337840	126.00
0.337860	124.00
0.337880	123.00
0.337900	124.00
0.337920	125.00
0.337940	125.00
0.337960	124.00
0.337980	123.00
0.338000	124.00
0.338020	125.00
0.338040	126.00
0.338060	125.00
0.338080	124.00
0.338100	125.00
0.338120	126.00
0.338140	127.00
0.338160	126.00
0.338180	125.00
0.338200	126.00
0.338220	127.00
0.338240	127.00
0.338260	125.00
0.338280	123.00
0.338300	123.00
0.338320	123.00
0.338340	123.00
0.338360	122.00
0.338380	122.00
0.338400	123.00
0.338420	125.00
0.338440	126.00
0.338460	126.00
0.338480	126.00
0.338500	127.00
0.338520	128.00
0.338540	129.00
0.338560	128.00
0.338580	127.00
0.338600	127.00
0.338620	127.00
0.338640	126.00
0.338660	124.00
0.338680	122.00
0.338700	122.00
0.338720	122.00
0.338740	122.00
0.338760	122.00
0.338780	122.00
0.338800	123.00
0.338820	125.00
0.338840	126.00
0.338860	125.00
0.338880	125.00
0.338900	126.00
0.338920	128.00
0.338940	128.00
0.338960	128.00
0.338980	127.00
0.339000	127.00
0.339020	126.00
0.339040	125.00
0.339060	124.00
0.339080	122.00
0.339100	122.00
0.339120	123.00
0.339140	123.00
0.339160	122.00
0.339180	122.00
0.339200	123.00
0.339220	125.00
0.339240	125.00
0.339260	124.00
0.339280	124.00
0.339300	125.00
0.339320	126.00
0.339340	127.00
0.339360	126.00
0.339380	125.00
0.339400	126.00
0.339420	127.00
0.339440	126.00
0.339460	125.00
0.339480	124.00
0.339500	124.00
0.339520	125.00
0.339540	124.00
0.339560	123.00
0.339580	122.00
0.339600	123.00
0.339620	125.00
0.339640	125.00
0.339660	124.00
0.339680	123.00
0.339700	124.00
0.339720	125.00
0.339740	126.00
0.339760	125.00
0.339780	125.00
0.339800	125.00
0.339820	126.00
0.339840	126.00
0.339860	125.00
0.339880	124.00
0.339900	124.00
0.339920	125.00
0.339940	125.00
0.339960	124.00
0.339980	124.00
0.340000	124.00
0.340020	125.00
0.340040	125.00
0.340060	124.00
0.340080	124.00
0.340100	124.00
0.340120	126.00
0.340140	126.00
0.340160	125.00
0.340180	124.00
0.340200	125.00
0.340220	126.00
0.340240	126.00
0.340260	125.00
0.340280	124.00
0.340300	124.00
0.340320	125.00
0.340340	125.00
0.340360	124.00
0.340380	123.00
0.340400	124.00
0.340420	125.00
0.340440	125.00
0.340460	124.00
0.340480	123.00
0.340500	124.00
0.340520	125.00
0.340540	125.00
0.340560	124.00
0.340580	124.00
0.340600	125.00
0.340620	126.00
0.340640	125.00
0.340660	124.00
0.340680	123.00
0.340700	124.00
0.340720	126.00
0.340740	126.00
0.340760	125.00
0.340780	124.00
0.340800	125.00
0.340820	126.00
0.340840	126.00
0.340860	125.00
0.340880	123.00
0.340900	124.00
0.340920	125.00
0.340940	125.00
0.340960	124.00
0.340980	124.00
0.341000	124.00
0.341020	125.00
0.341040	126.00
0.341060	125.00
0.341080	124.00
0.341100	125.00
0.341120	125.00
0.341140	125.00
0.341160	124.00
0.341180	124.00
0.341200	125.00
0.341220	126.00
0.341240	126.00
0.341260	125.00
0.341280	123.00
0.341300	124.00
0.341320	125.00
0.341340	126.00
0.341360	124.00
0.341380	123.00
0.341400	124.00
0.341420	125.00
0.341440	125.00
0.341460	124.00
0.341480	123.00
0.341500	124.00
0.341520	125.00
0.341540	125.00
0.341560	124.00
0.341580	124.00
0.341600	124.00
0.341620	125.00
0.341640	126.00
0.341660	125.00
0.341680	124.00
0.341700	125.00
0.341720	126.00
0.341740	126.00
0.341760	125.00
0.341780	124.00
0.341800	125.00
0.341820	126.00
0.341840	126.00
0.341860	124.00
0.341880	123.00
0.341900	124.00
0.341920	125.00
0.341940	125.00
0.341960	124.00
0.341980	123.00
0.342000	124.00
0.342020	126.00
0.342040	126.00
0.342060	125.00
0.342080	124.00
0.342100	125.00
0.342120	126.00
0.342140	126.00
0.342160	125.00
0.342180	124.00
0.342200	125.00
0.342220	126.00
0.342240	126.00
0.342260	124.00
0.342280	123.00
0.342300	124.00
0.342320	125.00
0.342340	125.00
0.342360	124.00
0.342380	123.00
0.342400	124.00
0.342420	125.00
0.342440	125.00
0.342460	124.00
0.342480	123.00
0.342500	124.00
0.342520	126.00
0.342540	127.00
0.342560	125.00
0.342580	124.00
0.342600	124.00
0.342620	126.00
0.342640	126.00
0.342660	125.00
0.342680	123.00
0.342700	124.00
0.342720	125.00
0.342740	125.00
0.342760	124.00
0.342780	123.00
0.342800	124.00
0.342820	125.00
0.342840	125.00
0.342860	124.00
0.342880	123.00
0.342900	124.00
0.342920	126.00
0.342940	127.00
0.342960	125.00
0.342980	124.00
0.343000	124.00
0.343020	126.00
0.343040	125.00
0.343060	124.00
0.343080	123.00
0.343100	124.00
0.343120	126.00
0.343140	126.00
0.343160	125.00
0.343180	123.00
0.343200	123.00
0.343220	125.00
0.343240	125.00
0.343260	124.00
0.343280	123.00
0.343300	124.00
0.343320	126.00
0.343340	127.00
0.343360	125.00
0.343380	124.00
0.343400	124.00
0.343420	126.00
0.343440	127.00
0.343460	125.00
0.343480	123.00
0.343500	123.00
0.343520	125.00
0.343540	126.00
0.343560	124.00
0.343580	123.00
0.343600	123.00
0.343620	125.00
0.343640	126.00
0.343660	125.00
0.343680	124.00
0.343700	125.00
0.343720	126.00
0.343740	126.00
0.343760	124.00
0.343780	123.00
0.343800	123.00
0.343820	125.00
0.343840	126.00
0.343860	124.00
0.343880	123.00
0.343900	124.00
0.343920	126.00
0.343940	127.00
0.343960	125.00
0.343980	124.00
0.344000	124.00
0.344020	126.00
0.344040	126.00
0.344060	124.00
0.344080	122.00
0.344100	124.00
0.344120	126.00
0.344140	126.00
0.344160	124.00
0.344180	123.00
0.344200	123.00
0.344220	125.00
0.344240	126.00
0.344260	125.00
0.344280	124.00
0.344300	124.00
0.344320	126.00
0.344340	127.00
0.344360	125.00
0.344380	123.00
0.344400	124.00
0.344420	126.00
0.344440	127.00
0.344460	125.00
0.344480	123.00
0.344500	123.00
0.344520	125.00
0.344540	126.00
0.344560	124.00
0.344580	122.00
0.344600	123.00
0.344620	125.00
0.344640	126.00
0.344660	125.00
0.344680	123.00
0.344700	124.00
0.344720	126.00
0.344740	127.00
0.344760	126.00
0.344780	124.00
0.344800	125.00
0.344820	127.00
0.344840	127.00
0.344860	125.00
0.344880	123.00
0.344900	123.00
0.344920	125.00
0.344940	125.00
0.344960	123.00
0.344980	121.00
0.345000	122.00
0.345020	125.00
0.345040	126.00
0.345060	124.00
0.345080	122.00
0.345100	123.00
0.345120	126.00
0.345140	127.00
0.345160	125.00
0.345180	123.00
0.345200	124.00
0.345220	126.00
0.345240	127.00
0.345260	125.00
0.345280	123.00
0.345300	124.00
0.345320	126.00
0.345340	127.00
0.345360	125.00
0.345380	123.00
0.345400	124.00
0.345420	125.00
0.345440	126.00
0.345460	124.00
0.345480	122.00
0.345500	123.00
0.345520	125.00
0.345540	126.00
0.345560	124.00
0.345580	123.00
0.345600	124.00
0.345620	126.00
0.345640	127.00
0.345660	125.00
0.345680	123.00
0.345700	124.00
0.345720	126.00
0.345740	126.00
0.345760	124.00
0.345780	122.00
0.345800	123.00
0.345820	125.00
0.345840	126.00
0.345860	124.00
0.345880	122.00
0.345900	123.00
0.345920	125.00
0.345940	126.00
0.345960	124.00
0.345980	122.00
0.346000	123.00
0.346020	126.00
0.346040	127.00
0.346060	125.00
0.346080	123.00
0.346100	123.00
0.346120	126.00
0.346140	126.00
0.346160	124.00
0.346180	122.00
0.346200	123.00
0.346220	126.00
0.346240	127.00
0.346260	125.00
0.346280	123.00
0.346300	123.00
0.346320	125.00
0.346340	127.00
0.346360	125.00
0.346380	123.00
0.346400	123.00
0.346420	126.00
0.346440	127.00
0.346460	125.00
0.346480	123.00
0.346500	124.00
0.346520	126.00
0.346540	127.00
0.346560	124.00
0.346580	122.00
0.346600	123.00
0.346620	126.00
0.346640	127.00
0.346660	125.00
0.346680	123.00
0.346700	124.00
0.346720	126.00
0.346740	127.00
0.346760	125.00
0.346780	123.00
0.346800	124.00
0.346820	126.00
0.346840	127.00
0.346860	124.00
0.346880	122.00
0.346900	123.00
0.346920	127.00
0.346940	128.00
0.346960	125.00
0.346980	123.00
0.347000	123.00
0.347020	126.00
0.347040	127.00
0.347060	125.00
0.347080	122.00
0.347100	123.00
0.347120	126.00
0.347140	127.00
0.347160	125.00
0.347180	123.00
0.347200	124.00
0.347220	127.00
0.347240	127.00
0.347260	125.00
0.347280	122.00
0.347300	123.00
0.347320	126.00
0.347340	127.00
0.347360	124.00
0.347380	122.00
0.347400	123.00
0.347420	126.00
0.347440	127.00
0.347460	124.00
0.347480	121.00
0.347500	122.00
0.347520	126.00
0.347540	127.00
0.347560	125.00
0.347580	122.00
0.347600	123.00
0.347620	126.00
0.347640	127.00
0.347660	125.00
0.347680	122.00
0.347700	123.00
0.347720	126.00
0.347740	128.00
0.347760	125.00
0.347780	122.00
0.347800	123.00
0.347820	127.00
0.347840	128.00
0.347860	125.00
0.347880	122.00
0.347900	123.00
0.347920	127.00
0.347940	128.00
0.347960	125.00
0.347980	122.00
0.348000	123.00
0.348020	126.00
0.348040	128.00
0.348060	125.00
0.348080	122.00
0.348100	123.00
0.348120	126.00
0.348140	127.00
0.348160	125.00
0.348180	122.00
0.348200	123.00
0.348220	127.00
0.348240	128.00
0.348260	125.00
0.348280	121.00
0.348300	122.00
0.348320	126.00
0.348340	128.00
0.348360	125.00
0.348380	121.00
0.348400	122.00
0.348420	126.00
0.348440	128.00
0.348460	125.00
0.348480	121.00
0.348500	122.00
0.348520	126.00
0.348540	128.00
0.348560	125.00
0.348580	121.00
0.348600	122.00
0.348620	126.00
0.348640	128.00
0.348660	125.00
0.348680	121.00
0.348700	121.00
0.348720	126.00
0.348740	128.00
0.348760	125.00
0.348780	121.00
0.348800	122.00
0.348820	126.00
0.348840	128.00
0.348860	125.00
0.348880	121.00
0.348900	122.00
0.348920	127.00
0.348940	129.00
0.348960	125.00
0.348980	120.00
0.349000	121.00
0.349020	126.00
0.349040	129.00
0.349060	125.00
0.349080	120.00
0.349100	121.00
0.349120	126.00
0.349140	129.00
0.349160	125.00
0.349180	120.00
0.349200	120.00
0.349220	126.00
0.349240	129.00
0.349260	125.00
0.349280	120.00
0.349300	121.00
0.349320	127.00
0.349340	130.00
0.349360	126.00
0.349380	120.00
0.349400	120.00
0.349420	127.00
0.349440	131.00
0.349460	127.00
0.349480	119.00
0.349500	119.00
0.349520	126.00
0.349540	131.00
0.349560	127.00
0.349580	119.00
0.349600	119.00
0.349620	127.00
0.349640	133.00
0.349660	128.00
0.349680	119.00
0.349700	118.00
0.349720	127.00
0.349740	134.00
0.349760	130.00
0.349780	119.00
0.349800	116.00
0.349820	125.00
0.349840	136.00
0.349860	132.00
0.349880	117.00
0.349900	110.00
0.349920	121.00
0.349940	140.00
0.349960	147.00
0.349980	136.00
0.350000	124.00
0.350020	127.00
0.350040	140.00
0.350060	146.00
0.350080	135.00
0.350100	127.00
0.350120	146.00
0.350140	190.00
0.350160	222.00
0.350180	203.00
0.350200	136.00
0.350220	69.00
0.350240	60.00
0.350260	118.00
0.350280	190.00
0.350300	208.00
0.350320	149.00
0.350340	64.00
0.350360	33.00
0.350380	89.00
0.350400	187.00
0.350420	244.00
0.350440	213.00
0.350460	131.00
0.350480	77.00
0.350500	96.00
0.350520	157.00
0.350540	196.00
0.350560	185.00
0.350580	157.00
0.350600	156.00
0.350620	181.00
0.350640	184.00
0.350660	135.00
0.350680	61.00
0.350700	27.00
0.350720	58.00
0.350740	109.00
0.350760	111.00
0.350780	53.00
0.350800	0.00
0.350820	1.00
0.350840	75.00
0.350860	156.00
0.350880	186.00
0.350900	169.00
0.350920	152.00
0.350940	167.00
0.350960	195.00
0.350980	195.00
0.351000	157.00
0.351020	116.00
0.351040	113.00
0.351060	146.00
0.351080	180.00
0.351100	181.00
0.351120	153.00
0.351140	126.00
0.351160	122.00
0.351180	140.00
0.351200	161.00
0.351220	169.00
0.351240	157.00
0.351260	129.00
0.351280	96.00
0.351300	78.00
0.351320	85.00
0.351340	115.00
0.351360	141.00
0.351380	144.00
0.351400	126.00
0.351420	115.00
0.351440	129.00
0.351460	158.00
0.351480	170.00
0.351500	152.00
0.351520	130.00
0.351540	139.00
0.351560	174.00
0.351580	191.00
0.351600	150.00
0.351620	70.00
0.351640	18.00
0.351660	45.00
0.351680	127.00
0.351700	179.00
0.351720	146.00
0.351740	56.00
0.351760	0.00
0.351780	31.00
0.351800	127.00
0.351820	202.00
0.351840	198.00
0.351860	137.00
0.351880	84.00
0.351900	83.00
0.351920	115.00
0.351940	134.00
0.351960	113.00
0.351980	70.00
0.352000	39.00
0.352020	42.00
0.352040	72.00
0.352060	112.00
0.352080	144.00
0.352100	157.00
0.352120	144.00
0.352140	111.00
0.352160	74.00
0.352180	49.00
0.352200	38.00
0.352220	37.00
0.352240	42.00
0.352260	59.00
0.352280	88.00
0.352300	113.00
0.352320	111.00
0.352340	85.00
0.352360	68.00
0.352380	87.00
0.352400	127.00
0.352420	139.00
0.352440	99.00
0.352460	40.00
0.352480	29.00
0.352500	87.00
0.352520	167.00
0.352540	197.00
0.352560	160.00
0.352580	112.00
0.352600	112.00
0.352620	159.00
0.352640	194.00
0.352660	172.00
0.352680	113.00
0.352700	70.00
0.352720	71.00
0.352740	97.00
0.352760	114.00
0.352780	118.00
0.352800	126.00
0.352820	139.00
0.352840	138.00
0.352860	117.00
0.352880	106.00
0.352900	141.00
0.352920	211.00
0.352940	255.00
0.352960	224.00
0.352980	139.00
0.353000	74.00
0.353020	77.00
0.353040	122.00
0.353060	145.00
0.353080	121.00
0.353100	85.00
0.353120	88.00
0.353140	127.00
0.353160	157.00
0.353180	145.00
0.353200	113.00
0.353220	105.00
0.353240	140.00
0.353260	187.00
0.353280	208.00
0.353300	196.00
0.353320	175.00
0.353340	167.00
0.353360	170.00
0.353380	170.00
0.353400	165.00
0.353420	160.00
0.353440	157.00
0.353460	154.00
0.353480	151.00
0.353500	155.00
0.353520	167.00
0.353540	173.00
0.353560	157.00
0.353580	125.00
0.353600	105.00
0.353620	114.00
0.353640	134.00
0.353660	135.00
0.353680	110.00
0.353700	94.00
0.353720	121.00
0.353740	180.00
0.353760	221.00
0.353780	207.00
0.353800	154.00
0.353820	110.00
0.353840	105.00
0.353860	122.00
0.353880	126.00
0.353900	109.00
0.353920	93.00
0.353940	100.00
0.353960	125.00
0.353980	148.00
0.354000	160.00
0.354020	167.00
0.354040	175.00
0.354060	172.00
0.354080	150.00
0.354100	120.00
0.354120	104.00
0.354140	115.00
0.354160	138.00
0.354180	152.00
0.354200	153.00
0.354220	149.00
0.354240	142.00
0.354260	119.00
0.354280	77.00
0.354300	43.00
0.354320	55.00
0.354340	122.00
0.354360	199.00
0.354380	223.00
0.354400	178.00
0.354420	112.00
0.354440	90.00
0.354460	130.00
0.354480	187.00
0.354500	203.00
0.354520	158.00
0.354540	88.00
0.354560	44.00
0.354580	51.00
0.354600	91.00
0.354620	130.00
0.354640	146.00
0.354660	138.00
0.354680	123.00
0.354700	118.00
0.354720	130.00
0.354740	150.00
0.354760	165.00
0.354780	166.00
0.354800	158.00
0.354820	154.00
0.354840	156.00
0.354860	161.00
0.354880	162.00
0.354900	160.00
0.354920	156.00
0.354940	147.00
0.354960	122.00
0.354980	87.00
0.355000	63.00
0.355020	72.00
0.355040	108.00
0.355060	138.00
0.355080	131.00
0.355100	94.00
0.355120	67.00
0.355140	85.00
0.355160	137.00
0.355180	180.00
0.355200	181.00
0.355220	150.00
0.355240	119.00
0.355260	110.00
0.355280	112.00
0.355300	103.00
0.355320	84.00
0.355340	77.00
0.355360	97.00
0.355380	132.00
0.355400	152.00
0.355420	143.00
0.355440	124.00
0.355460	127.00
0.355480	166.00
0.355500	216.00
0.355520	239.00
0.355540	213.00
0.355560	152.00
0.355580	92.00
0.355600	65.00
0.355620	78.00
0.355640	120.00
0.355660	167.00
0.355680	200.00
0.355700	208.00
0.355720	186.00
0.355740	143.00
0.355760	102.00
0.355780	86.00
0.355800	97.00
0.355820	110.00
0.355840	96.00
0.355860	52.00
0.355880	15.00
0.355900	31.00
0.355920	104.00
0.355940	183.00
0.355960	207.00
0.355980	160.00
0.356000	92.00
0.356020	72.00
0.356040	119.00
0.356060	189.00
0.356080	221.00
0.356100	190.00
0.356120	124.00
0.356140	70.00
0.356160	54.00
0.356180	73.00
0.356200	111.00
0.356220	147.00
0.356240	158.00
0.356260	127.00
0.356280	65.00
0.356300	17.00
0.356320	26.00
0.356340	91.00
0.356360	157.00
0.356380	160.00
0.356400	94.00
0.356420	15.00
0.356440	0.00
0.356460	23.00
0.356480	78.00
0.356500	107.00
0.356520	111.00
0.356540	120.00
0.356560	151.00
0.356580	186.00
0.356600	197.00
0.356620	178.00
0.356640	146.00
0.356660	122.00
0.356680	106.00
0.356700	98.00
0.356720	108.00
0.356740	147.00
0.356760	199.00
0.356780	224.00
0.356800	198.00
0.356820	145.00
0.356840	121.00
0.356860	157.00
0.356880	219.00
0.356900	242.00
0.356920	194.00
0.356940	113.00
0.356960	65.00
0.356980	83.00
0.357000	138.00
0.357020	177.00
0.357040	175.00
0.357060	148.00
0.357080	123.00
0.357100	109.00
0.357120	102.00
0.357140	104.00
0.357160	126.00
0.357180	166.00
0.357200	203.00
0.357220	207.00
0.357240	169.00
0.357260	115.00
0.357280	76.00
0.357300	65.00
0.357320	68.00
0.357340	66.00
0.357360	57.00
0.357380	54.00
0.357400	65.00
0.357420	83.00
0.357440	98.00
0.357460	106.00
0.357480	115.00
0.357500	131.00
0.357520	146.00
0.357540	145.00
0.357560	118.00
0.357580	79.00
0.357600	47.00
0.357620	37.00
0.357640	50.00
0.357660	78.00
0.357680	112.00
0.357700	145.00
0.357720	170.00
0.357740	179.00
0.357760	168.00
0.357780	146.00
0.357800	129.00
0.357820	127.00
0.357840	138.00
0.357860	146.00
0.357880	142.00
0.357900	130.00
0.357920	121.00
0.357940	125.00
0.357960	136.00
0.357980	142.00
0.358000	136.00
0.358020	123.00
0.358040	113.00
0.358060	116.00
0.358080	133.00
0.358100	163.00
0.358120	196.00
0.358140	218.00
0.358160	213.00
0.358180	179.00
0.358200	131.00
0.358220	96.00
0.358240	89.00
0.358260	103.00
0.358280	114.00
0.358300	110.00
0.358320	100.00
0.358340	102.00
0.358360	121.00
0.358380	139.00
0.358400	141.00
0.358420	127.00
0.358440	121.00
0.358460	138.00
0.358480	167.00
0.358500	186.00
0.358520	181.00
0.358540	163.00
0.358560	146.00
0.358580	130.00
0.358600	103.00
0.358620	59.00
0.358640	22.00
0.358660	23.00
0.358680	70.00
0.358700	133.00
0.358720	168.00
0.358740	157.00
0.358760	121.00
0.358780	91.00
0.358800	85.00
0.358820	94.00
0.358840	101.00
0.358860	97.00
0.358880	91.00
0.358900	91.00
0.358920	103.00
0.358940	126.00
0.358960	157.00
0.358980	186.00
0.359000	200.00
0.359020	191.00
0.359040	164.00
0.359060	134.00
0.359080	113.00
0.359100	102.00
0.359120	91.00
0.359140	78.00
0.359160	71.00
0.359180	79.00
0.359200	97.00
0.359220	110.00
0.359240	113.00
0.359260	112.00
0.359280	120.00
0.359300	133.00
0.359320	139.00
0.359340	130.00
0.359360	116.00
0.359380	112.00
0.359400	120.00
0.359420	129.00
0.359440	126.00
0.359460	115.00
0.359480	107.00
0.359500	106.00
0.359520	105.00
0.359540	101.00
0.359560	105.00
0.359580	130.00
0.359600	170.00
0.359620	189.00
0.359640	161.00
0.359660	97.00
0.359680	42.00
0.359700	35.00
0.359720	72.00
0.359740	118.00
0.359760	147.00
0.359780	155.00
0.359800	155.00
0.359820	145.00
0.359840	113.00
0.359860	62.00
0.359880	18.00
0.359900	13.00
0.359920	47.00
0.359940	88.00
0.359960	105.00
0.359980	100.00
