0.320000	101.00
0.320020	49.00
0.320040	101.00
0.320060	140.00
0.320080	144.00
0.320100	125.00
0.320120	112.00
0.320140	118.00
0.320160	130.00
0.320180	133.00
0.320200	125.00
0.320220	118.00
0.320240	121.00
0.320260	129.00
0.320280	131.00
0.320300	125.00
0.320320	120.00
0.320340	122.00
0.320360	127.00
0.320380	129.00
0.320400	125.00
0.320420	121.00
0.320440	123.00
0.320460	127.00
0.320480	128.00
0.320500	125.00
0.320520	122.00
0.320540	123.00
0.320560	126.00
0.320580	127.00
0.320600	125.00
0.320620	123.00
0.320640	124.00
0.320660	126.00
0.320680	127.00
0.320700	124.00
0.320720	122.00
0.320740	123.00
0.320760	126.00
0.320780	127.00
0.320800	125.00
0.320820	123.00
0.320840	124.00
0.320860	126.00
0.320880	127.00
0.320900	125.00
0.320920	123.00
0.320940	124.00
0.320960	125.00
0.320980	126.00
0.321000	125.00
0.321020	123.00
0.321040	124.00
0.321060	126.00
0.321080	126.00
0.321100	125.00
0.321120	123.00
0.321140	124.00
0.321160	125.00
0.321180	125.00
0.321200	125.00
0.321220	124.00
0.321240	125.00
0.321260	126.00
0.321280	126.00
0.321300	124.00
0.321320	123.00
0.321340	124.00
0.321360	126.00
0.321380	126.00
0.321400	125.00
0.321420	124.00
0.321440	124.00
0.321460	125.00
0.321480	125.00
0.321500	125.00
0.321520	124.00
0.321540	125.00
0.321560	126.00
0.321580	126.00
0.321600	125.00
0.321620	124.00
0.321640	125.00
0.321660	126.00
0.321680	126.00
0.321700	125.00
0.321720	124.00
0.321740	125.00
0.321760	126.00
0.321780	126.00
0.321800	125.00
0.321820	124.00
0.321840	125.00
0.321860	126.00
0.321880	126.00
0.321900	125.00
0.321920	124.00
0.321940	124.00
0.321960	125.00
0.321980	126.00
0.322000	125.00
0.322020	125.00
0.322040	125.00
0.322060	125.00
0.322080	125.00
0.322100	123.00
0.322120	123.00
0.322140	124.00
0.322160	125.00
0.322180	126.00
0.322200	125.00
0.322220	123.00
0.322240	124.00
0.322260	125.00
0.322280	125.00
0.322300	124.00
0.322320	123.00
0.322340	124.00
0.322360	125.00
0.322380	126.00
0.322400	125.00
0.322420	124.00
0.322440	124.00
0.322460	125.00
0.322480	125.00
0.322500	125.00
0.322520	124.00
0.322540	124.00
0.322560	125.00
0.322580	125.00
0.322600	124.00
0.322620	124.00
0.322640	124.00
0.322660	125.00
0.322680	125.00
0.322700	125.00
0.322720	124.00
0.322740	124.00
0.322760	125.00
0.322780	125.00
0.322800	125.00
0.322820	124.00
0.322840	124.00
0.322860	125.00
0.322880	125.00
0.322900	125.00
0.322920	125.00
0.322940	125.00
0.322960	125.00
0.322980	126.00
0.323000	125.00
0.323020	125.00
0.323040	124.00
0.323060	124.00
0.323080	125.00
0.323100	125.00
0.323120	124.00
0.323140	124.00
0.323160	125.00
0.323180	125.00
0.323200	125.00
0.323220	124.00
0.323240	124.00
0.323260	125.00
0.323280	125.00
0.323300	125.00
0.323320	125.00
0.323340	124.00
0.323360	124.00
0.323380	125.00
0.323400	124.00
0.323420	124.00
0.323440	124.00
0.323460	125.00
0.323480	125.00
0.323500	125.00
0.323520	125.00
0.323540	125.00
0.323560	125.00
0.323580	126.00
0.323600	125.00
0.323620	125.00
0.323640	124.00
0.323660	124.00
0.323680	125.00
0.323700	125.00
0.323720	125.00
0.323740	125.00
0.323760	125.00
0.323780	125.00
0.323800	124.00
0.323820	124.00
0.323840	124.00
0.323860	125.00
0.323880	125.00
0.323900	125.00
0.323920	125.00
0.323940	125.00
0.323960	125.00
0.323980	125.00
0.324000	124.00
0.324020	124.00
0.324040	124.00
0.324060	125.00
0.324080	125.00
0.324100	125.00
0.324120	124.00
0.324140	124.00
0.324160	124.00
0.324180	124.00
0.324200	124.00
0.324220	124.00
0.324240	124.00
0.324260	125.00
0.324280	125.00
0.324300	125.00
0.324320	124.00
0.324340	124.00
0.324360	124.00
0.324380	124.00
0.324400	124.00
0.324420	124.00
0.324440	125.00
0.324460	125.00
0.324480	125.00
0.324500	124.00
0.324520	124.00
0.324540	124.00
0.324560	125.00
0.324580	125.00
0.324600	124.00
0.324620	124.00
0.324640	124.00
0.324660	125.00
0.324680	125.00
0.324700	125.00
0.324720	125.00
0.324740	125.00
0.324760	125.00
0.324780	125.00
0.324800	125.00
0.324820	124.00
0.324840	124.00
0.324860	124.00
0.324880	124.00
0.324900	123.00
0.324920	122.00
0.324940	121.00
0.324960	121.00
0.324980	122.00
0.325000	124.00
0.325020	126.00
0.325040	130.00
0.325060	134.00
0.325080	137.00
0.325100	138.00
0.325120	138.00
0.325140	136.00
0.325160	133.00
0.325180	128.00
0.325200	123.00
0.325220	118.00
0.325240	112.00
0.325260	107.00
0.325280	101.00
0.325300	97.00
0.325320	97.00
0.325340	100.00
0.325360	107.00
0.325380	115.00
0.325400	124.00
0.325420	131.00
0.325440	138.00
0.325460	145.00
0.325480	151.00
0.325500	156.00
0.325520	160.00
0.325540	163.00
0.325560	162.00
0.325580	157.00
0.325600	148.00
0.325620	135.00
0.325640	119.00
0.325660	103.00
0.325680	88.00
0.325700	73.00
0.325720	63.00
0.325740	57.00
0.325760	57.00
0.325780	64.00
0.325800	77.00
0.325820	98.00
0.325840	124.00
0.325860	153.00
0.325880	180.00
0.325900	201.00
0.325920	214.00
0.325940	220.00
0.325960	218.00
0.325980	208.00
0.326000	189.00
0.326020	162.00
0.326040	130.00
0.326060	95.00
0.326080	61.00
0.326100	32.00
0.326120	11.00
0.326140	0.00
0.326160	0.00
0.326180	11.00
0.326200	31.00
0.326220	59.00
0.326240	95.00
0.326260	134.00
0.326280	171.00
0.326300	201.00
0.326320	222.00
0.326340	233.00
0.326360	236.00
0.326380	230.00
0.326400	217.00
0.326420	197.00
0.326440	169.00
0.326460	137.00
0.326480	103.00
0.326500	71.00
0.326520	45.00
0.326540	26.00
0.326560	16.00
0.326580	15.00
0.326600	23.00
0.326620	40.00
0.326640	64.00
0.326660	91.00
0.326680	119.00
0.326700	147.00
0.326720	170.00
0.326740	188.00
0.326760	199.00
0.326780	204.00
0.326800	201.00
0.326820	193.00
0.326840	180.00
0.326860	163.00
0.326880	144.00
0.326900	123.00
0.326920	104.00
0.326940	88.00
0.326960	77.00
0.326980	70.00
0.327000	68.00
0.327020	70.00
0.327040	77.00
0.327060	88.00
0.327080	101.00
0.327100	114.00
0.327120	127.00
0.327140	140.00
0.327160	150.00
0.327180	157.00
0.327200	160.00
0.327220	161.00
0.327240	159.00
0.327260	154.00
0.327280	147.00
0.327300	138.00
0.327320	129.00
0.327340	121.00
0.327360	114.00
0.327380	108.00
0.327400	104.00
0.327420	102.00
0.327440	102.00
0.327460	104.00
0.327480	107.00
0.327500	112.00
0.327520	117.00
0.327540	123.00
0.327560	128.00
0.327580	133.00
0.327600	135.00
0.327620	137.00
0.327640	138.00
0.327660	139.00
0.327680	137.00
0.327700	135.00
0.327720	132.00
0.327740	128.00
0.327760	125.00
0.327780	122.00
0.327800	120.00
0.327820	118.00
0.327840	117.00
0.327860	117.00
0.327880	117.00
0.327900	117.00
0.327920	118.00
0.327940	120.00
0.327960	123.00
0.327980	125.00
0.328000	127.00
0.328020	128.00
0.328040	129.00
0.328060	130.00
0.328080	130.00
0.328100	129.00
0.328120	129.00
0.328140	128.00
0.328160	128.00
0.328180	127.00
0.328200	125.00
0.328220	124.00
0.328240	123.00
0.328260	123.00
0.328280	123.00
0.328300	123.00
0.328320	123.00
0.328340	123.00
0.328360	123.00
0.328380	124.00
0.328400	124.00
0.328420	124.00
0.328440	125.00
0.328460	126.00
0.328480	127.00
0.328500	126.00
0.328520	126.00
0.328540	125.00
0.328560	125.00
0.328580	125.00
0.328600	125.00
0.328620	125.00
0.328640	125.00
0.328660	124.00
0.328680	124.00
0.328700	123.00
0.328720	123.00
0.328740	123.00
0.328760	124.00
0.328780	124.00
0.328800	124.00
0.328820	124.00
0.328840	125.00
0.328860	126.00
0.328880	127.00
0.328900	126.00
0.328920	125.00
0.328940	125.00
0.328960	125.00
0.328980	125.00
0.329000	125.00
0.329020	125.00
0.329040	124.00
0.329060	124.00
0.329080	124.00
0.329100	124.00
0.329120	124.00
0.329140	124.00
0.329160	125.00
0.329180	125.00
0.329200	125.00
0.329220	125.00
0.329240	125.00
0.329260	125.00
0.329280	125.00
0.329300	126.00
0.329320	126.00
0.329340	125.00
0.329360	125.00
0.329380	125.00
0.329400	125.00
0.329420	125.00
0.329440	125.00
0.329460	125.00
0.329480	125.00
0.329500	124.00
0.329520	124.00
0.329540	124.00
0.329560	124.00
0.329580	124.00
0.329600	124.00
0.329620	124.00
0.329640	124.00
0.329660	124.00
0.329680	125.00
0.329700	125.00
0.329720	125.00
0.329740	125.00
0.329760	126.00
0.329780	126.00
0.329800	126.00
0.329820	126.00
0.329840	125.00
0.329860	125.00
0.329880	125.00
0.329900	125.00
0.329920	124.00
0.329940	124.00
0.329960	124.00
0.329980	124.00
0.330000	124.00
0.330020	124.00
0.330040	124.00
0.330060	124.00
0.330080	124.00
0.330100	125.00
0.330120	125.00
0.330140	125.00
0.330160	125.00
0.330180	125.00
0.330200	125.00
0.330220	125.00
0.330240	126.00
0.330260	126.00
0.330280	126.00
0.330300	125.00
0.330320	125.00
0.330340	125.00
0.330360	125.00
0.330380	125.00
0.330400	125.00
0.330420	124.00
0.330440	124.00
0.330460	124.00
0.330480	125.00
0.330500	125.00
0.330520	125.00
0.330540	125.00
0.330560	125.00
0.330580	125.00
0.330600	125.00
0.330620	125.00
0.330640	125.00
0.330660	125.00
0.330680	125.00
0.330700	125.00
0.330720	125.00
0.330740	125.00
0.330760	125.00
0.330780	125.00
0.330800	125.00
0.330820	125.00
0.330840	124.00
0.330860	124.00
0.330880	124.00
0.330900	124.00
0.330920	125.00
0.330940	125.00
0.330960	125.00
0.330980	125.00
0.331000	125.00
0.331020	125.00
0.331040	125.00
0.331060	125.00
0.331080	126.00
0.331100	126.00
0.331120	126.00
0.331140	126.00
0.331160	126.00
0.331180	125.00
0.331200	125.00
0.331220	125.00
0.331240	125.00
0.331260	125.00
0.331280	125.00
0.331300	124.00
0.331320	123.00
0.331340	123.00
0.331360	123.00
0.331380	124.00
0.331400	124.00
0.331420	125.00
0.331440	125.00
0.331460	126.00
0.331480	127.00
0.331500	127.00
0.331520	128.00
0.331540	128.00
0.331560	128.00
0.331580	127.00
0.331600	126.00
0.331620	125.00
0.331640	124.00
0.331660	123.00
0.331680	122.00
0.331700	122.00
0.331720	121.00
0.331740	121.00
0.331760	121.00
0.331780	121.00
0.331800	121.00
0.331820	122.00
0.331840	123.00
0.331860	125.00
0.331880	127.00
0.331900	128.00
0.331920	130.00
0.331940	131.00
0.331960	132.00
0.331980	133.00
0.332000	132.00
0.332020	131.00
0.332040	129.00
0.332060	127.00
0.332080	124.00
0.332100	120.00
0.332120	116.00
0.332140	114.00
0.332160	113.00
0.332180	112.00
0.332200	113.00
0.332220	114.00
0.332240	117.00
0.332260	121.00
0.332280	126.00
0.332300	131.00
0.332320	135.00
0.332340	139.00
0.332360	141.00
0.332380	142.00
0.332400	141.00
0.332420	138.00
0.332440	135.00
0.332460	131.00
0.332480	126.00
0.332500	120.00
0.332520	115.00
0.332540	111.00
0.332560	108.00
0.332580	107.00
0.332600	108.00
0.332620	109.00
0.332640	112.00
0.332660	116.00
0.332680	121.00
0.332700	127.00
0.332720	132.00
0.332740	136.00
0.332760	139.00
0.332780	141.00
0.332800	140.00
0.332820	139.00
0.332840	137.00
0.332860	134.00
0.332880	130.00
0.332900	126.00
0.332920	121.00
0.332940	118.00
0.332960	115.00
0.332980	113.00
0.333000	112.00
0.333020	113.00
0.333040	114.00
0.333060	116.00
0.333080	119.00
0.333100	122.00
0.333120	125.00
0.333140	128.00
0.333160	131.00
0.333180	133.00
0.333200	134.00
0.333220	134.00
0.333240	133.00
0.333260	132.00
0.333280	131.00
0.333300	128.00
0.333320	126.00
0.333340	123.00
0.333360	121.00
0.333380	120.00
0.333400	118.00
0.333420	118.00
0.333440	118.00
0.333460	119.00
0.333480	121.00
0.333500	122.00
0.333520	123.00
0.333540	125.00
0.333560	126.00
0.333580	127.00
0.333600	128.00
0.333620	129.00
0.333640	129.00
0.333660	129.00
0.333680	128.00
0.333700	127.00
0.333720	126.00
0.333740	125.00
0.333760	124.00
0.333780	124.00
0.333800	123.00
0.333820	123.00
0.333840	122.00
0.333860	122.00
0.333880	122.00
0.333900	123.00
0.333920	123.00
0.333940	123.00
0.333960	124.00
0.333980	125.00
0.334000	125.00
0.334020	126.00
0.334040	127.00
0.334060	127.00
0.334080	127.00
0.334100	127.00
0.334120	126.00
0.334140	126.00
0.334160	126.00
0.334180	125.00
0.334200	125.00
0.334220	124.00
0.334240	124.00
0.334260	123.00
0.334280	123.00
0.334300	124.00
0.334320	124.00
0.334340	124.00
0.334360	124.00
0.334380	125.00
0.334400	125.00
0.334420	125.00
0.334440	125.00
0.334460	126.00
0.334480	126.00
0.334500	126.00
0.334520	126.00
0.334540	126.00
0.334560	126.00
0.334580	126.00
0.334600	125.00
0.334620	125.00
0.334640	124.00
0.334660	124.00
0.334680	124.00
0.334700	124.00
0.334720	124.00
0.334740	124.00
0.334760	124.00
0.334780	124.00
0.334800	124.00
0.334820	124.00
0.334840	124.00
0.334860	124.00
0.334880	124.00
0.334900	124.00
0.334920	124.00
0.334940	124.00
0.334960	124.00
0.334980	124.00
0.335000	125.00
0.335020	125.00
0.335040	125.00
0.335060	125.00
0.335080	125.00
0.335100	125.00
0.335120	125.00
0.335140	125.00
0.335160	124.00
0.335180	124.00
0.335200	125.00
0.335220	125.00
0.335240	125.00
0.335260	125.00
0.335280	124.00
0.335300	124.00
0.335320	124.00
0.335340	125.00
0.335360	125.00
0.335380	125.00
0.335400	125.00
0.335420	125.00
0.335440	125.00
0.335460	125.00
0.335480	125.00
0.335500	125.00
0.335520	125.00
0.335540	125.00
0.335560	125.00
0.335580	125.00
0.335600	125.00
0.335620	125.00
0.335640	125.00
0.335660	125.00
0.335680	125.00
0.335700	124.00
0.335720	124.00
0.335740	124.00
0.335760	124.00
0.335780	124.00
0.335800	124.00
0.335820	124.00
0.335840	124.00
0.335860	124.00
0.335880	125.00
0.335900	125.00
0.335920	125.00
0.335940	125.00
0.335960	125.00
0.335980	125.00
0.336000	125.00
0.336020	125.00
0.336040	125.00
0.336060	125.00
0.336080	125.00
0.336100	125.00
0.336120	124.00
0.336140	124.00
0.336160	124.00
0.336180	124.00
0.336200	124.00
0.336220	124.00
0.336240	124.00
0.336260	124.00
0.336280	124.00
0.336300	124.00
0.336320	124.00
0.336340	125.00
0.336360	125.00
0.336380	126.00
0.336400	125.00
0.336420	125.00
0.336440	125.00
0.336460	125.00
0.336480	125.00
0.336500	125.00
0.336520	125.00
0.336540	125.00
0.336560	124.00
0.336580	124.00
0.336600	124.00
0.336620	124.00
0.336640	125.00
0.336660	125.00
0.336680	125.00
0.336700	124.00
0.336720	124.00
0.336740	124.00
0.336760	124.00
0.336780	124.00
0.336800	124.00
0.336820	124.00
0.336840	125.00
0.336860	125.00
0.336880	125.00
0.336900	125.00
0.336920	125.00
0.336940	125.00
0.336960	125.00
0.336980	125.00
0.337000	125.00
0.337020	125.00
0.337040	125.00
0.337060	125.00
0.337080	126.00
0.337100	125.00
0.337120	125.00
0.337140	125.00
0.337160	125.00
0.337180	126.00
0.337200	125.00
0.337220	125.00
0.337240	124.00
0.337260	124.00
0.337280	125.00
0.337300	125.00
0.337320	125.00
0.337340	125.00
0.337360	125.00
0.337380	125.00
0.337400	125.00
0.337420	125.00
0.337440	125.00
0.337460	125.00
0.337480	125.00
0.337500	125.00
0.337520	124.00
0.337540	124.00
0.337560	124.00
0.337580	125.00
0.337600	125.00
0.337620	124.00
0.337640	124.00
0.337660	125.00
0.337680	125.00
0.337700	125.00
0.337720	125.00
0.337740	125.00
0.337760	125.00
0.337780	125.00
0.337800	125.00
0.337820	125.00
0.337840	125.00
0.337860	124.00
0.337880	124.00
0.337900	124.00
0.337920	124.00
0.337940	124.00
0.337960	124.00
0.337980	124.00
0.338000	124.00
0.338020	124.00
0.338040	124.00
0.338060	124.00
0.338080	124.00
0.338100	125.00
0.338120	126.00
0.338140	127.00
0.338160	127.00
0.338180	127.00
0.338200	126.00
0.338220	126.00
0.338240	126.00
0.338260	126.00
0.338280	125.00
0.338300	124.00
0.338320	123.00
0.338340	122.00
0.338360	121.00
0.338380	121.00
0.338400	121.00
0.338420	121.00
0.338440	123.00
0.338460	124.00
0.338480	125.00
0.338500	126.00
0.338520	127.00
0.338540	129.00
0.338560	130.00
0.338580	130.00
0.338600	129.00
0.338620	128.00
0.338640	126.00
0.338660	125.00
0.338680	124.00
0.338700	123.00
0.338720	121.00
0.338740	120.00
0.338760	119.00
0.338780	119.00
0.338800	120.00
0.338820	120.00
0.338840	121.00
0.338860	123.00
0.338880	125.00
0.338900	126.00
0.338920	127.00
0.338940	128.00
0.338960	129.00
0.338980	129.00
0.339000	129.00
0.339020	128.00
0.339040	127.00
0.339060	126.00
0.339080	125.00
0.339100	124.00
0.339120	123.00
0.339140	122.00
0.339160	122.00
0.339180	121.00
0.339200	121.00
0.339220	122.00
0.339240	123.00
0.339260	123.00
0.339280	124.00
0.339300	125.00
0.339320	126.00
0.339340	127.00
0.339360	127.00
0.339380	128.00
0.339400	128.00
0.339420	127.00
0.339440	127.00
0.339460	126.00
0.339480	125.00
0.339500	125.00
0.339520	124.00
0.339540	123.00
0.339560	123.00
0.339580	123.00
0.339600	123.00
0.339620	123.00
0.339640	123.00
0.339660	124.00
0.339680	124.00
0.339700	125.00
0.339720	125.00
0.339740	125.00
0.339760	125.00
0.339780	126.00
0.339800	126.00
0.339820	126.00
0.339840	126.00
0.339860	126.00
0.339880	126.00
0.339900	125.00
0.339920	124.00
0.339940	124.00
0.339960	124.00
0.339980	124.00
0.340000	124.00
0.340020	124.00
0.340040	124.00
0.340060	124.00
0.340080	124.00
0.340100	125.00
0.340120	125.00
0.340140	126.00
0.340160	126.00
0.340180	126.00
0.340200	125.00
0.340220	125.00
0.340240	125.00
0.340260	125.00
0.340280	125.00
0.340300	125.00
0.340320	125.00
0.340340	124.00
0.340360	124.00
0.340380	124.00
0.340400	124.00
0.340420	125.00
0.340440	125.00
0.340460	125.00
0.340480	124.00
0.340500	124.00
0.340520	124.00
0.340540	125.00
0.340560	125.00
0.340580	126.00
0.340600	125.00
0.340620	125.00
0.340640	125.00
0.340660	125.00
0.340680	125.00
0.340700	125.00
0.340720	125.00
0.340740	125.00
0.340760	125.00
0.340780	125.00
0.340800	125.00
0.340820	125.00
0.340840	125.00
0.340860	124.00
0.340880	125.00
0.340900	125.00
0.340920	125.00
0.340940	125.00
0.340960	125.00
0.340980	124.00
0.341000	124.00
0.341020	124.00
0.341040	124.00
0.341060	124.00
0.341080	124.00
0.341100	125.00
0.341120	125.00
0.341140	125.00
0.341160	125.00
0.341180	125.00
0.341200	125.00
0.341220	125.00
0.341240	125.00
0.341260	125.00
0.341280	125.00
0.341300	125.00
0.341320	125.00
0.341340	125.00
0.341360	125.00
0.341380	125.00
0.341400	124.00
0.341420	124.00
0.341440	124.00
0.341460	124.00
0.341480	124.00
0.341500	124.00
0.341520	124.00
0.341540	124.00
0.341560	124.00
0.341580	124.00
0.341600	124.00
0.341620	124.00
0.341640	124.00
0.341660	125.00
0.341680	125.00
0.341700	125.00
0.341720	125.00
0.341740	125.00
0.341760	125.00
0.341780	126.00
0.341800	126.00
0.341820	126.00
0.341840	125.00
0.341860	125.00
0.341880	124.00
0.341900	124.00
0.341920	124.00
0.341940	124.00
0.341960	124.00
0.341980	124.00
0.342000	124.00
0.342020	125.00
0.342040	125.00
0.342060	125.00
0.342080	125.00
0.342100	126.00
0.342120	126.00
0.342140	126.00
0.342160	127.00
0.342180	126.00
0.342200	126.00
0.342220	126.00
0.342240	126.00
0.342260	125.00
0.342280	125.00
0.342300	125.00
0.342320	125.00
0.342340	124.00
0.342360	124.00
0.342380	124.00
0.342400	124.00
0.342420	124.00
0.342440	124.00
0.342460	124.00
0.342480	124.00
0.342500	125.00
0.342520	125.00
0.342540	125.00
0.342560	125.00
0.342580	125.00
0.342600	125.00
0.342620	125.00
0.342640	125.00
0.342660	125.00
0.342680	125.00
0.342700	124.00
0.342720	124.00
0.342740	124.00
0.342760	124.00
0.342780	124.00
0.342800	124.00
0.342820	124.00
0.342840	124.00
0.342860	124.00
0.342880	124.00
0.342900	124.00
0.342920	124.00
0.342940	124.00
0.342960	125.00
0.342980	125.00
0.343000	125.00
0.343020	125.00
0.343040	125.00
0.343060	125.00
0.343080	125.00
0.343100	125.00
0.343120	125.00
0.343140	125.00
0.343160	125.00
0.343180	125.00
0.343200	125.00
0.343220	125.00
0.343240	125.00
0.343260	125.00
0.343280	124.00
0.343300	125.00
0.343320	125.00
0.343340	125.00
0.343360	125.00
0.343380	125.00
0.343400	125.00
0.343420	125.00
0.343440	125.00
0.343460	125.00
0.343480	125.00
0.343500	125.00
0.343520	125.00
0.343540	125.00
0.343560	125.00
0.343580	125.00
0.343600	125.00
0.343620	125.00
0.343640	125.00
0.343660	125.00
0.343680	125.00
0.343700	125.00
0.343720	125.00
0.343740	125.00
0.343760	125.00
0.343780	125.00
0.343800	124.00
0.343820	124.00
0.343840	124.00
0.343860	125.00
0.343880	125.00
0.343900	125.00
0.343920	125.00
0.343940	125.00
0.343960	125.00
0.343980	125.00
0.344000	125.00
0.344020	125.00
0.344040	125.00
0.344060	125.00
0.344080	125.00
0.344100	124.00
0.344120	124.00
0.344140	124.00
0.344160	124.00
0.344180	124.00
0.344200	124.00
0.344220	124.00
0.344240	124.00
0.344260	124.00
0.344280	124.00
0.344300	125.00
0.344320	125.00
0.344340	125.00
0.344360	126.00
0.344380	126.00
0.344400	126.00
0.344420	125.00
0.344440	125.00
0.344460	125.00
0.344480	125.00
0.344500	125.00
0.344520	124.00
0.344540	124.00
0.344560	124.00
0.344580	123.00
0.344600	123.00
0.344620	123.00
0.344640	124.00
0.344660	124.00
0.344680	124.00
0.344700	125.00
0.344720	125.00
0.344740	125.00
0.344760	126.00
0.344780	126.00
0.344800	127.00
0.344820	126.00
0.344840	126.00
0.344860	126.00
0.344880	125.00
0.344900	125.00
0.344920	124.00
0.344940	124.00
0.344960	124.00
0.344980	124.00
0.345000	124.00
0.345020	124.00
0.345040	124.00
0.345060	124.00
0.345080	124.00
0.345100	124.00
0.345120	125.00
0.345140	125.00
0.345160	125.00
0.345180	125.00
0.345200	125.00
0.345220	125.00
0.345240	125.00
0.345260	125.00
0.345280	126.00
0.345300	125.00
0.345320	125.00
0.345340	125.00
0.345360	124.00
0.345380	124.00
0.345400	124.00
0.345420	124.00
0.345440	124.00
0.345460	125.00
0.345480	125.00
0.345500	125.00
0.345520	125.00
0.345540	125.00
0.345560	125.00
0.345580	125.00
0.345600	125.00
0.345620	125.00
0.345640	125.00
0.345660	125.00
0.345680	125.00
0.345700	125.00
0.345720	125.00
0.345740	125.00
0.345760	125.00
0.345780	125.00
0.345800	125.00
0.345820	125.00
0.345840	124.00
0.345860	124.00
0.345880	124.00
0.345900	125.00
0.345920	125.00
0.345940	124.00
0.345960	124.00
0.345980	125.00
0.346000	125.00
0.346020	125.00
0.346040	125.00
0.346060	124.00
0.346080	124.00
0.346100	125.00
0.346120	125.00
0.346140	125.00
0.346160	125.00
0.346180	125.00
0.346200	125.00
0.346220	125.00
0.346240	125.00
0.346260	125.00
0.346280	125.00
0.346300	125.00
0.346320	125.00
0.346340	125.00
0.346360	125.00
0.346380	125.00
0.346400	125.00
0.346420	125.00
0.346440	125.00
0.346460	124.00
0.346480	124.00
0.346500	125.00
0.346520	125.00
0.346540	125.00
0.346560	124.00
0.346580	124.00
0.346600	124.00
0.346620	124.00
0.346640	124.00
0.346660	124.00
0.346680	124.00
0.346700	124.00
0.346720	125.00
0.346740	125.00
0.346760	125.00
0.346780	124.00
0.346800	124.00
0.346820	125.00
0.346840	125.00
0.346860	125.00
0.346880	125.00
0.346900	125.00
0.346920	125.00
0.346940	125.00
0.346960	125.00
0.346980	125.00
0.347000	125.00
0.347020	125.00
0.347040	125.00
0.347060	125.00
0.347080	125.00
0.347100	124.00
0.347120	124.00
0.347140	124.00
0.347160	124.00
0.347180	124.00
0.347200	124.00
0.347220	124.00
0.347240	124.00
0.347260	125.00
0.347280	125.00
0.347300	125.00
0.347320	125.00
0.347340	125.00
0.347360	125.00
0.347380	125.00
0.347400	125.00
0.347420	125.00
0.347440	125.00
0.347460	125.00
0.347480	125.00
0.347500	125.00
0.347520	125.00
0.347540	124.00
0.347560	124.00
0.347580	124.00
0.347600	125.00
0.347620	125.00
0.347640	125.00
0.347660	124.00
0.347680	124.00
0.347700	124.00
0.347720	124.00
0.347740	124.00
0.347760	125.00
0.347780	125.00
0.347800	125.00
0.347820	125.00
0.347840	125.00
0.347860	125.00
0.347880	125.00
0.347900	125.00
0.347920	125.00
0.347940	125.00
0.347960	124.00
0.347980	124.00
0.348000	124.00
0.348020	125.00
0.348040	125.00
0.348060	125.00
0.348080	124.00
0.348100	125.00
0.348120	125.00
0.348140	125.00
0.348160	125.00
0.348180	125.00
0.348200	124.00
0.348220	124.00
0.348240	124.00
0.348260	124.00
0.348280	125.00
0.348300	125.00
0.348320	125.00
0.348340	125.00
0.348360	125.00
0.348380	125.00
0.348400	125.00
0.348420	124.00
0.348440	124.00
0.348460	124.00
0.348480	124.00
0.348500	125.00
0.348520	125.00
0.348540	125.00
0.348560	125.00
0.348580	125.00
0.348600	125.00
0.348620	125.00
0.348640	125.00
0.348660	125.00
0.348680	125.00
0.348700	125.00
0.348720	125.00
0.348740	125.00
0.348760	125.00
0.348780	125.00
0.348800	124.00
0.348820	124.00
0.348840	124.00
0.348860	124.00
0.348880	124.00
0.348900	124.00
0.348920	124.00
0.348940	125.00
0.348960	125.00
0.348980	125.00
0.349000	125.00
0.349020	125.00
0.349040	124.00
0.349060	124.00
0.349080	124.00
0.349100	124.00
0.349120	124.00
0.349140	125.00
0.349160	125.00
0.349180	125.00
0.349200	125.00
0.349220	125.00
0.349240	125.00
0.349260	125.00
0.349280	125.00
0.349300	126.00
0.349320	126.00
0.349340	125.00
0.349360	125.00
0.349380	124.00
0.349400	124.00
0.349420	125.00
0.349440	125.00
0.349460	125.00
0.349480	125.00
0.349500	124.00
0.349520	124.00
0.349540	124.00
0.349560	124.00
0.349580	124.00
0.349600	124.00
0.349620	124.00
0.349640	124.00
0.349660	124.00
0.349680	124.00
0.349700	124.00
0.349720	124.00
0.349740	124.00
0.349760	124.00
0.349780	125.00
0.349800	125.00
0.349820	125.00
0.349840	125.00
0.349860	125.00
0.349880	125.00
0.349900	125.00
0.349920	125.00
0.349940	125.00
0.349960	125.00
0.349980	125.00
0.350000	125.00
0.350020	125.00
0.350040	125.00
0.350060	125.00
0.350080	125.00
0.350100	126.00
0.350120	126.00
0.350140	126.00
0.350160	126.00
0.350180	126.00
0.350200	126.00
0.350220	125.00
0.350240	125.00
0.350260	125.00
0.350280	125.00
0.350300	125.00
0.350320	125.00
0.350340	124.00
0.350360	124.00
0.350380	124.00
0.350400	124.00
0.350420	124.00
0.350440	124.00
0.350460	124.00
0.350480	124.00
0.350500	125.00
0.350520	125.00
0.350540	125.00
0.350560	124.00
0.350580	124.00
0.350600	124.00
0.350620	124.00
0.350640	124.00
0.350660	124.00
0.350680	124.00
0.350700	125.00
0.350720	125.00
0.350740	125.00
0.350760	125.00
0.350780	124.00
0.350800	124.00
0.350820	125.00
0.350840	125.00
0.350860	126.00
0.350880	125.00
0.350900	125.00
0.350920	125.00
0.350940	125.00
0.350960	125.00
0.350980	125.00
0.351000	125.00
0.351020	125.00
0.351040	125.00
0.351060	125.00
0.351080	125.00
0.351100	125.00
0.351120	124.00
0.351140	124.00
0.351160	124.00
0.351180	124.00
0.351200	124.00
0.351220	124.00
0.351240	124.00
0.351260	124.00
0.351280	125.00
0.351300	125.00
0.351320	125.00
0.351340	125.00
0.351360	125.00
0.351380	125.00
0.351400	125.00
0.351420	125.00
0.351440	125.00
0.351460	125.00
0.351480	125.00
0.351500	124.00
0.351520	124.00
0.351540	124.00
0.351560	124.00
0.351580	125.00
0.351600	125.00
0.351620	125.00
0.351640	124.00
0.351660	124.00
0.351680	124.00
0.351700	124.00
0.351720	125.00
0.351740	125.00
0.351760	125.00
0.351780	125.00
0.351800	125.00
0.351820	125.00
0.351840	125.00
0.351860	125.00
0.351880	124.00
0.351900	124.00
0.351920	124.00
0.351940	124.00
0.351960	125.00
0.351980	125.00
0.352000	124.00
0.352020	124.00
0.352040	124.00
0.352060	125.00
0.352080	125.00
0.352100	125.00
0.352120	125.00
0.352140	126.00
0.352160	126.00
0.352180	126.00
0.352200	125.00
0.352220	125.00
0.352240	125.00
0.352260	125.00
0.352280	125.00
0.352300	125.00
0.352320	124.00
0.352340	124.00
0.352360	124.00
0.352380	125.00
0.352400	125.00
0.352420	125.00
0.352440	125.00
0.352460	125.00
0.352480	125.00
0.352500	125.00
0.352520	125.00
0.352540	125.00
0.352560	125.00
0.352580	125.00
0.352600	125.00
0.352620	125.00
0.352640	125.00
0.352660	125.00
0.352680	125.00
0.352700	125.00
0.352720	125.00
0.352740	125.00
0.352760	125.00
0.352780	125.00
0.352800	125.00
0.352820	125.00
0.352840	125.00
0.352860	124.00
0.352880	124.00
0.352900	124.00
0.352920	124.00
0.352940	125.00
0.352960	125.00
0.352980	125.00
0.353000	125.00
0.353020	125.00
0.353040	126.00
0.353060	126.00
0.353080	126.00
0.353100	126.00
0.353120	126.00
0.353140	126.00
0.353160	126.00
0.353180	126.00
0.353200	125.00
0.353220	125.00
0.353240	125.00
0.353260	125.00
0.353280	124.00
0.353300	124.00
0.353320	124.00
0.353340	124.00
0.353360	124.00
0.353380	124.00
0.353400	124.00
0.353420	124.00
0.353440	125.00
0.353460	125.00
0.353480	125.00
0.353500	125.00
0.353520	125.00
0.353540	126.00
0.353560	126.00
0.353580	126.00
0.353600	126.00
0.353620	125.00
0.353640	125.00
0.353660	125.00
0.353680	125.00
0.353700	125.00
0.353720	125.00
0.353740	124.00
0.353760	124.00
0.353780	124.00
0.353800	124.00
0.353820	124.00
0.353840	124.00
0.353860	124.00
0.353880	125.00
0.353900	125.00
0.353920	125.00
0.353940	125.00
0.353960	125.00
0.353980	125.00
0.354000	125.00
0.354020	125.00
0.354040	125.00
0.354060	125.00
0.354080	125.00
0.354100	125.00
0.354120	124.00
0.354140	124.00
0.354160	124.00
0.354180	124.00
0.354200	124.00
0.354220	124.00
0.354240	125.00
0.354260	125.00
0.354280	125.00
0.354300	125.00
0.354320	125.00
0.354340	125.00
0.354360	125.00
0.354380	125.00
0.354400	125.00
0.354420	125.00
0.354440	125.00
0.354460	125.00
0.354480	125.00
0.354500	125.00
0.354520	125.00
0.354540	125.00
0.354560	125.00
0.354580	125.00
0.354600	125.00
0.354620	125.00
0.354640	125.00
0.354660	125.00
0.354680	125.00
0.354700	125.00
0.354720	125.00
0.354740	125.00
0.354760	125.00
0.354780	125.00
0.354800	125.00
0.354820	125.00
0.354840	125.00
0.354860	124.00
0.354880	124.00
0.354900	124.00
0.354920	124.00
0.354940	124.00
0.354960	125.00
0.354980	125.00
0.355000	125.00
0.355020	125.00
0.355040	125.00
0.355060	125.00
0.355080	124.00
0.355100	124.00
0.355120	124.00
0.355140	124.00
0.355160	124.00
0.355180	124.00
0.355200	124.00
0.355220	124.00
0.355240	124.00
0.355260	124.00
0.355280	124.00
0.355300	125.00
0.355320	126.00
0.355340	125.00
0.355360	125.00
0.355380	124.00
0.355400	124.00
0.355420	125.00
0.355440	125.00
0.355460	125.00
0.355480	125.00
0.355500	125.00
0.355520	125.00
0.355540	125.00
0.355560	125.00
0.355580	125.00
0.355600	125.00
0.355620	124.00
0.355640	124.00
0.355660	124.00
0.355680	124.00
0.355700	124.00
0.355720	124.00
0.355740	124.00
0.355760	124.00
0.355780	124.00
0.355800	125.00
0.355820	125.00
0.355840	125.00
0.355860	125.00
0.355880	125.00
0.355900	125.00
0.355920	125.00
0.355940	125.00
0.355960	125.00
0.355980	125.00
0.356000	124.00
0.356020	124.00
0.356040	125.00
0.356060	125.00
0.356080	125.00
0.356100	125.00
0.356120	125.00
0.356140	125.00
0.356160	125.00
0.356180	125.00
0.356200	126.00
0.356220	126.00
0.356240	126.00
0.356260	125.00
0.356280	125.00
0.356300	125.00
0.356320	124.00
0.356340	124.00
0.356360	124.00
0.356380	124.00
0.356400	124.00
0.356420	124.00
0.356440	124.00
0.356460	124.00
0.356480	124.00
0.356500	124.00
0.356520	124.00
0.356540	125.00
0.356560	125.00
0.356580	125.00
0.356600	125.00
0.356620	125.00
0.356640	125.00
0.356660	125.00
0.356680	125.00
0.356700	124.00
0.356720	124.00
0.356740	124.00
0.356760	124.00
0.356780	124.00
0.356800	124.00
0.356820	124.00
0.356840	124.00
0.356860	124.00
0.356880	125.00
0.356900	125.00
0.356920	125.00
0.356940	124.00
0.356960	125.00
0.356980	125.00
0.357000	125.00
0.357020	125.00
0.357040	125.00
0.357060	125.00
0.357080	125.00
0.357100	125.00
0.357120	125.00
0.357140	125.00
0.357160	124.00
0.357180	124.00
0.357200	124.00
0.357220	124.00
0.357240	124.00
0.357260	124.00
0.357280	124.00
0.357300	124.00
0.357320	124.00
0.357340	124.00
0.357360	125.00
0.357380	125.00
0.357400	125.00
0.357420	125.00
0.357440	125.00
0.357460	124.00
0.357480	124.00
0.357500	124.00
0.357520	125.00
0.357540	125.00
0.357560	125.00
0.357580	125.00
0.357600	124.00
0.357620	124.00
0.357640	124.00
0.357660	124.00
0.357680	125.00
0.357700	125.00
0.357720	125.00
0.357740	125.00
0.357760	124.00
0.357780	124.00
0.357800	125.00
0.357820	125.00
0.357840	125.00
0.357860	125.00
0.357880	125.00
0.357900	125.00
0.357920	125.00
0.357940	126.00
0.357960	126.00
0.357980	126.00
0.358000	126.00
0.358020	126.00
0.358040	126.00
0.358060	125.00
0.358080	124.00
0.358100	124.00
0.358120	124.00
0.358140	124.00
0.358160	124.00
0.358180	124.00
0.358200	124.00
0.358220	124.00
0.358240	125.00
0.358260	125.00
0.358280	125.00
0.358300	125.00
0.358320	125.00
0.358340	125.00
0.358360	125.00
0.358380	125.00
0.358400	125.00
0.358420	125.00
0.358440	124.00
0.358460	124.00
0.358480	124.00
0.358500	124.00
0.358520	124.00
0.358540	124.00
0.358560	124.00
0.358580	124.00
0.358600	124.00
0.358620	124.00
0.358640	125.00
0.358660	125.00
0.358680	125.00
0.358700	125.00
0.358720	125.00
0.358740	125.00
0.358760	125.00
0.358780	125.00
0.358800	125.00
0.358820	125.00
0.358840	124.00
0.358860	124.00
0.358880	124.00
0.358900	124.00
0.358920	124.00
0.358940	124.00
0.358960	124.00
0.358980	124.00
0.359000	124.00
0.359020	124.00
0.359040	124.00
0.359060	124.00
0.359080	124.00
0.359100	124.00
0.359120	125.00
0.359140	125.00
0.359160	126.00
0.359180	126.00
0.359200	125.00
0.359220	125.00
0.359240	125.00
0.359260	125.00
0.359280	125.00
0.359300	125.00
0.359320	125.00
0.359340	125.00
0.359360	125.00
0.359380	125.00
0.359400	125.00
0.359420	125.00
0.359440	125.00
0.359460	124.00
0.359480	124.00
0.359500	124.00
0.359520	125.00
0.359540	125.00
0.359560	125.00
0.359580	125.00
0.359600	125.00
0.359620	125.00
0.359640	125.00
0.359660	125.00
0.359680	125.00
0.359700	125.00
0.359720	125.00
0.359740	125.00
0.359760	125.00
0.359780	125.00
0.359800	125.00
0.359820	124.00
0.359840	124.00
0.359860	124.00
0.359880	124.00
0.359900	124.00
0.359920	124.00
0.359940	124.00
0.359960	125.00
0.359980	126.00
