0.320000	101.00
0.320020	49.00
0.320040	101.00
0.320060	140.00
0.320080	143.00
0.320100	124.00
0.320120	112.00
0.320140	118.00
0.320160	130.00
0.320180	133.00
0.320200	125.00
0.320220	118.00
0.320240	121.00
0.320260	128.00
0.320280	130.00
0.320300	124.00
0.320320	120.00
0.320340	122.00
0.320360	127.00
0.320380	128.00
0.320400	124.00
0.320420	121.00
0.320440	123.00
0.320460	127.00
0.320480	128.00
0.320500	124.00
0.320520	121.00
0.320540	123.00
0.320560	127.00
0.320580	128.00
0.320600	125.00
0.320620	123.00
0.320640	124.00
0.320660	127.00
0.320680	127.00
0.320700	124.00
0.320720	122.00
0.320740	123.00
0.320760	126.00
0.320780	126.00
0.320800	124.00
0.320820	122.00
0.320840	123.00
0.320860	126.00
0.320880	126.00
0.320900	124.00
0.320920	123.00
0.320940	124.00
0.320960	126.00
0.320980	127.00
0.321000	125.00
0.321020	124.00
0.321040	124.00
0.321060	126.00
0.321080	127.00
0.321100	125.00
0.321120	124.00
0.321140	124.00
0.321160	126.00
0.321180	126.00
0.321200	124.00
0.321220	123.00
0.321240	124.00
0.321260	126.00
0.321280	126.00
0.321300	124.00
0.321320	123.00
0.321340	124.00
0.321360	125.00
0.321380	125.00
0.321400	124.00
0.321420	124.00
0.321440	125.00
0.321460	126.00
0.321480	126.00
0.321500	125.00
0.321520	123.00
0.321540	124.00
0.321560	125.00
0.321580	125.00
0.321600	125.00
0.321620	124.00
0.321640	125.00
0.321660	126.00
0.321680	126.00
0.321700	125.00
0.321720	124.00
0.321740	124.00
0.321760	125.00
0.321780	126.00
0.321800	124.00
0.321820	123.00
0.321840	124.00
0.321860	125.00
0.321880	125.00
0.321900	124.00
0.321920	124.00
0.321940	124.00
0.321960	125.00
0.321980	125.00
0.322000	124.00
0.322020	123.00
0.322040	124.00
0.322060	125.00
0.322080	126.00
0.322100	125.00
0.322120	125.00
0.322140	125.00
0.322160	126.00
0.322180	126.00
0.322200	125.00
0.322220	125.00
0.322240	125.00
0.322260	126.00
0.322280	126.00
0.322300	125.00
0.322320	124.00
0.322340	124.00
0.322360	124.00
0.322380	124.00
0.322400	124.00
0.322420	124.00
0.322440	124.00
0.322460	125.00
0.322480	125.00
0.322500	125.00
0.322520	125.00
0.322540	125.00
0.322560	125.00
0.322580	125.00
0.322600	124.00
0.322620	124.00
0.322640	124.00
0.322660	125.00
0.322680	125.00
0.322700	124.00
0.322720	124.00
0.322740	124.00
0.322760	125.00
0.322780	125.00
0.322800	124.00
0.322820	124.00
0.322840	125.00
0.322860	125.00
0.322880	124.00
0.322900	124.00
0.322920	124.00
0.322940	125.00
0.322960	125.00
0.322980	125.00
0.323000	124.00
0.323020	124.00
0.323040	124.00
0.323060	124.00
0.323080	124.00
0.323100	124.00
0.323120	124.00
0.323140	125.00
0.323160	125.00
0.323180	124.00
0.323200	124.00
0.323220	124.00
0.323240	125.00
0.323260	126.00
0.323280	126.00
0.323300	125.00
0.323320	125.00
0.323340	125.00
0.323360	126.00
0.323380	125.00
0.323400	124.00
0.323420	124.00
0.323440	125.00
0.323460	125.00
0.323480	125.00
0.323500	125.00
0.323520	125.00
0.323540	125.00
0.323560	126.00
0.323580	125.00
0.323600	125.00
0.323620	125.00
0.323640	125.00
0.323660	125.00
0.323680	125.00
0.323700	124.00
0.323720	124.00
0.323740	124.00
0.323760	124.00
0.323780	124.00
0.323800	124.00
0.323820	124.00
0.323840	125.00
0.323860	125.00
0.323880	125.00
0.323900	124.00
0.323920	124.00
0.323940	124.00
0.323960	124.00
0.323980	124.00
0.324000	124.00
0.324020	125.00
0.324040	125.00
0.324060	126.00
0.324080	125.00
0.324100	125.00
0.324120	125.00
0.324140	125.00
0.324160	125.00
0.324180	125.00
0.324200	125.00
0.324220	125.00
0.324240	125.00
0.324260	125.00
0.324280	124.00
0.324300	124.00
0.324320	124.00
0.324340	124.00
0.324360	124.00
0.324380	124.00
0.324400	124.00
0.324420	125.00
0.324440	125.00
0.324460	126.00
0.324480	125.00
0.324500	125.00
0.324520	125.00
0.324540	125.00
0.324560	126.00
0.324580	125.00
0.324600	125.00
0.324620	124.00
0.324640	124.00
0.324660	124.00
0.324680	124.00
0.324700	124.00
0.324720	124.00
0.324740	124.00
0.324760	123.00
0.324780	122.00
0.324800	121.00
0.324820	121.00
0.324840	121.00
0.324860	121.00
0.324880	122.00
0.324900	124.00
0.324920	127.00
0.324940	131.00
0.324960	135.00
0.324980	139.00
0.325000	141.00
0.325020	142.00
0.325040	141.00
0.325060	137.00
0.325080	130.00
0.325100	123.00
0.325120	115.00
0.325140	107.00
0.325160	100.00
0.325180	94.00
0.325200	90.00
0.325220	89.00
0.325240	91.00
0.325260	96.00
0.325280	105.00
0.325300	118.00
0.325320	132.00
0.325340	146.00
0.325360	158.00
0.325380	166.00
0.325400	172.00
0.325420	176.00
0.325440	179.00
0.325460	176.00
0.325480	169.00
0.325500	156.00
0.325520	138.00
0.325540	117.00
0.325560	94.00
0.325580	71.00
0.325600	51.00
0.325620	38.00
0.325640	32.00
0.325660	33.00
0.325680	42.00
0.325700	60.00
0.325720	88.00
0.325740	123.00
0.325760	160.00
0.325780	194.00
0.325800	222.00
0.325820	239.00
0.325840	245.00
0.325860	241.00
0.325880	229.00
0.325900	208.00
0.325920	177.00
0.325940	134.00
0.325960	82.00
0.325980	35.00
0.326000	6.00
0.326020	0.00
0.326040	1.00
0.326060	3.00
0.326080	0.00
0.326100	2.00
0.326120	24.00
0.326140	70.00
0.326160	128.00
0.326180	183.00
0.326200	222.00
0.326220	244.00
0.326240	255.00
0.326260	255.00
0.326280	253.00
0.326300	242.00
0.326320	222.00
0.326340	193.00
0.326360	153.00
0.326380	103.00
0.326400	55.00
0.326420	20.00
0.326440	3.00
0.326460	0.00
0.326480	0.00
0.326500	0.00
0.326520	4.00
0.326540	21.00
0.326560	55.00
0.326580	99.00
0.326600	143.00
0.326620	179.00
0.326640	205.00
0.326660	222.00
0.326680	231.00
0.326700	231.00
0.326720	223.00
0.326740	208.00
0.326760	187.00
0.326780	162.00
0.326800	133.00
0.326820	104.00
0.326840	78.00
0.326860	58.00
0.326880	46.00
0.326900	40.00
0.326920	40.00
0.326940	48.00
0.326960	62.00
0.326980	81.00
0.327000	102.00
0.327020	123.00
0.327040	142.00
0.327060	159.00
0.327080	171.00
0.327100	179.00
0.327120	181.00
0.327140	178.00
0.327160	171.00
0.327180	162.00
0.327200	150.00
0.327220	136.00
0.327240	123.00
0.327260	111.00
0.327280	101.00
0.327300	94.00
0.327320	90.00
0.327340	89.00
0.327360	91.00
0.327380	96.00
0.327400	103.00
0.327420	111.00
0.327440	119.00
0.327460	128.00
0.327480	135.00
0.327500	141.00
0.327520	145.00
0.327540	146.00
0.327560	146.00
0.327580	145.00
0.327600	142.00
0.327620	137.00
0.327640	132.00
0.327660	127.00
0.327680	122.00
0.327700	118.00
0.327720	115.00
0.327740	112.00
0.327760	111.00
0.327780	111.00
0.327800	112.00
0.327820	114.00
0.327840	117.00
0.327860	120.00
0.327880	124.00
0.327900	127.00
0.327920	129.00
0.327940	131.00
0.327960	133.00
0.327980	134.00
0.328000	134.00
0.328020	133.00
0.328040	131.00
0.328060	130.00
0.328080	128.00
0.328100	126.00
0.328120	124.00
0.328140	122.00
0.328160	121.00
0.328180	120.00
0.328200	120.00
0.328220	119.00
0.328240	119.00
0.328260	120.00
0.328280	121.00
0.328300	123.00
0.328320	124.00
0.328340	125.00
0.328360	126.00
0.328380	127.00
0.328400	128.00
0.328420	128.00
0.328440	128.00
0.328460	127.00
0.328480	127.00
0.328500	126.00
0.328520	126.00
0.328540	125.00
0.328560	124.00
0.328580	124.00
0.328600	123.00
0.328620	123.00
0.328640	123.00
0.328660	123.00
0.328680	123.00
0.328700	124.00
0.328720	124.00
0.328740	124.00
0.328760	124.00
0.328780	124.00
0.328800	125.00
0.328820	125.00
0.328840	126.00
0.328860	126.00
0.328880	126.00
0.328900	126.00
0.328920	125.00
0.328940	125.00
0.328960	125.00
0.328980	124.00
0.329000	124.00
0.329020	124.00
0.329040	124.00
0.329060	124.00
0.329080	124.00
0.329100	124.00
0.329120	125.00
0.329140	125.00
0.329160	126.00
0.329180	126.00
0.329200	126.00
0.329220	126.00
0.329240	126.00
0.329260	126.00
0.329280	126.00
0.329300	125.00
0.329320	125.00
0.329340	124.00
0.329360	124.00
0.329380	123.00
0.329400	123.00
0.329420	123.00
0.329440	123.00
0.329460	123.00
0.329480	124.00
0.329500	124.00
0.329520	124.00
0.329540	125.00
0.329560	125.00
0.329580	125.00
0.329600	126.00
0.329620	126.00
0.329640	127.00
0.329660	127.00
0.329680	127.00
0.329700	127.00
0.329720	126.00
0.329740	125.00
0.329760	125.00
0.329780	124.00
0.329800	124.00
0.329820	124.00
0.329840	124.00
0.329860	123.00
0.329880	123.00
0.329900	123.00
0.329920	123.00
0.329940	123.00
0.329960	124.00
0.329980	124.00
0.330000	125.00
0.330020	125.00
0.330040	125.00
0.330060	126.00
0.330080	126.00
0.330100	126.00
0.330120	126.00
0.330140	125.00
0.330160	125.00
0.330180	125.00
0.330200	125.00
0.330220	125.00
0.330240	125.00
0.330260	124.00
0.330280	124.00
0.330300	124.00
0.330320	124.00
0.330340	124.00
0.330360	124.00
0.330380	124.00
0.330400	124.00
0.330420	125.00
0.330440	125.00
0.330460	125.00
0.330480	125.00
0.330500	125.00
0.330520	125.00
0.330540	125.00
0.330560	125.00
0.330580	125.00
0.330600	125.00
0.330620	125.00
0.330640	125.00
0.330660	124.00
0.330680	124.00
0.330700	124.00
0.330720	124.00
0.330740	124.00
0.330760	124.00
0.330780	125.00
0.330800	125.00
0.330820	126.00
0.330840	125.00
0.330860	125.00
0.330880	125.00
0.330900	126.00
0.330920	126.00
0.330940	126.00
0.330960	125.00
0.330980	125.00
0.331000	125.00
0.331020	125.00
0.331040	125.00
0.331060	124.00
0.331080	124.00
0.331100	124.00
0.331120	125.00
0.331140	124.00
0.331160	124.00
0.331180	123.00
0.331200	122.00
0.331220	122.00
0.331240	122.00
0.331260	122.00
0.331280	123.00
0.331300	124.00
0.331320	126.00
0.331340	127.00
0.331360	128.00
0.331380	129.00
0.331400	129.00
0.331420	130.00
0.331440	130.00
0.331460	129.00
0.331480	128.00
0.331500	126.00
0.331520	124.00
0.331540	122.00
0.331560	120.00
0.331580	119.00
0.331600	118.00
0.331620	118.00
0.331640	118.00
0.331660	118.00
0.331680	119.00
0.331700	121.00
0.331720	123.00
0.331740	125.00
0.331760	127.00
0.331780	130.00
0.331800	133.00
0.331820	136.00
0.331840	138.00
0.331860	138.00
0.331880	137.00
0.331900	135.00
0.331920	132.00
0.331940	128.00
0.331960	122.00
0.331980	116.00
0.332000	110.00
0.332020	107.00
0.332040	104.00
0.332060	103.00
0.332080	104.00
0.332100	108.00
0.332120	114.00
0.332140	121.00
0.332160	128.00
0.332180	135.00
0.332200	142.00
0.332220	148.00
0.332240	152.00
0.332260	153.00
0.332280	151.00
0.332300	147.00
0.332320	141.00
0.332340	133.00
0.332360	124.00
0.332380	115.00
0.332400	107.00
0.332420	102.00
0.332440	98.00
0.332460	96.00
0.332480	96.00
0.332500	100.00
0.332520	106.00
0.332540	114.00
0.332560	121.00
0.332580	129.00
0.332600	137.00
0.332620	144.00
0.332640	148.00
0.332660	150.00
0.332680	151.00
0.332700	149.00
0.332720	145.00
0.332740	139.00
0.332760	131.00
0.332780	124.00
0.332800	117.00
0.332820	112.00
0.332840	108.00
0.332860	105.00
0.332880	104.00
0.332900	105.00
0.332920	108.00
0.332940	112.00
0.332960	116.00
0.332980	121.00
0.333000	127.00
0.333020	133.00
0.333040	137.00
0.333060	139.00
0.333080	139.00
0.333100	139.00
0.333120	138.00
0.333140	136.00
0.333160	133.00
0.333180	129.00
0.333200	126.00
0.333220	123.00
0.333240	120.00
0.333260	117.00
0.333280	115.00
0.333300	115.00
0.333320	116.00
0.333340	117.00
0.333360	118.00
0.333380	120.00
0.333400	122.00
0.333420	125.00
0.333440	127.00
0.333460	129.00
0.333480	129.00
0.333500	130.00
0.333520	131.00
0.333540	131.00
0.333560	130.00
0.333580	129.00
0.333600	127.00
0.333620	126.00
0.333640	125.00
0.333660	123.00
0.333680	122.00
0.333700	122.00
0.333720	122.00
0.333740	122.00
0.333760	121.00
0.333780	121.00
0.333800	122.00
0.333820	124.00
0.333840	125.00
0.333860	125.00
0.333880	125.00
0.333900	126.00
0.333920	127.00
0.333940	127.00
0.333960	127.00
0.333980	127.00
0.334000	127.00
0.334020	127.00
0.334040	126.00
0.334060	125.00
0.334080	124.00
0.334100	124.00
0.334120	125.00
0.334140	125.00
0.334160	124.00
0.334180	123.00
0.334200	124.00
0.334220	124.00
0.334240	124.00
0.334260	124.00
0.334280	124.00
0.334300	124.00
0.334320	125.00
0.334340	126.00
0.334360	125.00
0.334380	125.00
0.334400	125.00
0.334420	126.00
0.334440	126.00
0.334460	125.00
0.334480	125.00
0.334500	125.00
0.334520	125.00
0.334540	125.00
0.334560	124.00
0.334580	124.00
0.334600	124.00
0.334620	124.00
0.334640	124.00
0.334660	123.00
0.334680	123.00
0.334700	124.00
0.334720	125.00
0.334740	125.00
0.334760	124.00
0.334780	124.00
0.334800	124.00
0.334820	125.00
0.334840	126.00
0.334860	126.00
0.334880	126.00
0.334900	126.00
0.334920	126.00
0.334940	126.00
0.334960	125.00
0.334980	125.00
0.335000	125.00
0.335020	126.00
0.335040	125.00
0.335060	125.00
0.335080	124.00
0.335100	124.00
0.335120	125.00
0.335140	125.00
0.335160	124.00
0.335180	123.00
0.335200	124.00
0.335220	124.00
0.335240	125.00
0.335260	125.00
0.335280	125.00
0.335300	125.00
0.335320	126.00
0.335340	127.00
0.335360	126.00
0.335380	126.00
0.335400	126.00
0.335420	126.00
0.335440	126.00
0.335460	125.00
0.335480	124.00
0.335500	124.00
0.335520	125.00
0.335540	125.00
0.335560	124.00
0.335580	124.00
0.335600	124.00
0.335620	125.00
0.335640	125.00
0.335660	124.00
0.335680	124.00
0.335700	125.00
0.335720	126.00
0.335740	126.00
0.335760	125.00
0.335780	125.00
0.335800	126.00
0.335820	127.00
0.335840	126.00
0.335860	125.00
0.335880	125.00
0.335900	125.00
0.335920	125.00
0.335940	125.00
0.335960	124.00
0.335980	123.00
0.336000	123.00
0.336020	124.00
0.336040	124.00
0.336060	123.00
0.336080	123.00
0.336100	124.00
0.336120	125.00
0.336140	125.00
0.336160	125.00
0.336180	124.00
0.336200	125.00
0.336220	127.00
0.336240	127.00
0.336260	126.00
0.336280	125.00
0.336300	125.00
0.336320	126.00
0.336340	126.00
0.336360	125.00
0.336380	124.00
0.336400	124.00
0.336420	125.00
0.336440	125.00
0.336460	124.00
0.336480	124.00
0.336500	124.00
0.336520	125.00
0.336540	126.00
0.336560	125.00
0.336580	125.00
0.336600	125.00
0.336620	126.00
0.336640	125.00
0.336660	124.00
0.336680	123.00
0.336700	124.00
0.336720	125.00
0.336740	125.00
0.336760	124.00
0.336780	123.00
0.336800	124.00
0.336820	125.00
0.336840	126.00
0.336860	125.00
0.336880	125.00
0.336900	125.00
0.336920	125.00
0.336940	125.00
0.336960	125.00
0.336980	124.00
0.337000	125.00
0.337020	125.00
0.337040	126.00
0.337060	125.00
0.337080	125.00
0.337100	125.00
0.337120	125.00
0.337140	125.00
0.337160	124.00
0.337180	123.00
0.337200	124.00
0.337220	125.00
0.337240	125.00
0.337260	125.00
0.337280	125.00
0.337300	125.00
0.337320	126.00
0.337340	127.00
0.337360	125.00
0.337380	124.00
0.337400	124.00
0.337420	125.00
0.337440	125.00
0.337460	124.00
0.337480	124.00
0.337500	124.00
0.337520	124.00
0.337540	124.00
0.337560	124.00
0.337580	124.00
0.337600	125.00
0.337620	127.00
0.337640	127.00
0.337660	126.00
0.337680	125.00
0.337700	126.00
0.337720	126.00
0.337740	125.00
0.337760	124.00
0.337780	123.00
0.337800	124.00
0.337820	125.00
0.337840	124.00
0.337860	123.00
0.337880	123.00
0.337900	123.00
0.337920	124.00
0.337940	124.00
0.337960	123.00
0.337980	124.00
0.338000	126.00
0.338020	128.00
0.338040	129.00
0.338060	128.00
0.338080	128.00
0.338100	129.00
0.338120	129.00
0.338140	129.00
0.338160	126.00
0.338180	123.00
0.338200	122.00
0.338220	121.00
0.338240	120.00
0.338260	118.00
0.338280	117.00
0.338300	118.00
0.338320	121.00
0.338340	123.00
0.338360	124.00
0.338380	126.00
0.338400	128.00
0.338420	131.00
0.338440	132.00
0.338460	132.00
0.338480	131.00
0.338500	131.00
0.338520	130.00
0.338540	129.00
0.338560	125.00
0.338580	122.00
0.338600	121.00
0.338620	120.00
0.338640	119.00
0.338660	118.00
0.338680	117.00
0.338700	118.00
0.338720	120.00
0.338740	122.00
0.338760	123.00
0.338780	125.00
0.338800	128.00
0.338820	131.00
0.338840	132.00
0.338860	131.00
0.338880	130.00
0.338900	130.00
0.338920	130.00
0.338940	129.00
0.338960	126.00
0.338980	123.00
0.339000	122.00
0.339020	122.00
0.339040	121.00
0.339060	120.00
0.339080	119.00
0.339100	120.00
0.339120	122.00
0.339140	123.00
0.339160	124.00
0.339180	124.00
0.339200	126.00
0.339220	128.00
0.339240	128.00
0.339260	128.00
0.339280	127.00
0.339300	128.00
0.339320	128.00
0.339340	127.00
0.339360	126.00
0.339380	124.00
0.339400	124.00
0.339420	124.00
0.339440	123.00
0.339460	122.00
0.339480	121.00
0.339500	122.00
0.339520	124.00
0.339540	124.00
0.339560	123.00
0.339580	123.00
0.339600	125.00
0.339620	127.00
0.339640	127.00
0.339660	126.00
0.339680	125.00
0.339700	126.00
0.339720	127.00
0.339740	127.00
0.339760	125.00
0.339780	124.00
0.339800	124.00
0.339820	125.00
0.339840	125.00
0.339860	124.00
0.339880	123.00
0.339900	123.00
0.339920	124.00
0.339940	125.00
0.339960	124.00
0.339980	123.00
0.340000	124.00
0.340020	125.00
0.340040	125.00
0.340060	124.00
0.340080	124.00
0.340100	125.00
0.340120	126.00
0.340140	126.00
0.340160	125.00
0.340180	124.00
0.340200	124.00
0.340220	125.00
0.340240	125.00
0.340260	124.00
0.340280	123.00
0.340300	124.00
0.340320	125.00
0.340340	125.00
0.340360	124.00
0.340380	123.00
0.340400	124.00
0.340420	125.00
0.340440	126.00
0.340460	125.00
0.340480	124.00
0.340500	125.00
0.340520	126.00
0.340540	126.00
0.340560	125.00
0.340580	124.00
0.340600	125.00
0.340620	126.00
0.340640	126.00
0.340660	125.00
0.340680	124.00
0.340700	125.00
0.340720	126.00
0.340740	126.00
0.340760	125.00
0.340780	124.00
0.340800	124.00
0.340820	125.00
0.340840	125.00
0.340860	124.00
0.340880	123.00
0.340900	124.00
0.340920	125.00
0.340940	125.00
0.340960	124.00
0.340980	124.00
0.341000	125.00
0.341020	126.00
0.341040	126.00
0.341060	125.00
0.341080	124.00
0.341100	125.00
0.341120	126.00
0.341140	126.00
0.341160	125.00
0.341180	125.00
0.341200	126.00
0.341220	127.00
0.341240	127.00
0.341260	125.00
0.341280	123.00
0.341300	124.00
0.341320	125.00
0.341340	126.00
0.341360	125.00
0.341380	124.00
0.341400	124.00
0.341420	126.00
0.341440	126.00
0.341460	125.00
0.341480	125.00
0.341500	125.00
0.341520	126.00
0.341540	126.00
0.341560	125.00
0.341580	124.00
0.341600	125.00
0.341620	126.00
0.341640	126.00
0.341660	125.00
0.341680	124.00
0.341700	124.00
0.341720	125.00
0.341740	125.00
0.341760	123.00
0.341780	122.00
0.341800	124.00
0.341820	125.00
0.341840	126.00
0.341860	124.00
0.341880	123.00
0.341900	124.00
0.341920	126.00
0.341940	127.00
0.341960	126.00
0.341980	125.00
0.342000	126.00
0.342020	127.00
0.342040	127.00
0.342060	125.00
0.342080	124.00
0.342100	124.00
0.342120	125.00
0.342140	125.00
0.342160	124.00
0.342180	123.00
0.342200	123.00
0.342220	125.00
0.342240	126.00
0.342260	125.00
0.342280	124.00
0.342300	124.00
0.342320	125.00
0.342340	125.00
0.342360	124.00
0.342380	124.00
0.342400	125.00
0.342420	126.00
0.342440	126.00
0.342460	125.00
0.342480	124.00
0.342500	125.00
0.342520	126.00
0.342540	126.00
0.342560	125.00
0.342580	123.00
0.342600	124.00
0.342620	126.00
0.342640	126.00
0.342660	125.00
0.342680	123.00
0.342700	124.00
0.342720	125.00
0.342740	125.00
0.342760	124.00
0.342780	123.00
0.342800	124.00
0.342820	126.00
0.342840	126.00
0.342860	125.00
0.342880	123.00
0.342900	123.00
0.342920	125.00
0.342940	126.00
0.342960	125.00
0.342980	124.00
0.343000	124.00
0.343020	126.00
0.343040	127.00
0.343060	126.00
0.343080	125.00
0.343100	125.00
0.343120	127.00
0.343140	126.00
0.343160	125.00
0.343180	123.00
0.343200	124.00
0.343220	125.00
0.343240	125.00
0.343260	124.00
0.343280	123.00
0.343300	124.00
0.343320	125.00
0.343340	125.00
0.343360	124.00
0.343380	123.00
0.343400	124.00
0.343420	126.00
0.343440	127.00
0.343460	125.00
0.343480	124.00
0.343500	124.00
0.343520	126.00
0.343540	127.00
0.343560	125.00
0.343580	123.00
0.343600	124.00
0.343620	125.00
0.343640	125.00
0.343660	124.00
0.343680	123.00
0.343700	124.00
0.343720	125.00
0.343740	125.00
0.343760	124.00
0.343780	123.00
0.343800	125.00
0.343820	127.00
0.343840	128.00
0.343860	126.00
0.343880	125.00
0.343900	125.00
0.343920	127.00
0.343940	127.00
0.343960	125.00
0.343980	123.00
0.344000	123.00
0.344020	125.00
0.344040	125.00
0.344060	123.00
0.344080	122.00
0.344100	123.00
0.344120	125.00
0.344140	126.00
0.344160	124.00
0.344180	123.00
0.344200	124.00
0.344220	127.00
0.344240	127.00
0.344260	126.00
0.344280	125.00
0.344300	126.00
0.344320	128.00
0.344340	129.00
0.344360	126.00
0.344380	124.00
0.344400	124.00
0.344420	125.00
0.344440	125.00
0.344460	123.00
0.344480	121.00
0.344500	121.00
0.344520	123.00
0.344540	124.00
0.344560	123.00
0.344580	123.00
0.344600	124.00
0.344620	127.00
0.344640	128.00
0.344660	127.00
0.344680	126.00
0.344700	126.00
0.344720	128.00
0.344740	128.00
0.344760	126.00
0.344780	124.00
0.344800	124.00
0.344820	126.00
0.344840	126.00
0.344860	123.00
0.344880	121.00
0.344900	121.00
0.344920	123.00
0.344940	124.00
0.344960	123.00
0.344980	122.00
0.345000	123.00
0.345020	126.00
0.345040	128.00
0.345060	126.00
0.345080	124.00
0.345100	125.00
0.345120	127.00
0.345140	128.00
0.345160	126.00
0.345180	124.00
0.345200	124.00
0.345220	126.00
0.345240	126.00
0.345260	125.00
0.345280	123.00
0.345300	124.00
0.345320	126.00
0.345340	126.00
0.345360	124.00
0.345380	122.00
0.345400	123.00
0.345420	125.00
0.345440	126.00
0.345460	124.00
0.345480	122.00
0.345500	123.00
0.345520	126.00
0.345540	127.00
0.345560	125.00
0.345580	123.00
0.345600	124.00
0.345620	126.00
0.345640	127.00
0.345660	125.00
0.345680	123.00
0.345700	124.00
0.345720	126.00
0.345740	127.00
0.345760	125.00
0.345780	123.00
0.345800	124.00
0.345820	127.00
0.345840	127.00
0.345860	125.00
0.345880	122.00
0.345900	123.00
0.345920	126.00
0.345940	127.00
0.345960	125.00
0.345980	123.00
0.346000	123.00
0.346020	125.00
0.346040	126.00
0.346060	124.00
0.346080	122.00
0.346100	123.00
0.346120	125.00
0.346140	126.00
0.346160	124.00
0.346180	123.00
0.346200	124.00
0.346220	127.00
0.346240	128.00
0.346260	126.00
0.346280	123.00
0.346300	123.00
0.346320	126.00
0.346340	126.00
0.346360	124.00
0.346380	123.00
0.346400	124.00
0.346420	126.00
0.346440	127.00
0.346460	124.00
0.346480	122.00
0.346500	123.00
0.346520	126.00
0.346540	127.00
0.346560	125.00
0.346580	123.00
0.346600	125.00
0.346620	127.00
0.346640	128.00
0.346660	125.00
0.346680	123.00
0.346700	124.00
0.346720	127.00
0.346740	128.00
0.346760	125.00
0.346780	123.00
0.346800	123.00
0.346820	126.00
0.346840	127.00
0.346860	124.00
0.346880	122.00
0.346900	123.00
0.346920	126.00
0.346940	128.00
0.346960	125.00
0.346980	123.00
0.347000	124.00
0.347020	127.00
0.347040	127.00
0.347060	125.00
0.347080	122.00
0.347100	123.00
0.347120	126.00
0.347140	127.00
0.347160	124.00
0.347180	122.00
0.347200	123.00
0.347220	126.00
0.347240	127.00
0.347260	125.00
0.347280	122.00
0.347300	123.00
0.347320	127.00
0.347340	128.00
0.347360	125.00
0.347380	122.00
0.347400	123.00
0.347420	126.00
0.347440	128.00
0.347460	125.00
0.347480	122.00
0.347500	123.00
0.347520	126.00
0.347540	127.00
0.347560	125.00
0.347580	122.00
0.347600	123.00
0.347620	126.00
0.347640	128.00
0.347660	126.00
0.347680	123.00
0.347700	123.00
0.347720	126.00
0.347740	127.00
0.347760	125.00
0.347780	122.00
0.347800	122.00
0.347820	126.00
0.347840	127.00
0.347860	125.00
0.347880	122.00
0.347900	123.00
0.347920	127.00
0.347940	128.00
0.347960	125.00
0.347980	122.00
0.348000	123.00
0.348020	126.00
0.348040	128.00
0.348060	124.00
0.348080	121.00
0.348100	122.00
0.348120	126.00
0.348140	128.00
0.348160	125.00
0.348180	122.00
0.348200	123.00
0.348220	127.00
0.348240	129.00
0.348260	126.00
0.348280	122.00
0.348300	122.00
0.348320	126.00
0.348340	128.00
0.348360	125.00
0.348380	121.00
0.348400	122.00
0.348420	126.00
0.348440	128.00
0.348460	125.00
0.348480	122.00
0.348500	123.00
0.348520	127.00
0.348540	129.00
0.348560	125.00
0.348580	121.00
0.348600	122.00
0.348620	126.00
0.348640	129.00
0.348660	126.00
0.348680	122.00
0.348700	122.00
0.348720	127.00
0.348740	129.00
0.348760	126.00
0.348780	122.00
0.348800	123.00
0.348820	127.00
0.348840	130.00
0.348860	126.00
0.348880	121.00
0.348900	122.00
0.348920	127.00
0.348940	129.00
0.348960	125.00
0.348980	120.00
0.349000	122.00
0.349020	127.00
0.349040	130.00
0.349060	126.00
0.349080	120.00
0.349100	121.00
0.349120	126.00
0.349140	129.00
0.349160	126.00
0.349180	121.00
0.349200	121.00
0.349220	128.00
0.349240	131.00
0.349260	127.00
0.349280	121.00
0.349300	121.00
0.349320	127.00
0.349340	130.00
0.349360	126.00
0.349380	119.00
0.349400	119.00
0.349420	126.00
0.349440	130.00
0.349460	126.00
0.349480	119.00
0.349500	120.00
0.349520	127.00
0.349540	132.00
0.349560	128.00
0.349580	120.00
0.349600	119.00
0.349620	127.00
0.349640	133.00
0.349660	128.00
0.349680	119.00
0.349700	117.00
0.349720	126.00
0.349740	133.00
0.349760	129.00
0.349780	118.00
0.349800	115.00
0.349820	126.00
0.349840	136.00
0.349860	133.00
0.349880	117.00
0.349900	109.00
0.349920	120.00
0.349940	140.00
0.349960	147.00
0.349980	137.00
0.350000	124.00
0.350020	127.00
0.350040	140.00
0.350060	146.00
0.350080	135.00
0.350100	127.00
0.350120	146.00
0.350140	190.00
0.350160	222.00
0.350180	204.00
0.350200	136.00
0.350220	69.00
0.350240	60.00
0.350260	118.00
0.350280	190.00
0.350300	208.00
0.350320	149.00
0.350340	64.00
0.350360	33.00
0.350380	89.00
0.350400	187.00
0.350420	244.00
0.350440	213.00
0.350460	131.00
0.350480	77.00
0.350500	96.00
0.350520	157.00
0.350540	196.00
0.350560	185.00
0.350580	157.00
0.350600	156.00
0.350620	181.00
0.350640	184.00
0.350660	135.00
0.350680	61.00
0.350700	27.00
0.350720	58.00
0.350740	109.00
0.350760	111.00
0.350780	53.00
0.350800	0.00
0.350820	1.00
0.350840	75.00
0.350860	156.00
0.350880	186.00
0.350900	169.00
0.350920	152.00
0.350940	167.00
0.350960	195.00
0.350980	195.00
0.351000	157.00
0.351020	116.00
0.351040	113.00
0.351060	146.00
0.351080	180.00
0.351100	181.00
0.351120	153.00
0.351140	126.00
0.351160	122.00
0.351180	140.00
0.351200	161.00
0.351220	169.00
0.351240	157.00
0.351260	129.00
0.351280	97.00
0.351300	78.00
0.351320	85.00
0.351340	115.00
0.351360	141.00
0.351380	144.00
0.351400	126.00
0.351420	115.00
0.351440	129.00
0.351460	158.00
0.351480	170.00
0.351500	152.00
0.351520	130.00
0.351540	139.00
0.351560	174.00
0.351580	191.00
0.351600	150.00
0.351620	70.00
0.351640	18.00
0.351660	45.00
0.351680	127.00
0.351700	179.00
0.351720	146.00
0.351740	56.00
0.351760	0.00
0.351780	31.00
0.351800	127.00
0.351820	202.00
0.351840	198.00
0.351860	137.00
0.351880	84.00
0.351900	83.00
0.351920	115.00
0.351940	134.00
0.351960	113.00
0.351980	70.00
0.352000	39.00
0.352020	42.00
0.352040	72.00
0.352060	112.00
0.352080	144.00
0.352100	157.00
0.352120	144.00
0.352140	111.00
0.352160	74.00
0.352180	49.00
0.352200	38.00
0.352220	37.00
0.352240	42.00
0.352260	59.00
0.352280	88.00
0.352300	113.00
0.352320	111.00
0.352340	85.00
0.352360	68.00
0.352380	87.00
0.352400	127.00
0.352420	139.00
0.352440	99.00
0.352460	40.00
0.352480	29.00
0.352500	87.00
0.352520	167.00
0.352540	197.00
0.352560	161.00
0.352580	112.00
0.352600	112.00
0.352620	159.00
0.352640	194.00
0.352660	172.00
0.352680	113.00
0.352700	70.00
0.352720	71.00
0.352740	97.00
0.352760	114.00
0.352780	118.00
0.352800	126.00
0.352820	139.00
0.352840	138.00
0.352860	117.00
0.352880	106.00
0.352900	141.00
0.352920	211.00
0.352940	255.00
0.352960	224.00
0.352980	139.00
0.353000	74.00
0.353020	77.00
0.353040	122.00
0.353060	145.00
0.353080	121.00
0.353100	85.00
0.353120	88.00
0.353140	127.00
0.353160	157.00
0.353180	145.00
0.353200	113.00
0.353220	105.00
0.353240	140.00
0.353260	187.00
0.353280	208.00
0.353300	196.00
0.353320	175.00
0.353340	167.00
0.353360	170.00
0.353380	170.00
0.353400	165.00
0.353420	160.00
0.353440	157.00
0.353460	154.00
0.353480	151.00
0.353500	155.00
0.353520	167.00
0.353540	173.00
0.353560	157.00
0.353580	125.00
0.353600	105.00
0.353620	114.00
0.353640	134.00
0.353660	135.00
0.353680	110.00
0.353700	94.00
0.353720	121.00
0.353740	180.00
0.353760	221.00
0.353780	207.00
0.353800	154.00
0.353820	110.00
0.353840	105.00
0.353860	122.00
0.353880	126.00
0.353900	109.00
0.353920	93.00
0.353940	100.00
0.353960	125.00
0.353980	148.00
0.354000	160.00
0.354020	167.00
0.354040	175.00
0.354060	172.00
0.354080	150.00
0.354100	120.00
0.354120	104.00
0.354140	115.00
0.354160	138.00
0.354180	152.00
0.354200	153.00
0.354220	149.00
0.354240	142.00
0.354260	119.00
0.354280	78.00
0.354300	43.00
0.354320	55.00
0.354340	122.00
0.354360	199.00
0.354380	223.00
0.354400	178.00
0.354420	112.00
0.354440	90.00
0.354460	130.00
0.354480	187.00
0.354500	203.00
0.354520	158.00
0.354540	88.00
0.354560	44.00
0.354580	51.00
0.354600	91.00
0.354620	130.00
0.354640	146.00
0.354660	138.00
0.354680	123.00
0.354700	118.00
0.354720	130.00
0.354740	150.00
0.354760	165.00
0.354780	166.00
0.354800	158.00
0.354820	154.00
0.354840	156.00
0.354860	161.00
0.354880	162.00
0.354900	160.00
0.354920	156.00
0.354940	147.00
0.354960	122.00
0.354980	87.00
0.355000	63.00
0.355020	72.00
0.355040	108.00
0.355060	138.00
0.355080	131.00
0.355100	94.00
0.355120	67.00
0.355140	85.00
0.355160	137.00
0.355180	180.00
0.355200	181.00
0.355220	150.00
0.355240	119.00
0.355260	110.00
0.355280	112.00
0.355300	103.00
0.355320	84.00
0.355340	77.00
0.355360	97.00
0.355380	132.00
0.355400	152.00
0.355420	143.00
0.355440	124.00
0.355460	127.00
0.355480	166.00
0.355500	216.00
0.355520	239.00
0.355540	213.00
0.355560	152.00
0.355580	92.00
0.355600	65.00
0.355620	78.00
0.355640	120.00
0.355660	167.00
0.355680	200.00
0.355700	208.00
0.355720	186.00
0.355740	143.00
0.355760	102.00
0.355780	86.00
0.355800	97.00
0.355820	110.00
0.355840	96.00
0.355860	52.00
0.355880	15.00
0.355900	31.00
0.355920	104.00
0.355940	183.00
0.355960	207.00
0.355980	160.00
0.356000	92.00
0.356020	72.00
0.356040	119.00
0.356060	189.00
0.356080	221.00
0.356100	190.00
0.356120	124.00
0.356140	70.00
0.356160	54.00
0.356180	73.00
0.356200	111.00
0.356220	147.00
0.356240	158.00
0.356260	127.00
0.356280	65.00
0.356300	17.00
0.356320	26.00
0.356340	91.00
0.356360	157.00
0.356380	160.00
0.356400	94.00
0.356420	15.00
0.356440	0.00
0.356460	23.00
0.356480	78.00
0.356500	107.00
0.356520	111.00
0.356540	120.00
0.356560	151.00
0.356580	186.00
0.356600	197.00
0.356620	178.00
0.356640	146.00
0.356660	122.00
0.356680	106.00
0.356700	98.00
0.356720	108.00
0.356740	147.00
0.356760	199.00
0.356780	224.00
0.356800	198.00
0.356820	145.00
0.356840	121.00
0.356860	157.00
0.356880	219.00
0.356900	242.00
0.356920	195.00
0.356940	113.00
0.356960	66.00
0.356980	83.00
0.357000	138.00
0.357020	177.00
0.357040	175.00
0.357060	148.00
0.357080	123.00
0.357100	109.00
0.357120	102.00
0.357140	104.00
0.357160	126.00
0.357180	166.00
0.357200	204.00
0.357220	207.00
0.357240	169.00
0.357260	115.00
0.357280	76.00
0.357300	65.00
0.357320	68.00
0.357340	66.00
0.357360	57.00
0.357380	54.00
0.357400	65.00
0.357420	83.00
0.357440	98.00
0.357460	106.00
0.357480	115.00
0.357500	131.00
0.357520	146.00
0.357540	145.00
0.357560	118.00
0.357580	79.00
0.357600	47.00
0.357620	37.00
0.357640	50.00
0.357660	78.00
0.357680	112.00
0.357700	145.00
0.357720	170.00
0.357740	179.00
0.357760	168.00
0.357780	146.00
0.357800	129.00
0.357820	127.00
0.357840	138.00
0.357860	146.00
0.357880	142.00
0.357900	130.00
0.357920	121.00
0.357940	125.00
0.357960	136.00
0.357980	142.00
0.358000	136.00
0.358020	123.00
0.358040	113.00
0.358060	116.00
0.358080	133.00
0.358100	163.00
0.358120	196.00
0.358140	218.00
0.358160	213.00
0.358180	179.00
0.358200	131.00
0.358220	96.00
0.358240	89.00
0.358260	103.00
0.358280	114.00
0.358300	110.00
0.358320	100.00
0.358340	102.00
0.358360	121.00
0.358380	139.00
0.358400	141.00
0.358420	127.00
0.358440	121.00
0.358460	138.00
0.358480	167.00
0.358500	186.00
0.358520	181.00
0.358540	163.00
0.358560	146.00
0.358580	131.00
0.358600	103.00
0.358620	59.00
0.358640	22.00
0.358660	23.00
0.358680	70.00
0.358700	133.00
0.358720	168.00
0.358740	157.00
0.358760	121.00
0.358780	91.00
0.358800	85.00
0.358820	94.00
0.358840	101.00
0.358860	97.00
0.358880	91.00
0.358900	91.00
0.358920	103.00
0.358940	126.00
0.358960	157.00
0.358980	186.00
0.359000	200.00
0.359020	191.00
0.359040	164.00
0.359060	134.00
0.359080	113.00
0.359100	102.00
0.359120	91.00
0.359140	78.00
0.359160	72.00
0.359180	79.00
0.359200	97.00
0.359220	110.00
0.359240	113.00
0.359260	112.00
0.359280	120.00
0.359300	133.00
0.359320	139.00
0.359340	130.00
0.359360	116.00
0.359380	112.00
0.359400	120.00
0.359420	129.00
0.359440	126.00
0.359460	115.00
0.359480	107.00
0.359500	106.00
0.359520	105.00
0.359540	101.00
0.359560	105.00
0.359580	130.00
0.359600	170.00
0.359620	189.00
0.359640	161.00
0.359660	97.00
0.359680	42.00
0.359700	35.00
0.359720	72.00
0.359740	119.00
0.359760	147.00
0.359780	155.00
0.359800	155.00
0.359820	145.00
0.359840	113.00
0.359860	62.00
0.359880	18.00
0.359900	13.00
0.359920	47.00
0.359940	88.00
0.359960	105.00
0.359980	100.00
