0.320000	101.00
0.320020	49.00
0.320040	102.00
0.320060	141.00
0.320080	144.00
0.320100	125.00
0.320120	112.00
0.320140	118.00
0.320160	130.00
0.320180	133.00
0.320200	124.00
0.320220	117.00
0.320240	120.00
0.320260	128.00
0.320280	130.00
0.320300	124.00
0.320320	120.00
0.320340	122.00
0.320360	127.00
0.320380	129.00
0.320400	125.00
0.320420	121.00
0.320440	123.00
0.320460	127.00
0.320480	128.00
0.320500	125.00
0.320520	122.00
0.320540	123.00
0.320560	127.00
0.320580	128.00
0.320600	125.00
0.320620	123.00
0.320640	124.00
0.320660	126.00
0.320680	127.00
0.320700	124.00
0.320720	122.00
0.320740	123.00
0.320760	125.00
0.320780	126.00
0.320800	124.00
0.320820	122.00
0.320840	123.00
0.320860	126.00
0.320880	127.00
0.320900	125.00
0.320920	124.00
0.320940	124.00
0.320960	125.00
0.320980	126.00
0.321000	124.00
0.321020	123.00
0.321040	123.00
0.321060	125.00
0.321080	126.00
0.321100	125.00
0.321120	123.00
0.321140	123.00
0.321160	125.00
0.321180	126.00
0.321200	125.00
0.321220	123.00
0.321240	123.00
0.321260	125.00
0.321280	126.00
0.321300	125.00
0.321320	124.00
0.321340	124.00
0.321360	125.00
0.321380	125.00
0.321400	124.00
0.321420	123.00
0.321440	123.00
0.321460	125.00
0.321480	126.00
0.321500	125.00
0.321520	124.00
0.321540	124.00
0.321560	125.00
0.321580	126.00
0.321600	125.00
0.321620	124.00
0.321640	125.00
0.321660	126.00
0.321680	126.00
0.321700	125.00
0.321720	124.00
0.321740	124.00
0.321760	125.00
0.321780	126.00
0.321800	125.00
0.321820	125.00
0.321840	125.00
0.321860	126.00
0.321880	126.00
0.321900	125.00
0.321920	124.00
0.321940	124.00
0.321960	125.00
0.321980	125.00
0.322000	125.00
0.322020	125.00
0.322040	125.00
0.322060	125.00
0.322080	125.00
0.322100	124.00
0.322120	124.00
0.322140	124.00
0.322160	125.00
0.322180	125.00
0.322200	124.00
0.322220	124.00
0.322240	124.00
0.322260	125.00
0.322280	125.00
0.322300	125.00
0.322320	124.00
0.322340	124.00
0.322360	125.00
0.322380	126.00
0.322400	125.00
0.322420	125.00
0.322440	125.00
0.322460	125.00
0.322480	125.00
0.322500	125.00
0.322520	125.00
0.322540	125.00
0.322560	125.00
0.322580	125.00
0.322600	125.00
0.322620	125.00
0.322640	125.00
0.322660	125.00
0.322680	125.00
0.322700	125.00
0.322720	124.00
0.322740	125.00
0.322760	125.00
0.322780	126.00
0.322800	125.00
0.322820	124.00
0.322840	124.00
0.322860	124.00
0.322880	125.00
0.322900	125.00
0.322920	125.00
0.322940	125.00
0.322960	125.00
0.322980	125.00
0.323000	125.00
0.323020	124.00
0.323040	124.00
0.323060	125.00
0.323080	125.00
0.323100	124.00
0.323120	124.00
0.323140	124.00
0.323160	124.00
0.323180	125.00
0.323200	124.00
0.323220	124.00
0.323240	125.00
0.323260	125.00
0.323280	126.00
0.323300	125.00
0.323320	125.00
0.323340	125.00
0.323360	125.00
0.323380	126.00
0.323400	125.00
0.323420	125.00
0.323440	124.00
0.323460	124.00
0.323480	125.00
0.323500	124.00
0.323520	124.00
0.323540	124.00
0.323560	124.00
0.323580	125.00
0.323600	124.00
0.323620	124.00
0.323640	124.00
0.323660	124.00
0.323680	125.00
0.323700	124.00
0.323720	124.00
0.323740	124.00
0.323760	125.00
0.323780	125.00
0.323800	124.00
0.323820	124.00
0.323840	124.00
0.323860	125.00
0.323880	125.00
0.323900	125.00
0.323920	124.00
0.323940	124.00
0.323960	125.00
0.323980	126.00
0.324000	126.00
0.324020	125.00
0.324040	125.00
0.324060	125.00
0.324080	125.00
0.324100	124.00
0.324120	124.00
0.324140	124.00
0.324160	125.00
0.324180	125.00
0.324200	125.00
0.324220	125.00
0.324240	124.00
0.324260	124.00
0.324280	125.00
0.324300	125.00
0.324320	124.00
0.324340	124.00
0.324360	124.00
0.324380	124.00
0.324400	124.00
0.324420	124.00
0.324440	124.00
0.324460	125.00
0.324480	126.00
0.324500	125.00
0.324520	125.00
0.324540	125.00
0.324560	125.00
0.324580	126.00
0.324600	126.00
0.324620	125.00
0.324640	124.00
0.324660	124.00
0.324680	124.00
0.324700	125.00
0.324720	124.00
0.324740	123.00
0.324760	122.00
0.324780	122.00
0.324800	121.00
0.324820	121.00
0.324840	121.00
0.324860	123.00
0.324880	125.00
0.324900	129.00
0.324920	132.00
0.324940	136.00
0.324960	139.00
0.324980	142.00
0.325000	142.00
0.325020	140.00
0.325040	136.00
0.325060	130.00
0.325080	122.00
0.325100	113.00
0.325120	105.00
0.325140	99.00
0.325160	93.00
0.325180	90.00
0.325200	90.00
0.325220	92.00
0.325240	98.00
0.325260	108.00
0.325280	121.00
0.325300	135.00
0.325320	148.00
0.325340	159.00
0.325360	167.00
0.325380	174.00
0.325400	177.00
0.325420	178.00
0.325440	174.00
0.325460	166.00
0.325480	152.00
0.325500	134.00
0.325520	112.00
0.325540	88.00
0.325560	67.00
0.325580	49.00
0.325600	37.00
0.325620	32.00
0.325640	35.00
0.325660	46.00
0.325680	66.00
0.325700	96.00
0.325720	131.00
0.325740	167.00
0.325760	201.00
0.325780	227.00
0.325800	242.00
0.325820	245.00
0.325840	238.00
0.325860	225.00
0.325880	203.00
0.325900	169.00
0.325920	123.00
0.325940	72.00
0.325960	29.00
0.325980	5.00
0.326000	0.00
0.326020	2.00
0.326040	1.00
0.326060	0.00
0.326080	5.00
0.326100	33.00
0.326120	82.00
0.326140	140.00
0.326160	192.00
0.326180	227.00
0.326200	247.00
0.326220	255.00
0.326240	255.00
0.326260	251.00
0.326280	239.00
0.326300	218.00
0.326320	186.00
0.326340	143.00
0.326360	93.00
0.326380	47.00
0.326400	15.00
0.326420	1.00
0.326440	0.00
0.326460	0.00
0.326480	0.00
0.326500	6.00
0.326520	27.00
0.326540	64.00
0.326560	109.00
0.326580	152.00
0.326600	186.00
0.326620	209.00
0.326640	225.00
0.326660	232.00
0.326680	230.00
0.326700	220.00
0.326720	203.00
0.326740	182.00
0.326760	157.00
0.326780	128.00
0.326800	99.00
0.326820	73.00
0.326840	55.00
0.326860	44.00
0.326880	40.00
0.326900	42.00
0.326920	50.00
0.326940	66.00
0.326960	86.00
0.326980	107.00
0.327000	127.00
0.327020	145.00
0.327040	161.00
0.327060	173.00
0.327080	179.00
0.327100	180.00
0.327120	176.00
0.327140	169.00
0.327160	160.00
0.327180	147.00
0.327200	133.00
0.327220	119.00
0.327240	108.00
0.327260	100.00
0.327280	94.00
0.327300	90.00
0.327320	89.00
0.327340	92.00
0.327360	98.00
0.327380	106.00
0.327400	113.00
0.327420	121.00
0.327440	129.00
0.327460	137.00
0.327480	143.00
0.327500	146.00
0.327520	147.00
0.327540	147.00
0.327560	145.00
0.327580	141.00
0.327600	136.00
0.327620	131.00
0.327640	126.00
0.327660	122.00
0.327680	118.00
0.327700	115.00
0.327720	112.00
0.327740	111.00
0.327760	111.00
0.327780	113.00
0.327800	115.00
0.327820	118.00
0.327840	121.00
0.327860	125.00
0.327880	128.00
0.327900	130.00
0.327920	132.00
0.327940	133.00
0.327960	133.00
0.327980	133.00
0.328000	132.00
0.328020	131.00
0.328040	129.00
0.328060	128.00
0.328080	126.00
0.328100	124.00
0.328120	122.00
0.328140	121.00
0.328160	120.00
0.328180	120.00
0.328200	120.00
0.328220	120.00
0.328240	121.00
0.328260	122.00
0.328280	123.00
0.328300	125.00
0.328320	126.00
0.328340	127.00
0.328360	128.00
0.328380	129.00
0.328400	128.00
0.328420	128.00
0.328440	127.00
0.328460	127.00
0.328480	127.00
0.328500	126.00
0.328520	125.00
0.328540	124.00
0.328560	124.00
0.328580	124.00
0.328600	123.00
0.328620	123.00
0.328640	123.00
0.328660	124.00
0.328680	124.00
0.328700	124.00
0.328720	124.00
0.328740	125.00
0.328760	125.00
0.328780	126.00
0.328800	125.00
0.328820	125.00
0.328840	125.00
0.328860	125.00
0.328880	126.00
0.328900	125.00
0.328920	124.00
0.328940	124.00
0.328960	124.00
0.328980	124.00
0.329000	124.00
0.329020	124.00
0.329040	124.00
0.329060	124.00
0.329080	125.00
0.329100	125.00
0.329120	125.00
0.329140	126.00
0.329160	126.00
0.329180	127.00
0.329200	126.00
0.329220	126.00
0.329240	126.00
0.329260	126.00
0.329280	126.00
0.329300	125.00
0.329320	125.00
0.329340	124.00
0.329360	124.00
0.329380	124.00
0.329400	123.00
0.329420	123.00
0.329440	123.00
0.329460	124.00
0.329480	124.00
0.329500	125.00
0.329520	125.00
0.329540	125.00
0.329560	126.00
0.329580	126.00
0.329600	126.00
0.329620	126.00
0.329640	126.00
0.329660	127.00
0.329680	127.00
0.329700	126.00
0.329720	126.00
0.329740	126.00
0.329760	125.00
0.329780	125.00
0.329800	124.00
0.329820	123.00
0.329840	123.00
0.329860	123.00
0.329880	124.00
0.329900	124.00
0.329920	124.00
0.329940	124.00
0.329960	124.00
0.329980	125.00
0.330000	125.00
0.330020	126.00
0.330040	126.00
0.330060	127.00
0.330080	126.00
0.330100	126.00
0.330120	126.00
0.330140	125.00
0.330160	125.00
0.330180	125.00
0.330200	124.00
0.330220	124.00
0.330240	124.00
0.330260	124.00
0.330280	124.00
0.330300	124.00
0.330320	124.00
0.330340	124.00
0.330360	125.00
0.330380	125.00
0.330400	125.00
0.330420	125.00
0.330440	125.00
0.330460	125.00
0.330480	125.00
0.330500	125.00
0.330520	125.00
0.330540	125.00
0.330560	125.00
0.330580	125.00
0.330600	124.00
0.330620	124.00
0.330640	124.00
0.330660	124.00
0.330680	124.00
0.330700	124.00
0.330720	124.00
0.330740	125.00
0.330760	125.00
0.330780	126.00
0.330800	126.00
0.330820	125.00
0.330840	125.00
0.330860	125.00
0.330880	125.00
0.330900	125.00
0.330920	125.00
0.330940	125.00
0.330960	125.00
0.330980	125.00
0.331000	125.00
0.331020	125.00
0.331040	125.00
0.331060	125.00
0.331080	125.00
0.331100	124.00
0.331120	124.00
0.331140	124.00
0.331160	123.00
0.331180	123.00
0.331200	122.00
0.331220	122.00
0.331240	123.00
0.331260	124.00
0.331280	125.00
0.331300	126.00
0.331320	127.00
0.331340	128.00
0.331360	129.00
0.331380	130.00
0.331400	130.00
0.331420	130.00
0.331440	130.00
0.331460	128.00
0.331480	126.00
0.331500	124.00
0.331520	121.00
0.331540	120.00
0.331560	119.00
0.331580	119.00
0.331600	118.00
0.331620	118.00
0.331640	118.00
0.331660	119.00
0.331680	121.00
0.331700	123.00
0.331720	126.00
0.331740	129.00
0.331760	132.00
0.331780	134.00
0.331800	136.00
0.331820	137.00
0.331840	137.00
0.331860	137.00
0.331880	135.00
0.331900	131.00
0.331920	126.00
0.331940	121.00
0.331960	116.00
0.331980	111.00
0.332000	106.00
0.332020	104.00
0.332040	103.00
0.332060	105.00
0.332080	110.00
0.332100	115.00
0.332120	122.00
0.332140	129.00
0.332160	137.00
0.332180	144.00
0.332200	148.00
0.332220	151.00
0.332240	152.00
0.332260	150.00
0.332280	145.00
0.332300	139.00
0.332320	131.00
0.332340	122.00
0.332360	114.00
0.332380	107.00
0.332400	100.00
0.332420	97.00
0.332440	95.00
0.332460	97.00
0.332480	101.00
0.332500	107.00
0.332520	115.00
0.332540	123.00
0.332560	132.00
0.332580	140.00
0.332600	146.00
0.332620	150.00
0.332640	151.00
0.332660	150.00
0.332680	148.00
0.332700	143.00
0.332720	137.00
0.332740	131.00
0.332760	124.00
0.332780	117.00
0.332800	111.00
0.332820	107.00
0.332840	105.00
0.332860	105.00
0.332880	106.00
0.332900	108.00
0.332920	112.00
0.332940	117.00
0.332960	123.00
0.332980	128.00
0.333000	132.00
0.333020	136.00
0.333040	138.00
0.333060	140.00
0.333080	140.00
0.333100	138.00
0.333120	135.00
0.333140	132.00
0.333160	128.00
0.333180	125.00
0.333200	122.00
0.333220	119.00
0.333240	117.00
0.333260	116.00
0.333280	116.00
0.333300	116.00
0.333320	117.00
0.333340	119.00
0.333360	121.00
0.333380	123.00
0.333400	125.00
0.333420	127.00
0.333440	129.00
0.333460	130.00
0.333480	131.00
0.333500	131.00
0.333520	131.00
0.333540	130.00
0.333560	129.00
0.333580	128.00
0.333600	126.00
0.333620	124.00
0.333640	123.00
0.333660	122.00
0.333680	121.00
0.333700	121.00
0.333720	121.00
0.333740	121.00
0.333760	122.00
0.333780	123.00
0.333800	123.00
0.333820	124.00
0.333840	125.00
0.333860	126.00
0.333880	127.00
0.333900	127.00
0.333920	127.00
0.333940	127.00
0.333960	127.00
0.333980	127.00
0.334000	126.00
0.334020	126.00
0.334040	126.00
0.334060	125.00
0.334080	124.00
0.334100	124.00
0.334120	123.00
0.334140	123.00
0.334160	123.00
0.334180	123.00
0.334200	123.00
0.334220	123.00
0.334240	124.00
0.334260	124.00
0.334280	125.00
0.334300	125.00
0.334320	125.00
0.334340	125.00
0.334360	126.00
0.334380	126.00
0.334400	126.00
0.334420	126.00
0.334440	126.00
0.334460	126.00
0.334480	126.00
0.334500	125.00
0.334520	125.00
0.334540	124.00
0.334560	124.00
0.334580	124.00
0.334600	124.00
0.334620	124.00
0.334640	124.00
0.334660	124.00
0.334680	124.00
0.334700	124.00
0.334720	124.00
0.334740	124.00
0.334760	125.00
0.334780	125.00
0.334800	125.00
0.334820	125.00
0.334840	126.00
0.334860	126.00
0.334880	126.00
0.334900	126.00
0.334920	126.00
0.334940	126.00
0.334960	126.00
0.334980	126.00
0.335000	125.00
0.335020	124.00
0.335040	124.00
0.335060	124.00
0.335080	124.00
0.335100	123.00
0.335120	123.00
0.335140	124.00
0.335160	125.00
0.335180	125.00
0.335200	125.00
0.335220	125.00
0.335240	126.00
0.335260	126.00
0.335280	127.00
0.335300	126.00
0.335320	126.00
0.335340	126.00
0.335360	126.00
0.335380	126.00
0.335400	126.00
0.335420	125.00
0.335440	124.00
0.335460	124.00
0.335480	125.00
0.335500	124.00
0.335520	124.00
0.335540	124.00
0.335560	124.00
0.335580	124.00
0.335600	124.00
0.335620	124.00
0.335640	124.00
0.335660	124.00
0.335680	125.00
0.335700	125.00
0.335720	126.00
0.335740	126.00
0.335760	127.00
0.335780	126.00
0.335800	126.00
0.335820	126.00
0.335840	125.00
0.335860	125.00
0.335880	125.00
0.335900	124.00
0.335920	124.00
0.335940	124.00
0.335960	124.00
0.335980	124.00
0.336000	123.00
0.336020	123.00
0.336040	124.00
0.336060	124.00
0.336080	124.00
0.336100	124.00
0.336120	124.00
0.336140	125.00
0.336160	125.00
0.336180	125.00
0.336200	125.00
0.336220	125.00
0.336240	125.00
0.336260	126.00
0.336280	126.00
0.336300	125.00
0.336320	125.00
0.336340	125.00
0.336360	125.00
0.336380	125.00
0.336400	125.00
0.336420	125.00
0.336440	125.00
0.336460	125.00
0.336480	125.00
0.336500	125.00
0.336520	124.00
0.336540	124.00
0.336560	125.00
0.336580	125.00
0.336600	125.00
0.336620	124.00
0.336640	124.00
0.336660	124.00
0.336680	124.00
0.336700	124.00
0.336720	124.00
0.336740	124.00
0.336760	124.00
0.336780	125.00
0.336800	125.00
0.336820	125.00
0.336840	124.00
0.336860	124.00
0.336880	124.00
0.336900	125.00
0.336920	125.00
0.336940	125.00
0.336960	125.00
0.336980	125.00
0.337000	125.00
0.337020	124.00
0.337040	124.00
0.337060	125.00
0.337080	125.00
0.337100	125.00
0.337120	124.00
0.337140	124.00
0.337160	124.00
0.337180	124.00
0.337200	125.00
0.337220	125.00
0.337240	125.00
0.337260	125.00
0.337280	125.00
0.337300	125.00
0.337320	125.00
0.337340	125.00
0.337360	125.00
0.337380	125.00
0.337400	125.00
0.337420	124.00
0.337440	124.00
0.337460	124.00
0.337480	124.00
0.337500	125.00
0.337520	125.00
0.337540	125.00
0.337560	125.00
0.337580	125.00
0.337600	126.00
0.337620	126.00
0.337640	126.00
0.337660	127.00
0.337680	127.00
0.337700	126.00
0.337720	125.00
0.337740	124.00
0.337760	124.00
0.337780	124.00
0.337800	123.00
0.337820	123.00
0.337840	123.00
0.337860	124.00
0.337880	124.00
0.337900	124.00
0.337920	124.00
0.337940	124.00
0.337960	125.00
0.337980	126.00
0.338000	127.00
0.338020	128.00
0.338040	128.00
0.338060	128.00
0.338080	128.00
0.338100	128.00
0.338120	127.00
0.338140	125.00
0.338160	124.00
0.338180	123.00
0.338200	121.00
0.338220	120.00
0.338240	119.00
0.338260	119.00
0.338280	120.00
0.338300	121.00
0.338320	123.00
0.338340	125.00
0.338360	127.00
0.338380	130.00
0.338400	131.00
0.338420	132.00
0.338440	132.00
0.338460	131.00
0.338480	130.00
0.338500	129.00
0.338520	127.00
0.338540	125.00
0.338560	123.00
0.338580	121.00
0.338600	119.00
0.338620	118.00
0.338640	118.00
0.338660	118.00
0.338680	119.00
0.338700	120.00
0.338720	122.00
0.338740	124.00
0.338760	126.00
0.338780	128.00
0.338800	130.00
0.338820	131.00
0.338840	131.00
0.338860	131.00
0.338880	130.00
0.338900	129.00
0.338920	128.00
0.338940	126.00
0.338960	124.00
0.338980	122.00
0.339000	121.00
0.339020	120.00
0.339040	120.00
0.339060	121.00
0.339080	121.00
0.339100	121.00
0.339120	122.00
0.339140	124.00
0.339160	125.00
0.339180	126.00
0.339200	127.00
0.339220	127.00
0.339240	128.00
0.339260	128.00
0.339280	128.00
0.339300	127.00
0.339320	126.00
0.339340	126.00
0.339360	125.00
0.339380	124.00
0.339400	123.00
0.339420	122.00
0.339440	122.00
0.339460	122.00
0.339480	123.00
0.339500	124.00
0.339520	124.00
0.339540	124.00
0.339560	124.00
0.339580	125.00
0.339600	126.00
0.339620	126.00
0.339640	126.00
0.339660	126.00
0.339680	126.00
0.339700	125.00
0.339720	125.00
0.339740	125.00
0.339760	125.00
0.339780	125.00
0.339800	124.00
0.339820	124.00
0.339840	124.00
0.339860	125.00
0.339880	125.00
0.339900	124.00
0.339920	124.00
0.339940	124.00
0.339960	125.00
0.339980	125.00
0.340000	125.00
0.340020	125.00
0.340040	125.00
0.340060	126.00
0.340080	126.00
0.340100	126.00
0.340120	125.00
0.340140	125.00
0.340160	124.00
0.340180	125.00
0.340200	125.00
0.340220	125.00
0.340240	125.00
0.340260	125.00
0.340280	124.00
0.340300	124.00
0.340320	124.00
0.340340	124.00
0.340360	124.00
0.340380	125.00
0.340400	125.00
0.340420	125.00
0.340440	125.00
0.340460	125.00
0.340480	125.00
0.340500	125.00
0.340520	124.00
0.340540	124.00
0.340560	124.00
0.340580	125.00
0.340600	125.00
0.340620	125.00
0.340640	125.00
0.340660	125.00
0.340680	125.00
0.340700	125.00
0.340720	125.00
0.340740	125.00
0.340760	125.00
0.340780	125.00
0.340800	125.00
0.340820	125.00
0.340840	124.00
0.340860	124.00
0.340880	124.00
0.340900	124.00
0.340920	125.00
0.340940	125.00
0.340960	125.00
0.340980	125.00
0.341000	125.00
0.341020	126.00
0.341040	126.00
0.341060	126.00
0.341080	126.00
0.341100	125.00
0.341120	125.00
0.341140	125.00
0.341160	125.00
0.341180	124.00
0.341200	124.00
0.341220	124.00
0.341240	124.00
0.341260	124.00
0.341280	124.00
0.341300	124.00
0.341320	124.00
0.341340	124.00
0.341360	125.00
0.341380	125.00
0.341400	125.00
0.341420	125.00
0.341440	126.00
0.341460	126.00
0.341480	126.00
0.341500	126.00
0.341520	126.00
0.341540	125.00
0.341560	125.00
0.341580	125.00
0.341600	125.00
0.341620	125.00
0.341640	124.00
0.341660	124.00
0.341680	124.00
0.341700	124.00
0.341720	124.00
0.341740	124.00
0.341760	124.00
0.341780	124.00
0.341800	125.00
0.341820	125.00
0.341840	125.00
0.341860	125.00
0.341880	125.00
0.341900	125.00
0.341920	125.00
0.341940	126.00
0.341960	126.00
0.341980	126.00
0.342000	126.00
0.342020	126.00
0.342040	126.00
0.342060	126.00
0.342080	126.00
0.342100	125.00
0.342120	125.00
0.342140	124.00
0.342160	124.00
0.342180	124.00
0.342200	124.00
0.342220	124.00
0.342240	124.00
0.342260	124.00
0.342280	124.00
0.342300	124.00
0.342320	125.00
0.342340	125.00
0.342360	125.00
0.342380	125.00
0.342400	125.00
0.342420	125.00
0.342440	125.00
0.342460	125.00
0.342480	125.00
0.342500	125.00
0.342520	125.00
0.342540	125.00
0.342560	125.00
0.342580	125.00
0.342600	125.00
0.342620	125.00
0.342640	125.00
0.342660	125.00
0.342680	125.00
0.342700	125.00
0.342720	125.00
0.342740	125.00
0.342760	125.00
0.342780	124.00
0.342800	124.00
0.342820	124.00
0.342840	124.00
0.342860	124.00
0.342880	124.00
0.342900	124.00
0.342920	124.00
0.342940	125.00
0.342960	125.00
0.342980	125.00
0.343000	125.00
0.343020	125.00
0.343040	125.00
0.343060	126.00
0.343080	126.00
0.343100	125.00
0.343120	125.00
0.343140	125.00
0.343160	125.00
0.343180	125.00
0.343200	124.00
0.343220	124.00
0.343240	124.00
0.343260	124.00
0.343280	124.00
0.343300	124.00
0.343320	125.00
0.343340	125.00
0.343360	126.00
0.343380	126.00
0.343400	126.00
0.343420	126.00
0.343440	125.00
0.343460	125.00
0.343480	125.00
0.343500	125.00
0.343520	125.00
0.343540	125.00
0.343560	125.00
0.343580	125.00
0.343600	125.00
0.343620	124.00
0.343640	124.00
0.343660	123.00
0.343680	124.00
0.343700	125.00
0.343720	125.00
0.343740	125.00
0.343760	125.00
0.343780	125.00
0.343800	125.00
0.343820	126.00
0.343840	126.00
0.343860	126.00
0.343880	126.00
0.343900	126.00
0.343920	125.00
0.343940	124.00
0.343960	124.00
0.343980	124.00
0.344000	124.00
0.344020	124.00
0.344040	124.00
0.344060	124.00
0.344080	123.00
0.344100	123.00
0.344120	123.00
0.344140	124.00
0.344160	125.00
0.344180	125.00
0.344200	126.00
0.344220	126.00
0.344240	126.00
0.344260	126.00
0.344280	126.00
0.344300	126.00
0.344320	126.00
0.344340	126.00
0.344360	125.00
0.344380	124.00
0.344400	123.00
0.344420	122.00
0.344440	122.00
0.344460	122.00
0.344480	122.00
0.344500	122.00
0.344520	123.00
0.344540	124.00
0.344560	125.00
0.344580	126.00
0.344600	126.00
0.344620	126.00
0.344640	126.00
0.344660	127.00
0.344680	127.00
0.344700	127.00
0.344720	127.00
0.344740	126.00
0.344760	125.00
0.344780	125.00
0.344800	124.00
0.344820	124.00
0.344840	123.00
0.344860	123.00
0.344880	124.00
0.344900	124.00
0.344920	124.00
0.344940	124.00
0.344960	124.00
0.344980	124.00
0.345000	124.00
0.345020	125.00
0.345040	125.00
0.345060	126.00
0.345080	126.00
0.345100	126.00
0.345120	126.00
0.345140	126.00
0.345160	126.00
0.345180	125.00
0.345200	125.00
0.345220	124.00
0.345240	125.00
0.345260	125.00
0.345280	125.00
0.345300	124.00
0.345320	124.00
0.345340	124.00
0.345360	125.00
0.345380	125.00
0.345400	125.00
0.345420	124.00
0.345440	124.00
0.345460	125.00
0.345480	125.00
0.345500	125.00
0.345520	125.00
0.345540	125.00
0.345560	125.00
0.345580	125.00
0.345600	124.00
0.345620	124.00
0.345640	124.00
0.345660	124.00
0.345680	124.00
0.345700	125.00
0.345720	125.00
0.345740	125.00
0.345760	126.00
0.345780	126.00
0.345800	126.00
0.345820	126.00
0.345840	126.00
0.345860	125.00
0.345880	125.00
0.345900	124.00
0.345920	124.00
0.345940	124.00
0.345960	124.00
0.345980	124.00
0.346000	124.00
0.346020	124.00
0.346040	124.00
0.346060	125.00
0.346080	125.00
0.346100	125.00
0.346120	125.00
0.346140	125.00
0.346160	125.00
0.346180	126.00
0.346200	126.00
0.346220	126.00
0.346240	125.00
0.346260	125.00
0.346280	125.00
0.346300	125.00
0.346320	124.00
0.346340	124.00
0.346360	124.00
0.346380	124.00
0.346400	124.00
0.346420	124.00
0.346440	124.00
0.346460	125.00
0.346480	125.00
0.346500	125.00
0.346520	125.00
0.346540	125.00
0.346560	125.00
0.346580	125.00
0.346600	125.00
0.346620	125.00
0.346640	125.00
0.346660	125.00
0.346680	125.00
0.346700	125.00
0.346720	125.00
0.346740	125.00
0.346760	125.00
0.346780	124.00
0.346800	124.00
0.346820	124.00
0.346840	124.00
0.346860	125.00
0.346880	125.00
0.346900	125.00
0.346920	125.00
0.346940	125.00
0.346960	125.00
0.346980	125.00
0.347000	124.00
0.347020	124.00
0.347040	124.00
0.347060	125.00
0.347080	126.00
0.347100	126.00
0.347120	126.00
0.347140	125.00
0.347160	125.00
0.347180	125.00
0.347200	125.00
0.347220	125.00
0.347240	125.00
0.347260	125.00
0.347280	125.00
0.347300	125.00
0.347320	125.00
0.347340	125.00
0.347360	124.00
0.347380	124.00
0.347400	124.00
0.347420	124.00
0.347440	124.00
0.347460	124.00
0.347480	125.00
0.347500	125.00
0.347520	124.00
0.347540	124.00
0.347560	124.00
0.347580	124.00
0.347600	125.00
0.347620	125.00
0.347640	125.00
0.347660	125.00
0.347680	125.00
0.347700	125.00
0.347720	125.00
0.347740	124.00
0.347760	124.00
0.347780	125.00
0.347800	125.00
0.347820	125.00
0.347840	125.00
0.347860	125.00
0.347880	125.00
0.347900	124.00
0.347920	124.00
0.347940	124.00
0.347960	124.00
0.347980	125.00
0.348000	125.00
0.348020	125.00
0.348040	125.00
0.348060	125.00
0.348080	125.00
0.348100	125.00
0.348120	125.00
0.348140	125.00
0.348160	125.00
0.348180	125.00
0.348200	125.00
0.348220	125.00
0.348240	124.00
0.348260	125.00
0.348280	125.00
0.348300	125.00
0.348320	125.00
0.348340	125.00
0.348360	125.00
0.348380	125.00
0.348400	124.00
0.348420	124.00
0.348440	124.00
0.348460	125.00
0.348480	125.00
0.348500	125.00
0.348520	125.00
0.348540	125.00
0.348560	125.00
0.348580	125.00
0.348600	125.00
0.348620	125.00
0.348640	125.00
0.348660	125.00
0.348680	126.00
0.348700	126.00
0.348720	125.00
0.348740	125.00
0.348760	125.00
0.348780	125.00
0.348800	125.00
0.348820	125.00
0.348840	124.00
0.348860	124.00
0.348880	125.00
0.348900	125.00
0.348920	125.00
0.348940	125.00
0.348960	125.00
0.348980	125.00
0.349000	125.00
0.349020	125.00
0.349040	125.00
0.349060	125.00
0.349080	125.00
0.349100	125.00
0.349120	125.00
0.349140	125.00
0.349160	125.00
0.349180	125.00
0.349200	125.00
0.349220	124.00
0.349240	124.00
0.349260	124.00
0.349280	125.00
0.349300	125.00
0.349320	125.00
0.349340	125.00
0.349360	125.00
0.349380	125.00
0.349400	125.00
0.349420	125.00
0.349440	125.00
0.349460	125.00
0.349480	125.00
0.349500	125.00
0.349520	125.00
0.349540	126.00
0.349560	126.00
0.349580	126.00
0.349600	125.00
0.349620	125.00
0.349640	125.00
0.349660	124.00
0.349680	124.00
0.349700	124.00
0.349720	124.00
0.349740	125.00
0.349760	125.00
0.349780	125.00
0.349800	125.00
0.349820	125.00
0.349840	125.00
0.349860	125.00
0.349880	125.00
0.349900	125.00
0.349920	125.00
0.349940	125.00
0.349960	125.00
0.349980	125.00
0.350000	125.00
0.350020	125.00
0.350040	125.00
0.350060	125.00
0.350080	125.00
0.350100	125.00
0.350120	125.00
0.350140	125.00
0.350160	125.00
0.350180	124.00
0.350200	124.00
0.350220	125.00
0.350240	125.00
0.350260	125.00
0.350280	125.00
0.350300	125.00
0.350320	125.00
0.350340	125.00
0.350360	125.00
0.350380	125.00
0.350400	125.00
0.350420	125.00
0.350440	126.00
0.350460	126.00
0.350480	126.00
0.350500	125.00
0.350520	125.00
0.350540	125.00
0.350560	125.00
0.350580	125.00
0.350600	125.00
0.350620	124.00
0.350640	124.00
0.350660	124.00
0.350680	124.00
0.350700	124.00
0.350720	124.00
0.350740	124.00
0.350760	125.00
0.350780	125.00
0.350800	125.00
0.350820	125.00
0.350840	125.00
0.350860	125.00
0.350880	125.00
0.350900	125.00
0.350920	125.00
0.350940	125.00
0.350960	125.00
0.350980	125.00
0.351000	125.00
0.351020	125.00
0.351040	124.00
0.351060	124.00
0.351080	124.00
0.351100	124.00
0.351120	124.00
0.351140	124.00
0.351160	124.00
0.351180	124.00
0.351200	125.00
0.351220	125.00
0.351240	125.00
0.351260	125.00
0.351280	125.00
0.351300	125.00
0.351320	125.00
0.351340	125.00
0.351360	125.00
0.351380	125.00
0.351400	125.00
0.351420	125.00
0.351440	125.00
0.351460	125.00
0.351480	125.00
0.351500	125.00
0.351520	125.00
0.351540	125.00
0.351560	125.00
0.351580	125.00
0.351600	125.00
0.351620	124.00
0.351640	124.00
0.351660	124.00
0.351680	124.00
0.351700	124.00
0.351720	124.00
0.351740	124.00
0.351760	124.00
0.351780	125.00
0.351800	125.00
0.351820	125.00
0.351840	125.00
0.351860	125.00
0.351880	125.00
0.351900	125.00
0.351920	125.00
0.351940	125.00
0.351960	126.00
0.351980	125.00
0.352000	125.00
0.352020	124.00
0.352040	124.00
0.352060	124.00
0.352080	124.00
0.352100	124.00
0.352120	124.00
0.352140	124.00
0.352160	124.00
0.352180	124.00
0.352200	124.00
0.352220	125.00
0.352240	125.00
0.352260	125.00
0.352280	125.00
0.352300	125.00
0.352320	125.00
0.352340	125.00
0.352360	125.00
0.352380	125.00
0.352400	125.00
0.352420	124.00
0.352440	124.00
0.352460	124.00
0.352480	124.00
0.352500	124.00
0.352520	124.00
0.352540	124.00
0.352560	124.00
0.352580	124.00
0.352600	124.00
0.352620	124.00
0.352640	124.00
0.352660	125.00
0.352680	126.00
0.352700	126.00
0.352720	126.00
0.352740	125.00
0.352760	124.00
0.352780	124.00
0.352800	125.00
0.352820	125.00
0.352840	125.00
0.352860	125.00
0.352880	124.00
0.352900	124.00
0.352920	124.00
0.352940	125.00
0.352960	125.00
0.352980	125.00
0.353000	125.00
0.353020	125.00
0.353040	125.00
0.353060	125.00
0.353080	125.00
0.353100	125.00
0.353120	125.00
0.353140	125.00
0.353160	125.00
0.353180	124.00
0.353200	124.00
0.353220	124.00
0.353240	124.00
0.353260	124.00
0.353280	124.00
0.353300	124.00
0.353320	124.00
0.353340	124.00
0.353360	125.00
0.353380	125.00
0.353400	125.00
0.353420	125.00
0.353440	125.00
0.353460	125.00
0.353480	125.00
0.353500	125.00
0.353520	125.00
0.353540	125.00
0.353560	125.00
0.353580	124.00
0.353600	124.00
0.353620	124.00
0.353640	124.00
0.353660	124.00
0.353680	124.00
0.353700	124.00
0.353720	124.00
0.353740	124.00
0.353760	124.00
0.353780	124.00
0.353800	125.00
0.353820	125.00
0.353840	125.00
0.353860	126.00
0.353880	126.00
0.353900	126.00
0.353920	126.00
0.353940	126.00
0.353960	126.00
0.353980	126.00
0.354000	126.00
0.354020	125.00
0.354040	124.00
0.354060	124.00
0.354080	125.00
0.354100	125.00
0.354120	125.00
0.354140	125.00
0.354160	124.00
0.354180	124.00
0.354200	124.00
0.354220	124.00
0.354240	125.00
0.354260	125.00
0.354280	125.00
0.354300	125.00
0.354320	125.00
0.354340	125.00
0.354360	125.00
0.354380	125.00
0.354400	125.00
0.354420	125.00
0.354440	125.00
0.354460	125.00
0.354480	125.00
0.354500	125.00
0.354520	125.00
0.354540	124.00
0.354560	124.00
0.354580	124.00
0.354600	124.00
0.354620	124.00
0.354640	124.00
0.354660	124.00
0.354680	124.00
0.354700	124.00
0.354720	125.00
0.354740	125.00
0.354760	125.00
0.354780	125.00
0.354800	125.00
0.354820	125.00
0.354840	125.00
0.354860	125.00
0.354880	125.00
0.354900	125.00
0.354920	125.00
0.354940	125.00
0.354960	124.00
0.354980	124.00
0.355000	124.00
0.355020	124.00
0.355040	124.00
0.355060	124.00
0.355080	124.00
0.355100	124.00
0.355120	125.00
0.355140	125.00
0.355160	125.00
0.355180	125.00
0.355200	125.00
0.355220	125.00
0.355240	125.00
0.355260	125.00
0.355280	125.00
0.355300	125.00
0.355320	125.00
0.355340	125.00
0.355360	125.00
0.355380	125.00
0.355400	124.00
0.355420	124.00
0.355440	125.00
0.355460	125.00
0.355480	125.00
0.355500	125.00
0.355520	125.00
0.355540	125.00
0.355560	125.00
0.355580	125.00
0.355600	125.00
0.355620	125.00
0.355640	124.00
0.355660	124.00
0.355680	124.00
0.355700	124.00
0.355720	124.00
0.355740	124.00
0.355760	125.00
0.355780	125.00
0.355800	125.00
0.355820	125.00
0.355840	125.00
0.355860	125.00
0.355880	125.00
0.355900	125.00
0.355920	125.00
0.355940	125.00
0.355960	126.00
0.355980	126.00
0.356000	125.00
0.356020	125.00
0.356040	124.00
0.356060	124.00
0.356080	124.00
0.356100	124.00
0.356120	124.00
0.356140	124.00
0.356160	124.00
0.356180	125.00
0.356200	125.00
0.356220	125.00
0.356240	125.00
0.356260	125.00
0.356280	125.00
0.356300	125.00
0.356320	125.00
0.356340	125.00
0.356360	125.00
0.356380	125.00
0.356400	125.00
0.356420	125.00
0.356440	125.00
0.356460	125.00
0.356480	125.00
0.356500	125.00
0.356520	125.00
0.356540	125.00
0.356560	124.00
0.356580	124.00
0.356600	124.00
0.356620	124.00
0.356640	124.00
0.356660	124.00
0.356680	125.00
0.356700	125.00
0.356720	125.00
0.356740	126.00
0.356760	126.00
0.356780	126.00
0.356800	125.00
0.356820	125.00
0.356840	125.00
0.356860	125.00
0.356880	125.00
0.356900	125.00
0.356920	125.00
0.356940	124.00
0.356960	124.00
0.356980	124.00
0.357000	124.00
0.357020	124.00
0.357040	124.00
0.357060	124.00
0.357080	124.00
0.357100	124.00
0.357120	125.00
0.357140	125.00
0.357160	125.00
0.357180	125.00
0.357200	126.00
0.357220	126.00
0.357240	126.00
0.357260	126.00
0.357280	126.00
0.357300	126.00
0.357320	126.00
0.357340	125.00
0.357360	125.00
0.357380	125.00
0.357400	125.00
0.357420	124.00
0.357440	124.00
0.357460	123.00
0.357480	123.00
0.357500	124.00
0.357520	124.00
0.357540	125.00
0.357560	125.00
0.357580	125.00
0.357600	125.00
0.357620	126.00
0.357640	126.00
0.357660	126.00
0.357680	126.00
0.357700	126.00
0.357720	125.00
0.357740	125.00
0.357760	125.00
0.357780	125.00
0.357800	125.00
0.357820	124.00
0.357840	124.00
0.357860	124.00
0.357880	124.00
0.357900	124.00
0.357920	124.00
0.357940	124.00
0.357960	124.00
0.357980	125.00
0.358000	125.00
0.358020	125.00
0.358040	125.00
0.358060	126.00
0.358080	126.00
0.358100	126.00
0.358120	126.00
0.358140	126.00
0.358160	126.00
0.358180	126.00
0.358200	125.00
0.358220	125.00
0.358240	125.00
0.358260	124.00
0.358280	124.00
0.358300	124.00
0.358320	124.00
0.358340	124.00
0.358360	124.00
0.358380	124.00
0.358400	125.00
0.358420	125.00
0.358440	125.00
0.358460	125.00
0.358480	125.00
0.358500	125.00
0.358520	125.00
0.358540	125.00
0.358560	125.00
0.358580	125.00
0.358600	125.00
0.358620	125.00
0.358640	124.00
0.358660	124.00
0.358680	124.00
0.358700	124.00
0.358720	124.00
0.358740	124.00
0.358760	124.00
0.358780	124.00
0.358800	124.00
0.358820	125.00
0.358840	125.00
0.358860	125.00
0.358880	125.00
0.358900	125.00
0.358920	125.00
0.358940	125.00
0.358960	125.00
0.358980	125.00
0.359000	125.00
0.359020	125.00
0.359040	125.00
0.359060	125.00
0.359080	125.00
0.359100	125.00
0.359120	125.00
0.359140	125.00
0.359160	125.00
0.359180	125.00
0.359200	125.00
0.359220	125.00
0.359240	125.00
0.359260	125.00
0.359280	125.00
0.359300	125.00
0.359320	125.00
0.359340	125.00
0.359360	125.00
0.359380	125.00
0.359400	125.00
0.359420	125.00
0.359440	125.00
0.359460	125.00
0.359480	125.00
0.359500	125.00
0.359520	125.00
0.359540	124.00
0.359560	124.00
0.359580	124.00
0.359600	125.00
0.359620	125.00
0.359640	125.00
0.359660	125.00
0.359680	125.00
0.359700	125.00
0.359720	125.00
0.359740	125.00
0.359760	125.00
0.359780	125.00
0.359800	125.00
0.359820	125.00
0.359840	125.00
0.359860	125.00
0.359880	125.00
0.359900	125.00
0.359920	124.00
0.359940	124.00
0.359960	124.00
0.359980	126.00
