0.320000	101.00
0.320020	49.00
0.320040	102.00
0.320060	141.00
0.320080	144.00
0.320100	125.00
0.320120	112.00
0.320140	118.00
0.320160	131.00
0.320180	134.00
0.320200	125.00
0.320220	119.00
0.320240	121.00
0.320260	129.00
0.320280	130.00
0.320300	125.00
0.320320	121.00
0.320340	123.00
0.320360	128.00
0.320380	129.00
0.320400	124.00
0.320420	120.00
0.320440	122.00
0.320460	127.00
0.320480	129.00
0.320500	125.00
0.320520	122.00
0.320540	123.00
0.320560	127.00
0.320580	128.00
0.320600	125.00
0.320620	123.00
0.320640	123.00
0.320660	126.00
0.320680	126.00
0.320700	124.00
0.320720	122.00
0.320740	123.00
0.320760	125.00
0.320780	126.00
0.320800	124.00
0.320820	123.00
0.320840	123.00
0.320860	126.00
0.320880	126.00
0.320900	125.00
0.320920	123.00
0.320940	124.00
0.320960	126.00
0.320980	126.00
0.321000	125.00
0.321020	124.00
0.321040	124.00
0.321060	126.00
0.321080	127.00
0.321100	125.00
0.321120	124.00
0.321140	125.00
0.321160	126.00
0.321180	126.00
0.321200	124.00
0.321220	123.00
0.321240	124.00
0.321260	125.00
0.321280	126.00
0.321300	125.00
0.321320	124.00
0.321340	125.00
0.321360	126.00
0.321380	126.00
0.321400	124.00
0.321420	123.00
0.321440	124.00
0.321460	126.00
0.321480	126.00
0.321500	125.00
0.321520	124.00
0.321540	125.00
0.321560	126.00
0.321580	126.00
0.321600	124.00
0.321620	123.00
0.321640	124.00
0.321660	125.00
0.321680	126.00
0.321700	125.00
0.321720	124.00
0.321740	125.00
0.321760	126.00
0.321780	125.00
0.321800	124.00
0.321820	123.00
0.321840	124.00
0.321860	126.00
0.321880	126.00
0.321900	125.00
0.321920	123.00
0.321940	124.00
0.321960	125.00
0.321980	125.00
0.322000	124.00
0.322020	123.00
0.322040	124.00
0.322060	125.00
0.322080	125.00
0.322100	124.00
0.322120	123.00
0.322140	124.00
0.322160	125.00
0.322180	126.00
0.322200	125.00
0.322220	124.00
0.322240	124.00
0.322260	124.00
0.322280	125.00
0.322300	125.00
0.322320	124.00
0.322340	125.00
0.322360	126.00
0.322380	126.00
0.322400	125.00
0.322420	124.00
0.322440	124.00
0.322460	125.00
0.322480	126.00
0.322500	125.00
0.322520	125.00
0.322540	125.00
0.322560	125.00
0.322580	125.00
0.322600	124.00
0.322620	124.00
0.322640	124.00
0.322660	125.00
0.322680	125.00
0.322700	124.00
0.322720	124.00
0.322740	124.00
0.322760	125.00
0.322780	125.00
0.322800	125.00
0.322820	124.00
0.322840	124.00
0.322860	124.00
0.322880	125.00
0.322900	124.00
0.322920	124.00
0.322940	124.00
0.322960	124.00
0.322980	125.00
0.323000	124.00
0.323020	124.00
0.323040	125.00
0.323060	125.00
0.323080	125.00
0.323100	124.00
0.323120	124.00
0.323140	124.00
0.323160	125.00
0.323180	125.00
0.323200	124.00
0.323220	124.00
0.323240	124.00
0.323260	125.00
0.323280	126.00
0.323300	125.00
0.323320	125.00
0.323340	125.00
0.323360	126.00
0.323380	125.00
0.323400	125.00
0.323420	124.00
0.323440	124.00
0.323460	125.00
0.323480	125.00
0.323500	125.00
0.323520	124.00
0.323540	124.00
0.323560	124.00
0.323580	125.00
0.323600	125.00
0.323620	125.00
0.323640	125.00
0.323660	125.00
0.323680	125.00
0.323700	124.00
0.323720	124.00
0.323740	124.00
0.323760	125.00
0.323780	125.00
0.323800	124.00
0.323820	124.00
0.323840	124.00
0.323860	124.00
0.323880	125.00
0.323900	125.00
0.323920	125.00
0.323940	125.00
0.323960	126.00
0.323980	126.00
0.324000	125.00
0.324020	124.00
0.324040	124.00
0.324060	125.00
0.324080	125.00
0.324100	124.00
0.324120	124.00
0.324140	124.00
0.324160	125.00
0.324180	125.00
0.324200	125.00
0.324220	125.00
0.324240	125.00
0.324260	125.00
0.324280	125.00
0.324300	125.00
0.324320	125.00
0.324340	125.00
0.324360	126.00
0.324380	126.00
0.324400	125.00
0.324420	124.00
0.324440	125.00
0.324460	125.00
0.324480	125.00
0.324500	124.00
0.324520	124.00
0.324540	124.00
0.324560	125.00
0.324580	125.00
0.324600	125.00
0.324620	125.00
0.324640	125.00
0.324660	125.00
0.324680	125.00
0.324700	124.00
0.324720	124.00
0.324740	124.00
0.324760	125.00
0.324780	125.00
0.324800	124.00
0.324820	124.00
0.324840	123.00
0.324860	123.00
0.324880	122.00
0.324900	121.00
0.324920	120.00
0.324940	121.00
0.324960	123.00
0.324980	124.00
0.325000	126.00
0.325020	128.00
0.325040	131.00
0.325060	135.00
0.325080	138.00
0.325100	141.00
0.325120	143.00
0.325140	143.00
0.325160	141.00
0.325180	135.00
0.325200	127.00
0.325220	117.00
0.325240	108.00
0.325260	100.00
0.325280	94.00
0.325300	88.00
0.325320	85.00
0.325340	85.00
0.325360	89.00
0.325380	97.00
0.325400	109.00
0.325420	125.00
0.325440	142.00
0.325460	158.00
0.325480	170.00
0.325500	179.00
0.325520	184.00
0.325540	186.00
0.325560	185.00
0.325580	179.00
0.325600	167.00
0.325620	149.00
0.325640	126.00
0.325660	100.00
0.325680	74.00
0.325700	49.00
0.325720	30.00
0.325740	19.00
0.325760	16.00
0.325780	23.00
0.325800	39.00
0.325820	66.00
0.325840	102.00
0.325860	144.00
0.325880	186.00
0.325900	220.00
0.325920	242.00
0.325940	252.00
0.325960	252.00
0.325980	245.00
0.326000	230.00
0.326020	204.00
0.326040	162.00
0.326060	108.00
0.326080	52.00
0.326100	11.00
0.326120	0.00
0.326140	0.00
0.326160	6.00
0.326180	4.00
0.326200	0.00
0.326220	0.00
0.326240	28.00
0.326260	84.00
0.326280	150.00
0.326300	207.00
0.326320	241.00
0.326340	255.00
0.326360	255.00
0.326380	255.00
0.326400	255.00
0.326420	247.00
0.326440	227.00
0.326460	191.00
0.326480	140.00
0.326500	83.00
0.326520	34.00
0.326540	5.00
0.326560	0.00
0.326580	1.00
0.326600	3.00
0.326620	0.00
0.326640	0.00
0.326660	13.00
0.326680	50.00
0.326700	101.00
0.326720	154.00
0.326740	195.00
0.326760	223.00
0.326780	237.00
0.326800	243.00
0.326820	242.00
0.326840	233.00
0.326860	216.00
0.326880	193.00
0.326900	163.00
0.326920	130.00
0.326940	96.00
0.326960	66.00
0.326980	43.00
0.327000	28.00
0.327020	22.00
0.327040	24.00
0.327060	35.00
0.327080	53.00
0.327100	75.00
0.327120	100.00
0.327140	125.00
0.327160	148.00
0.327180	167.00
0.327200	182.00
0.327220	190.00
0.327240	192.00
0.327260	188.00
0.327280	179.00
0.327300	167.00
0.327320	153.00
0.327340	137.00
0.327360	120.00
0.327380	105.00
0.327400	94.00
0.327420	86.00
0.327440	83.00
0.327460	83.00
0.327480	86.00
0.327500	92.00
0.327520	100.00
0.327540	110.00
0.327560	120.00
0.327580	130.00
0.327600	138.00
0.327620	145.00
0.327640	150.00
0.327660	152.00
0.327680	151.00
0.327700	148.00
0.327720	144.00
0.327740	138.00
0.327760	132.00
0.327780	126.00
0.327800	120.00
0.327820	114.00
0.327840	110.00
0.327860	108.00
0.327880	107.00
0.327900	108.00
0.327920	110.00
0.327940	113.00
0.327960	116.00
0.327980	120.00
0.328000	124.00
0.328020	128.00
0.328040	131.00
0.328060	134.00
0.328080	136.00
0.328100	136.00
0.328120	136.00
0.328140	135.00
0.328160	134.00
0.328180	131.00
0.328200	128.00
0.328220	125.00
0.328240	122.00
0.328260	121.00
0.328280	119.00
0.328300	118.00
0.328320	118.00
0.328340	118.00
0.328360	119.00
0.328380	120.00
0.328400	121.00
0.328420	123.00
0.328440	125.00
0.328460	127.00
0.328480	128.00
0.328500	129.00
0.328520	129.00
0.328540	129.00
0.328560	129.00
0.328580	129.00
0.328600	128.00
0.328620	127.00
0.328640	125.00
0.328660	124.00
0.328680	124.00
0.328700	124.00
0.328720	123.00
0.328740	122.00
0.328760	122.00
0.328780	123.00
0.328800	123.00
0.328820	124.00
0.328840	125.00
0.328860	125.00
0.328880	126.00
0.328900	126.00
0.328920	126.00
0.328940	126.00
0.328960	126.00
0.328980	126.00
0.329000	126.00
0.329020	125.00
0.329040	125.00
0.329060	125.00
0.329080	125.00
0.329100	124.00
0.329120	124.00
0.329140	124.00
0.329160	124.00
0.329180	125.00
0.329200	125.00
0.329220	125.00
0.329240	125.00
0.329260	126.00
0.329280	126.00
0.329300	126.00
0.329320	126.00
0.329340	125.00
0.329360	125.00
0.329380	126.00
0.329400	126.00
0.329420	125.00
0.329440	124.00
0.329460	124.00
0.329480	123.00
0.329500	123.00
0.329520	123.00
0.329540	123.00
0.329560	124.00
0.329580	124.00
0.329600	124.00
0.329620	125.00
0.329640	125.00
0.329660	126.00
0.329680	126.00
0.329700	126.00
0.329720	126.00
0.329740	126.00
0.329760	127.00
0.329780	127.00
0.329800	127.00
0.329820	126.00
0.329840	125.00
0.329860	124.00
0.329880	124.00
0.329900	124.00
0.329920	124.00
0.329940	124.00
0.329960	124.00
0.329980	124.00
0.330000	124.00
0.330020	124.00
0.330040	125.00
0.330060	125.00
0.330080	125.00
0.330100	126.00
0.330120	126.00
0.330140	127.00
0.330160	127.00
0.330180	127.00
0.330200	127.00
0.330220	126.00
0.330240	126.00
0.330260	125.00
0.330280	125.00
0.330300	124.00
0.330320	124.00
0.330340	124.00
0.330360	124.00
0.330380	124.00
0.330400	124.00
0.330420	124.00
0.330440	124.00
0.330460	125.00
0.330480	125.00
0.330500	125.00
0.330520	125.00
0.330540	125.00
0.330560	125.00
0.330580	125.00
0.330600	125.00
0.330620	125.00
0.330640	124.00
0.330660	124.00
0.330680	124.00
0.330700	124.00
0.330720	124.00
0.330740	124.00
0.330760	124.00
0.330780	124.00
0.330800	125.00
0.330820	125.00
0.330840	125.00
0.330860	126.00
0.330880	126.00
0.330900	126.00
0.330920	126.00
0.330940	126.00
0.330960	126.00
0.330980	126.00
0.331000	126.00
0.331020	126.00
0.331040	126.00
0.331060	125.00
0.331080	125.00
0.331100	125.00
0.331120	124.00
0.331140	124.00
0.331160	125.00
0.331180	125.00
0.331200	125.00
0.331220	124.00
0.331240	124.00
0.331260	124.00
0.331280	124.00
0.331300	123.00
0.331320	123.00
0.331340	123.00
0.331360	123.00
0.331380	124.00
0.331400	125.00
0.331420	126.00
0.331440	127.00
0.331460	128.00
0.331480	129.00
0.331500	130.00
0.331520	130.00
0.331540	130.00
0.331560	130.00
0.331580	129.00
0.331600	127.00
0.331620	125.00
0.331640	122.00
0.331660	120.00
0.331680	118.00
0.331700	117.00
0.331720	117.00
0.331740	117.00
0.331760	117.00
0.331780	118.00
0.331800	120.00
0.331820	122.00
0.331840	125.00
0.331860	128.00
0.331880	131.00
0.331900	134.00
0.331920	137.00
0.331940	140.00
0.331960	140.00
0.331980	140.00
0.332000	137.00
0.332020	134.00
0.332040	129.00
0.332060	124.00
0.332080	117.00
0.332100	110.00
0.332120	105.00
0.332140	101.00
0.332160	100.00
0.332180	101.00
0.332200	104.00
0.332220	110.00
0.332240	117.00
0.332260	126.00
0.332280	134.00
0.332300	142.00
0.332320	149.00
0.332340	154.00
0.332360	157.00
0.332380	157.00
0.332400	153.00
0.332420	147.00
0.332440	138.00
0.332460	128.00
0.332480	118.00
0.332500	108.00
0.332520	99.00
0.332540	93.00
0.332560	90.00
0.332580	90.00
0.332600	93.00
0.332620	99.00
0.332640	107.00
0.332660	116.00
0.332680	126.00
0.332700	136.00
0.332720	145.00
0.332740	151.00
0.332760	155.00
0.332780	156.00
0.332800	154.00
0.332820	150.00
0.332840	145.00
0.332860	138.00
0.332880	130.00
0.332900	121.00
0.332920	113.00
0.332940	106.00
0.332960	102.00
0.332980	100.00
0.333000	100.00
0.333020	102.00
0.333040	106.00
0.333060	112.00
0.333080	118.00
0.333100	124.00
0.333120	130.00
0.333140	135.00
0.333160	139.00
0.333180	142.00
0.333200	143.00
0.333220	142.00
0.333240	140.00
0.333260	137.00
0.333280	133.00
0.333300	129.00
0.333320	124.00
0.333340	120.00
0.333360	117.00
0.333380	115.00
0.333400	113.00
0.333420	112.00
0.333440	113.00
0.333460	115.00
0.333480	117.00
0.333500	120.00
0.333520	123.00
0.333540	126.00
0.333560	128.00
0.333580	130.00
0.333600	131.00
0.333620	132.00
0.333640	132.00
0.333660	131.00
0.333680	130.00
0.333700	129.00
0.333720	127.00
0.333740	126.00
0.333760	124.00
0.333780	123.00
0.333800	122.00
0.333820	121.00
0.333840	120.00
0.333860	120.00
0.333880	120.00
0.333900	121.00
0.333920	122.00
0.333940	124.00
0.333960	125.00
0.333980	126.00
0.334000	126.00
0.334020	127.00
0.334040	128.00
0.334060	128.00
0.334080	128.00
0.334100	128.00
0.334120	127.00
0.334140	127.00
0.334160	126.00
0.334180	125.00
0.334200	125.00
0.334220	124.00
0.334240	123.00
0.334260	123.00
0.334280	123.00
0.334300	124.00
0.334320	124.00
0.334340	124.00
0.334360	124.00
0.334380	125.00
0.334400	125.00
0.334420	125.00
0.334440	126.00
0.334460	126.00
0.334480	126.00
0.334500	126.00
0.334520	126.00
0.334540	126.00
0.334560	126.00
0.334580	126.00
0.334600	126.00
0.334620	125.00
0.334640	125.00
0.334660	125.00
0.334680	125.00
0.334700	124.00
0.334720	124.00
0.334740	124.00
0.334760	124.00
0.334780	124.00
0.334800	125.00
0.334820	125.00
0.334840	124.00
0.334860	124.00
0.334880	125.00
0.334900	125.00
0.334920	125.00
0.334940	125.00
0.334960	126.00
0.334980	126.00
0.335000	126.00
0.335020	126.00
0.335040	126.00
0.335060	126.00
0.335080	125.00
0.335100	125.00
0.335120	125.00
0.335140	124.00
0.335160	124.00
0.335180	124.00
0.335200	123.00
0.335220	123.00
0.335240	123.00
0.335260	123.00
0.335280	124.00
0.335300	124.00
0.335320	124.00
0.335340	125.00
0.335360	125.00
0.335380	125.00
0.335400	125.00
0.335420	125.00
0.335440	126.00
0.335460	126.00
0.335480	126.00
0.335500	125.00
0.335520	125.00
0.335540	125.00
0.335560	125.00
0.335580	125.00
0.335600	124.00
0.335620	123.00
0.335640	123.00
0.335660	123.00
0.335680	123.00
0.335700	123.00
0.335720	123.00
0.335740	124.00
0.335760	125.00
0.335780	125.00
0.335800	125.00
0.335820	125.00
0.335840	125.00
0.335860	126.00
0.335880	126.00
0.335900	126.00
0.335920	126.00
0.335940	126.00
0.335960	126.00
0.335980	126.00
0.336000	125.00
0.336020	124.00
0.336040	123.00
0.336060	123.00
0.336080	123.00
0.336100	123.00
0.336120	123.00
0.336140	123.00
0.336160	124.00
0.336180	125.00
0.336200	125.00
0.336220	125.00
0.336240	125.00
0.336260	125.00
0.336280	125.00
0.336300	125.00
0.336320	125.00
0.336340	125.00
0.336360	126.00
0.336380	126.00
0.336400	125.00
0.336420	125.00
0.336440	125.00
0.336460	125.00
0.336480	125.00
0.336500	124.00
0.336520	124.00
0.336540	124.00
0.336560	124.00
0.336580	124.00
0.336600	125.00
0.336620	125.00
0.336640	125.00
0.336660	125.00
0.336680	125.00
0.336700	125.00
0.336720	125.00
0.336740	125.00
0.336760	125.00
0.336780	125.00
0.336800	125.00
0.336820	125.00
0.336840	125.00
0.336860	125.00
0.336880	125.00
0.336900	124.00
0.336920	124.00
0.336940	124.00
0.336960	125.00
0.336980	125.00
0.337000	125.00
0.337020	126.00
0.337040	126.00
0.337060	126.00
0.337080	126.00
0.337100	126.00
0.337120	126.00
0.337140	125.00
0.337160	125.00
0.337180	125.00
0.337200	125.00
0.337220	125.00
0.337240	125.00
0.337260	125.00
0.337280	125.00
0.337300	125.00
0.337320	125.00
0.337340	125.00
0.337360	126.00
0.337380	126.00
0.337400	126.00
0.337420	125.00
0.337440	125.00
0.337460	125.00
0.337480	125.00
0.337500	125.00
0.337520	124.00
0.337540	124.00
0.337560	124.00
0.337580	124.00
0.337600	124.00
0.337620	124.00
0.337640	124.00
0.337660	125.00
0.337680	126.00
0.337700	126.00
0.337720	126.00
0.337740	126.00
0.337760	127.00
0.337780	127.00
0.337800	127.00
0.337820	126.00
0.337840	125.00
0.337860	125.00
0.337880	124.00
0.337900	123.00
0.337920	123.00
0.337940	122.00
0.337960	122.00
0.337980	122.00
0.338000	123.00
0.338020	124.00
0.338040	124.00
0.338060	124.00
0.338080	125.00
0.338100	127.00
0.338120	128.00
0.338140	129.00
0.338160	130.00
0.338180	130.00
0.338200	130.00
0.338220	130.00
0.338240	128.00
0.338260	126.00
0.338280	124.00
0.338300	121.00
0.338320	119.00
0.338340	118.00
0.338360	117.00
0.338380	117.00
0.338400	117.00
0.338420	118.00
0.338440	120.00
0.338460	122.00
0.338480	125.00
0.338500	127.00
0.338520	130.00
0.338540	132.00
0.338560	134.00
0.338580	135.00
0.338600	134.00
0.338620	133.00
0.338640	131.00
0.338660	128.00
0.338680	125.00
0.338700	122.00
0.338720	119.00
0.338740	117.00
0.338760	116.00
0.338780	115.00
0.338800	115.00
0.338820	116.00
0.338840	118.00
0.338860	120.00
0.338880	123.00
0.338900	125.00
0.338920	127.00
0.338940	129.00
0.338960	131.00
0.338980	133.00
0.339000	133.00
0.339020	132.00
0.339040	131.00
0.339060	129.00
0.339080	127.00
0.339100	125.00
0.339120	123.00
0.339140	122.00
0.339160	120.00
0.339180	120.00
0.339200	119.00
0.339220	119.00
0.339240	120.00
0.339260	122.00
0.339280	123.00
0.339300	124.00
0.339320	125.00
0.339340	126.00
0.339360	127.00
0.339380	128.00
0.339400	129.00
0.339420	129.00
0.339440	129.00
0.339460	128.00
0.339480	127.00
0.339500	126.00
0.339520	124.00
0.339540	124.00
0.339560	123.00
0.339580	122.00
0.339600	122.00
0.339620	122.00
0.339640	123.00
0.339660	123.00
0.339680	124.00
0.339700	125.00
0.339720	125.00
0.339740	126.00
0.339760	126.00
0.339780	126.00
0.339800	126.00
0.339820	126.00
0.339840	125.00
0.339860	125.00
0.339880	125.00
0.339900	125.00
0.339920	124.00
0.339940	124.00
0.339960	124.00
0.339980	124.00
0.340000	124.00
0.340020	124.00
0.340040	124.00
0.340060	124.00
0.340080	124.00
0.340100	124.00
0.340120	124.00
0.340140	124.00
0.340160	125.00
0.340180	125.00
0.340200	125.00
0.340220	125.00
0.340240	125.00
0.340260	125.00
0.340280	125.00
0.340300	125.00
0.340320	125.00
0.340340	125.00
0.340360	125.00
0.340380	125.00
0.340400	125.00
0.340420	125.00
0.340440	124.00
0.340460	124.00
0.340480	124.00
0.340500	124.00
0.340520	124.00
0.340540	124.00
0.340560	124.00
0.340580	125.00
0.340600	125.00
0.340620	125.00
0.340640	125.00
0.340660	126.00
0.340680	126.00
0.340700	126.00
0.340720	125.00
0.340740	125.00
0.340760	125.00
0.340780	125.00
0.340800	125.00
0.340820	125.00
0.340840	125.00
0.340860	125.00
0.340880	125.00
0.340900	124.00
0.340920	124.00
0.340940	124.00
0.340960	124.00
0.340980	124.00
0.341000	124.00
0.341020	124.00
0.341040	124.00
0.341060	124.00
0.341080	125.00
0.341100	125.00
0.341120	125.00
0.341140	125.00
0.341160	125.00
0.341180	125.00
0.341200	125.00
0.341220	126.00
0.341240	126.00
0.341260	126.00
0.341280	126.00
0.341300	125.00
0.341320	125.00
0.341340	124.00
0.341360	124.00
0.341380	124.00
0.341400	124.00
0.341420	124.00
0.341440	124.00
0.341460	125.00
0.341480	125.00
0.341500	125.00
0.341520	125.00
0.341540	125.00
0.341560	126.00
0.341580	126.00
0.341600	126.00
0.341620	126.00
0.341640	125.00
0.341660	125.00
0.341680	125.00
0.341700	125.00
0.341720	125.00
0.341740	125.00
0.341760	125.00
0.341780	124.00
0.341800	124.00
0.341820	124.00
0.341840	124.00
0.341860	124.00
0.341880	124.00
0.341900	124.00
0.341920	125.00
0.341940	125.00
0.341960	125.00
0.341980	125.00
0.342000	126.00
0.342020	126.00
0.342040	126.00
0.342060	126.00
0.342080	126.00
0.342100	126.00
0.342120	125.00
0.342140	125.00
0.342160	125.00
0.342180	125.00
0.342200	125.00
0.342220	125.00
0.342240	125.00
0.342260	125.00
0.342280	124.00
0.342300	124.00
0.342320	124.00
0.342340	124.00
0.342360	124.00
0.342380	124.00
0.342400	124.00
0.342420	124.00
0.342440	125.00
0.342460	125.00
0.342480	126.00
0.342500	126.00
0.342520	125.00
0.342540	125.00
0.342560	125.00
0.342580	125.00
0.342600	125.00
0.342620	125.00
0.342640	125.00
0.342660	125.00
0.342680	125.00
0.342700	125.00
0.342720	125.00
0.342740	124.00
0.342760	124.00
0.342780	124.00
0.342800	125.00
0.342820	125.00
0.342840	125.00
0.342860	124.00
0.342880	124.00
0.342900	124.00
0.342920	124.00
0.342940	124.00
0.342960	125.00
0.342980	125.00
0.343000	125.00
0.343020	125.00
0.343040	125.00
0.343060	125.00
0.343080	125.00
0.343100	124.00
0.343120	125.00
0.343140	125.00
0.343160	125.00
0.343180	125.00
0.343200	125.00
0.343220	125.00
0.343240	125.00
0.343260	125.00
0.343280	124.00
0.343300	124.00
0.343320	124.00
0.343340	124.00
0.343360	124.00
0.343380	124.00
0.343400	124.00
0.343420	125.00
0.343440	125.00
0.343460	125.00
0.343480	125.00
0.343500	125.00
0.343520	125.00
0.343540	126.00
0.343560	126.00
0.343580	126.00
0.343600	125.00
0.343620	124.00
0.343640	124.00
0.343660	124.00
0.343680	124.00
0.343700	124.00
0.343720	123.00
0.343740	123.00
0.343760	123.00
0.343780	124.00
0.343800	124.00
0.343820	125.00
0.343840	125.00
0.343860	125.00
0.343880	126.00
0.343900	126.00
0.343920	126.00
0.343940	126.00
0.343960	126.00
0.343980	126.00
0.344000	126.00
0.344020	126.00
0.344040	126.00
0.344060	125.00
0.344080	125.00
0.344100	124.00
0.344120	123.00
0.344140	123.00
0.344160	123.00
0.344180	123.00
0.344200	123.00
0.344220	124.00
0.344240	124.00
0.344260	124.00
0.344280	124.00
0.344300	124.00
0.344320	125.00
0.344340	126.00
0.344360	127.00
0.344380	128.00
0.344400	127.00
0.344420	127.00
0.344440	127.00
0.344460	127.00
0.344480	127.00
0.344500	126.00
0.344520	125.00
0.344540	124.00
0.344560	123.00
0.344580	123.00
0.344600	122.00
0.344620	122.00
0.344640	122.00
0.344660	122.00
0.344680	123.00
0.344700	124.00
0.344720	125.00
0.344740	125.00
0.344760	126.00
0.344780	127.00
0.344800	128.00
0.344820	128.00
0.344840	128.00
0.344860	128.00
0.344880	128.00
0.344900	127.00
0.344920	126.00
0.344940	124.00
0.344960	124.00
0.344980	123.00
0.345000	123.00
0.345020	122.00
0.345040	121.00
0.345060	121.00
0.345080	121.00
0.345100	122.00
0.345120	122.00
0.345140	122.00
0.345160	123.00
0.345180	124.00
0.345200	125.00
0.345220	126.00
0.345240	127.00
0.345260	128.00
0.345280	128.00
0.345300	128.00
0.345320	127.00
0.345340	127.00
0.345360	126.00
0.345380	125.00
0.345400	125.00
0.345420	125.00
0.345440	124.00
0.345460	124.00
0.345480	124.00
0.345500	123.00
0.345520	123.00
0.345540	122.00
0.345560	123.00
0.345580	123.00
0.345600	124.00
0.345620	124.00
0.345640	124.00
0.345660	125.00
0.345680	126.00
0.345700	126.00
0.345720	126.00
0.345740	126.00
0.345760	126.00
0.345780	126.00
0.345800	126.00
0.345820	126.00
0.345840	126.00
0.345860	126.00
0.345880	126.00
0.345900	125.00
0.345920	125.00
0.345940	124.00
0.345960	124.00
0.345980	124.00
0.346000	124.00
0.346020	124.00
0.346040	124.00
0.346060	124.00
0.346080	124.00
0.346100	125.00
0.346120	125.00
0.346140	125.00
0.346160	125.00
0.346180	125.00
0.346200	126.00
0.346220	126.00
0.346240	126.00
0.346260	126.00
0.346280	126.00
0.346300	126.00
0.346320	125.00
0.346340	125.00
0.346360	125.00
0.346380	124.00
0.346400	124.00
0.346420	124.00
0.346440	124.00
0.346460	124.00
0.346480	124.00
0.346500	124.00
0.346520	124.00
0.346540	124.00
0.346560	125.00
0.346580	125.00
0.346600	125.00
0.346620	125.00
0.346640	125.00
0.346660	125.00
0.346680	125.00
0.346700	125.00
0.346720	125.00
0.346740	125.00
0.346760	125.00
0.346780	125.00
0.346800	125.00
0.346820	124.00
0.346840	124.00
0.346860	124.00
0.346880	124.00
0.346900	125.00
0.346920	125.00
0.346940	125.00
0.346960	125.00
0.346980	125.00
0.347000	124.00
0.347020	124.00
0.347040	125.00
0.347060	125.00
0.347080	125.00
0.347100	125.00
0.347120	125.00
0.347140	125.00
0.347160	125.00
0.347180	125.00
0.347200	125.00
0.347220	125.00
0.347240	125.00
0.347260	125.00
0.347280	125.00
0.347300	125.00
0.347320	125.00
0.347340	125.00
0.347360	125.00
0.347380	126.00
0.347400	126.00
0.347420	126.00
0.347440	126.00
0.347460	125.00
0.347480	125.00
0.347500	125.00
0.347520	125.00
0.347540	125.00
0.347560	125.00
0.347580	125.00
0.347600	125.00
0.347620	125.00
0.347640	124.00
0.347660	124.00
0.347680	124.00
0.347700	125.00
0.347720	125.00
0.347740	125.00
0.347760	125.00
0.347780	125.00
0.347800	125.00
0.347820	125.00
0.347840	125.00
0.347860	125.00
0.347880	124.00
0.347900	125.00
0.347920	125.00
0.347940	125.00
0.347960	125.00
0.347980	124.00
0.348000	124.00
0.348020	124.00
0.348040	125.00
0.348060	126.00
0.348080	126.00
0.348100	125.00
0.348120	125.00
0.348140	125.00
0.348160	126.00
0.348180	126.00
0.348200	125.00
0.348220	125.00
0.348240	125.00
0.348260	125.00
0.348280	125.00
0.348300	125.00
0.348320	125.00
0.348340	125.00
0.348360	126.00
0.348380	125.00
0.348400	125.00
0.348420	124.00
0.348440	124.00
0.348460	124.00
0.348480	125.00
0.348500	125.00
0.348520	125.00
0.348540	125.00
0.348560	126.00
0.348580	126.00
0.348600	125.00
0.348620	125.00
0.348640	124.00
0.348660	124.00
0.348680	124.00
0.348700	124.00
0.348720	124.00
0.348740	125.00
0.348760	125.00
0.348780	125.00
0.348800	125.00
0.348820	124.00
0.348840	124.00
0.348860	124.00
0.348880	125.00
0.348900	125.00
0.348920	125.00
0.348940	125.00
0.348960	125.00
0.348980	125.00
0.349000	125.00
0.349020	125.00
0.349040	124.00
0.349060	124.00
0.349080	125.00
0.349100	125.00
0.349120	126.00
0.349140	125.00
0.349160	125.00
0.349180	125.00
0.349200	125.00
0.349220	125.00
0.349240	125.00
0.349260	125.00
0.349280	125.00
0.349300	125.00
0.349320	125.00
0.349340	125.00
0.349360	125.00
0.349380	125.00
0.349400	124.00
0.349420	124.00
0.349440	124.00
0.349460	125.00
0.349480	125.00
0.349500	125.00
0.349520	125.00
0.349540	125.00
0.349560	125.00
0.349580	125.00
0.349600	125.00
0.349620	124.00
0.349640	124.00
0.349660	124.00
0.349680	125.00
0.349700	125.00
0.349720	125.00
0.349740	124.00
0.349760	124.00
0.349780	124.00
0.349800	125.00
0.349820	125.00
0.349840	125.00
0.349860	124.00
0.349880	124.00
0.349900	124.00
0.349920	125.00
0.349940	125.00
0.349960	125.00
0.349980	124.00
0.350000	124.00
0.350020	124.00
0.350040	124.00
0.350060	125.00
0.350080	125.00
0.350100	125.00
0.350120	125.00
0.350140	125.00
0.350160	125.00
0.350180	125.00
0.350200	125.00
0.350220	125.00
0.350240	125.00
0.350260	125.00
0.350280	124.00
0.350300	124.00
0.350320	124.00
0.350340	124.00
0.350360	125.00
0.350380	125.00
0.350400	125.00
0.350420	125.00
0.350440	125.00
0.350460	125.00
0.350480	125.00
0.350500	125.00
0.350520	125.00
0.350540	125.00
0.350560	125.00
0.350580	125.00
0.350600	125.00
0.350620	125.00
0.350640	125.00
0.350660	125.00
0.350680	126.00
0.350700	126.00
0.350720	126.00
0.350740	125.00
0.350760	125.00
0.350780	124.00
0.350800	124.00
0.350820	124.00
0.350840	124.00
0.350860	123.00
0.350880	123.00
0.350900	123.00
0.350920	124.00
0.350940	125.00
0.350960	125.00
0.350980	125.00
0.351000	126.00
0.351020	126.00
0.351040	127.00
0.351060	127.00
0.351080	127.00
0.351100	126.00
0.351120	126.00
0.351140	126.00
0.351160	126.00
0.351180	126.00
0.351200	125.00
0.351220	124.00
0.351240	124.00
0.351260	123.00
0.351280	123.00
0.351300	122.00
0.351320	122.00
0.351340	123.00
0.351360	123.00
0.351380	123.00
0.351400	124.00
0.351420	125.00
0.351440	125.00
0.351460	126.00
0.351480	127.00
0.351500	127.00
0.351520	127.00
0.351540	127.00
0.351560	127.00
0.351580	127.00
0.351600	126.00
0.351620	125.00
0.351640	125.00
0.351660	124.00
0.351680	124.00
0.351700	124.00
0.351720	123.00
0.351740	123.00
0.351760	123.00
0.351780	123.00
0.351800	124.00
0.351820	124.00
0.351840	125.00
0.351860	125.00
0.351880	125.00
0.351900	125.00
0.351920	126.00
0.351940	126.00
0.351960	126.00
0.351980	126.00
0.352000	126.00
0.352020	126.00
0.352040	126.00
0.352060	126.00
0.352080	125.00
0.352100	125.00
0.352120	125.00
0.352140	124.00
0.352160	124.00
0.352180	124.00
0.352200	124.00
0.352220	124.00
0.352240	124.00
0.352260	124.00
0.352280	124.00
0.352300	125.00
0.352320	125.00
0.352340	125.00
0.352360	125.00
0.352380	125.00
0.352400	125.00
0.352420	126.00
0.352440	126.00
0.352460	126.00
0.352480	126.00
0.352500	125.00
0.352520	125.00
0.352540	125.00
0.352560	125.00
0.352580	125.00
0.352600	124.00
0.352620	124.00
0.352640	124.00
0.352660	124.00
0.352680	124.00
0.352700	124.00
0.352720	125.00
0.352740	125.00
0.352760	125.00
0.352780	125.00
0.352800	125.00
0.352820	125.00
0.352840	125.00
0.352860	125.00
0.352880	125.00
0.352900	125.00
0.352920	125.00
0.352940	125.00
0.352960	125.00
0.352980	125.00
0.353000	124.00
0.353020	123.00
0.353040	123.00
0.353060	124.00
0.353080	124.00
0.353100	124.00
0.353120	124.00
0.353140	124.00
0.353160	125.00
0.353180	126.00
0.353200	126.00
0.353220	126.00
0.353240	126.00
0.353260	125.00
0.353280	125.00
0.353300	125.00
0.353320	125.00
0.353340	125.00
0.353360	124.00
0.353380	124.00
0.353400	124.00
0.353420	124.00
0.353440	124.00
0.353460	124.00
0.353480	124.00
0.353500	124.00
0.353520	124.00
0.353540	124.00
0.353560	124.00
0.353580	125.00
0.353600	126.00
0.353620	126.00
0.353640	126.00
0.353660	126.00
0.353680	126.00
0.353700	126.00
0.353720	126.00
0.353740	125.00
0.353760	125.00
0.353780	125.00
0.353800	124.00
0.353820	124.00
0.353840	124.00
0.353860	125.00
0.353880	125.00
0.353900	125.00
0.353920	125.00
0.353940	125.00
0.353960	125.00
0.353980	125.00
0.354000	125.00
0.354020	125.00
0.354040	125.00
0.354060	125.00
0.354080	126.00
0.354100	126.00
0.354120	126.00
0.354140	126.00
0.354160	125.00
0.354180	124.00
0.354200	124.00
0.354220	124.00
0.354240	125.00
0.354260	125.00
0.354280	125.00
0.354300	125.00
0.354320	125.00
0.354340	125.00
0.354360	125.00
0.354380	125.00
0.354400	125.00
0.354420	125.00
0.354440	125.00
0.354460	125.00
0.354480	125.00
0.354500	125.00
0.354520	124.00
0.354540	124.00
0.354560	124.00
0.354580	124.00
0.354600	124.00
0.354620	124.00
0.354640	124.00
0.354660	124.00
0.354680	124.00
0.354700	124.00
0.354720	125.00
0.354740	125.00
0.354760	126.00
0.354780	126.00
0.354800	126.00
0.354820	125.00
0.354840	125.00
0.354860	125.00
0.354880	125.00
0.354900	125.00
0.354920	125.00
0.354940	125.00
0.354960	125.00
0.354980	125.00
0.355000	125.00
0.355020	124.00
0.355040	124.00
0.355060	124.00
0.355080	124.00
0.355100	124.00
0.355120	124.00
0.355140	124.00
0.355160	125.00
0.355180	125.00
0.355200	125.00
0.355220	125.00
0.355240	125.00
0.355260	125.00
0.355280	125.00
0.355300	124.00
0.355320	124.00
0.355340	124.00
0.355360	124.00
0.355380	124.00
0.355400	124.00
0.355420	124.00
0.355440	124.00
0.355460	125.00
0.355480	125.00
0.355500	125.00
0.355520	125.00
0.355540	125.00
0.355560	125.00
0.355580	125.00
0.355600	125.00
0.355620	125.00
0.355640	125.00
0.355660	125.00
0.355680	125.00
0.355700	125.00
0.355720	124.00
0.355740	124.00
0.355760	124.00
0.355780	124.00
0.355800	125.00
0.355820	125.00
0.355840	124.00
0.355860	124.00
0.355880	124.00
0.355900	125.00
0.355920	125.00
0.355940	125.00
0.355960	125.00
0.355980	125.00
0.356000	126.00
0.356020	126.00
0.356040	126.00
0.356060	125.00
0.356080	125.00
0.356100	125.00
0.356120	125.00
0.356140	125.00
0.356160	124.00
0.356180	124.00
0.356200	124.00
0.356220	124.00
0.356240	124.00
0.356260	124.00
0.356280	124.00
0.356300	124.00
0.356320	124.00
0.356340	125.00
0.356360	125.00
0.356380	125.00
0.356400	125.00
0.356420	125.00
0.356440	125.00
0.356460	125.00
0.356480	125.00
0.356500	125.00
0.356520	125.00
0.356540	125.00
0.356560	125.00
0.356580	124.00
0.356600	124.00
0.356620	124.00
0.356640	124.00
0.356660	125.00
0.356680	125.00
0.356700	125.00
0.356720	125.00
0.356740	125.00
0.356760	125.00
0.356780	125.00
0.356800	125.00
0.356820	125.00
0.356840	125.00
0.356860	126.00
0.356880	126.00
0.356900	126.00
0.356920	126.00
0.356940	126.00
0.356960	126.00
0.356980	125.00
0.357000	124.00
0.357020	124.00
0.357040	124.00
0.357060	124.00
0.357080	124.00
0.357100	124.00
0.357120	123.00
0.357140	123.00
0.357160	123.00
0.357180	124.00
0.357200	125.00
0.357220	125.00
0.357240	125.00
0.357260	126.00
0.357280	126.00
0.357300	126.00
0.357320	126.00
0.357340	126.00
0.357360	126.00
0.357380	126.00
0.357400	126.00
0.357420	125.00
0.357440	124.00
0.357460	123.00
0.357480	123.00
0.357500	123.00
0.357520	123.00
0.357540	123.00
0.357560	123.00
0.357580	122.00
0.357600	122.00
0.357620	123.00
0.357640	124.00
0.357660	125.00
0.357680	126.00
0.357700	127.00
0.357720	127.00
0.357740	127.00
0.357760	126.00
0.357780	126.00
0.357800	126.00
0.357820	126.00
0.357840	125.00
0.357860	125.00
0.357880	124.00
0.357900	124.00
0.357920	123.00
0.357940	123.00
0.357960	123.00
0.357980	123.00
0.358000	123.00
0.358020	123.00
0.358040	123.00
0.358060	124.00
0.358080	125.00
0.358100	126.00
0.358120	126.00
0.358140	126.00
0.358160	126.00
0.358180	126.00
0.358200	126.00
0.358220	126.00
0.358240	126.00
0.358260	126.00
0.358280	125.00
0.358300	125.00
0.358320	124.00
0.358340	123.00
0.358360	123.00
0.358380	123.00
0.358400	123.00
0.358420	123.00
0.358440	124.00
0.358460	124.00
0.358480	125.00
0.358500	125.00
0.358520	125.00
0.358540	125.00
0.358560	125.00
0.358580	126.00
0.358600	126.00
0.358620	126.00
0.358640	126.00
0.358660	126.00
0.358680	126.00
0.358700	126.00
0.358720	126.00
0.358740	125.00
0.358760	124.00
0.358780	124.00
0.358800	124.00
0.358820	124.00
0.358840	124.00
0.358860	124.00
0.358880	124.00
0.358900	125.00
0.358920	125.00
0.358940	125.00
0.358960	125.00
0.358980	125.00
0.359000	125.00
0.359020	126.00
0.359040	126.00
0.359060	126.00
0.359080	125.00
0.359100	125.00
0.359120	125.00
0.359140	125.00
0.359160	125.00
0.359180	125.00
0.359200	125.00
0.359220	124.00
0.359240	123.00
0.359260	123.00
0.359280	123.00
0.359300	124.00
0.359320	124.00
0.359340	125.00
0.359360	125.00
0.359380	125.00
0.359400	126.00
0.359420	126.00
0.359440	126.00
0.359460	126.00
0.359480	126.00
0.359500	126.00
0.359520	126.00
0.359540	126.00
0.359560	126.00
0.359580	125.00
0.359600	125.00
0.359620	125.00
0.359640	124.00
0.359660	124.00
0.359680	124.00
0.359700	125.00
0.359720	125.00
0.359740	125.00
0.359760	125.00
0.359780	125.00
0.359800	125.00
0.359820	125.00
0.359840	126.00
0.359860	126.00
0.359880	126.00
0.359900	126.00
0.359920	125.00
0.359940	124.00
0.359960	124.00
0.359980	125.00
