0.320000	101.00
0.320020	49.00
0.320040	101.00
0.320060	141.00
0.320080	144.00
0.320100	125.00
0.320120	113.00
0.320140	118.00
0.320160	130.00
0.320180	133.00
0.320200	124.00
0.320220	117.00
0.320240	120.00
0.320260	128.00
0.320280	130.00
0.320300	125.00
0.320320	121.00
0.320340	123.00
0.320360	128.00
0.320380	129.00
0.320400	125.00
0.320420	122.00
0.320440	123.00
0.320460	127.00
0.320480	128.00
0.320500	125.00
0.320520	122.00
0.320540	123.00
0.320560	127.00
0.320580	128.00
0.320600	125.00
0.320620	122.00
0.320640	123.00
0.320660	126.00
0.320680	127.00
0.320700	125.00
0.320720	123.00
0.320740	123.00
0.320760	125.00
0.320780	126.00
0.320800	125.00
0.320820	123.00
0.320840	124.00
0.320860	126.00
0.320880	126.00
0.320900	124.00
0.320920	122.00
0.320940	123.00
0.320960	125.00
0.320980	126.00
0.321000	125.00
0.321020	123.00
0.321040	123.00
0.321060	125.00
0.321080	126.00
0.321100	124.00
0.321120	123.00
0.321140	124.00
0.321160	126.00
0.321180	127.00
0.321200	125.00
0.321220	124.00
0.321240	124.00
0.321260	125.00
0.321280	125.00
0.321300	124.00
0.321320	123.00
0.321340	124.00
0.321360	125.00
0.321380	125.00
0.321400	124.00
0.321420	124.00
0.321440	124.00
0.321460	126.00
0.321480	126.00
0.321500	124.00
0.321520	123.00
0.321540	124.00
0.321560	125.00
0.321580	125.00
0.321600	124.00
0.321620	123.00
0.321640	124.00
0.321660	125.00
0.321680	125.00
0.321700	124.00
0.321720	123.00
0.321740	124.00
0.321760	125.00
0.321780	125.00
0.321800	124.00
0.321820	123.00
0.321840	124.00
0.321860	125.00
0.321880	125.00
0.321900	124.00
0.321920	123.00
0.321940	124.00
0.321960	125.00
0.321980	125.00
0.322000	124.00
0.322020	123.00
0.322040	124.00
0.322060	125.00
0.322080	126.00
0.322100	125.00
0.322120	124.00
0.322140	124.00
0.322160	125.00
0.322180	125.00
0.322200	125.00
0.322220	125.00
0.322240	125.00
0.322260	126.00
0.322280	126.00
0.322300	125.00
0.322320	125.00
0.322340	125.00
0.322360	125.00
0.322380	125.00
0.322400	124.00
0.322420	123.00
0.322440	124.00
0.322460	125.00
0.322480	125.00
0.322500	124.00
0.322520	124.00
0.322540	124.00
0.322560	125.00
0.322580	125.00
0.322600	125.00
0.322620	124.00
0.322640	124.00
0.322660	125.00
0.322680	125.00
0.322700	124.00
0.322720	124.00
0.322740	125.00
0.322760	126.00
0.322780	126.00
0.322800	125.00
0.322820	124.00
0.322840	125.00
0.322860	125.00
0.322880	126.00
0.322900	125.00
0.322920	124.00
0.322940	125.00
0.322960	126.00
0.322980	126.00
0.323000	125.00
0.323020	124.00
0.323040	124.00
0.323060	125.00
0.323080	125.00
0.323100	125.00
0.323120	124.00
0.323140	124.00
0.323160	125.00
0.323180	125.00
0.323200	124.00
0.323220	124.00
0.323240	124.00
0.323260	125.00
0.323280	125.00
0.323300	125.00
0.323320	124.00
0.323340	124.00
0.323360	125.00
0.323380	125.00
0.323400	125.00
0.323420	125.00
0.323440	124.00
0.323460	125.00
0.323480	125.00
0.323500	125.00
0.323520	124.00
0.323540	125.00
0.323560	125.00
0.323580	125.00
0.323600	125.00
0.323620	125.00
0.323640	125.00
0.323660	125.00
0.323680	126.00
0.323700	125.00
0.323720	125.00
0.323740	125.00
0.323760	125.00
0.323780	125.00
0.323800	124.00
0.323820	124.00
0.323840	124.00
0.323860	125.00
0.323880	125.00
0.323900	125.00
0.323920	124.00
0.323940	124.00
0.323960	125.00
0.323980	125.00
0.324000	125.00
0.324020	124.00
0.324040	124.00
0.324060	124.00
0.324080	124.00
0.324100	125.00
0.324120	125.00
0.324140	125.00
0.324160	125.00
0.324180	125.00
0.324200	125.00
0.324220	125.00
0.324240	125.00
0.324260	125.00
0.324280	125.00
0.324300	124.00
0.324320	124.00
0.324340	125.00
0.324360	125.00
0.324380	125.00
0.324400	124.00
0.324420	124.00
0.324440	124.00
0.324460	125.00
0.324480	125.00
0.324500	124.00
0.324520	124.00
0.324540	124.00
0.324560	125.00
0.324580	126.00
0.324600	125.00
0.324620	125.00
0.324640	125.00
0.324660	126.00
0.324680	126.00
0.324700	125.00
0.324720	124.00
0.324740	124.00
0.324760	124.00
0.324780	123.00
0.324800	121.00
0.324820	120.00
0.324840	121.00
0.324860	122.00
0.324880	124.00
0.324900	125.00
0.324920	127.00
0.324940	131.00
0.324960	135.00
0.324980	139.00
0.325000	141.00
0.325020	143.00
0.325040	143.00
0.325060	141.00
0.325080	136.00
0.325100	127.00
0.325120	117.00
0.325140	108.00
0.325160	100.00
0.325180	93.00
0.325200	87.00
0.325220	84.00
0.325240	84.00
0.325260	88.00
0.325280	96.00
0.325300	108.00
0.325320	124.00
0.325340	141.00
0.325360	158.00
0.325380	171.00
0.325400	180.00
0.325420	185.00
0.325440	188.00
0.325460	187.00
0.325480	181.00
0.325500	169.00
0.325520	150.00
0.325540	127.00
0.325560	101.00
0.325580	74.00
0.325600	49.00
0.325620	29.00
0.325640	18.00
0.325660	16.00
0.325680	23.00
0.325700	39.00
0.325720	65.00
0.325740	101.00
0.325760	144.00
0.325780	186.00
0.325800	220.00
0.325820	242.00
0.325840	252.00
0.325860	252.00
0.325880	245.00
0.325900	231.00
0.325920	205.00
0.325940	164.00
0.325960	109.00
0.325980	53.00
0.326000	11.00
0.326020	0.00
0.326040	0.00
0.326060	6.00
0.326080	5.00
0.326100	0.00
0.326120	0.00
0.326140	26.00
0.326160	81.00
0.326180	148.00
0.326200	206.00
0.326220	241.00
0.326240	255.00
0.326260	255.00
0.326280	255.00
0.326300	255.00
0.326320	247.00
0.326340	228.00
0.326360	192.00
0.326380	140.00
0.326400	82.00
0.326420	33.00
0.326440	4.00
0.326460	0.00
0.326480	2.00
0.326500	4.00
0.326520	0.00
0.326540	0.00
0.326560	12.00
0.326580	48.00
0.326600	100.00
0.326620	153.00
0.326640	195.00
0.326660	223.00
0.326680	238.00
0.326700	243.00
0.326720	242.00
0.326740	234.00
0.326760	218.00
0.326780	194.00
0.326800	164.00
0.326820	131.00
0.326840	96.00
0.326860	66.00
0.326880	42.00
0.326900	27.00
0.326920	20.00
0.326940	23.00
0.326960	33.00
0.326980	51.00
0.327000	74.00
0.327020	99.00
0.327040	125.00
0.327060	148.00
0.327080	168.00
0.327100	182.00
0.327120	190.00
0.327140	192.00
0.327160	188.00
0.327180	180.00
0.327200	168.00
0.327220	153.00
0.327240	137.00
0.327260	121.00
0.327280	106.00
0.327300	94.00
0.327320	85.00
0.327340	81.00
0.327360	81.00
0.327380	84.00
0.327400	91.00
0.327420	100.00
0.327440	110.00
0.327460	120.00
0.327480	130.00
0.327500	138.00
0.327520	145.00
0.327540	149.00
0.327560	152.00
0.327580	152.00
0.327600	150.00
0.327620	145.00
0.327640	140.00
0.327660	134.00
0.327680	127.00
0.327700	121.00
0.327720	115.00
0.327740	111.00
0.327760	109.00
0.327780	108.00
0.327800	108.00
0.327820	110.00
0.327840	112.00
0.327860	116.00
0.327880	120.00
0.327900	124.00
0.327920	128.00
0.327940	132.00
0.327960	134.00
0.327980	136.00
0.328000	136.00
0.328020	136.00
0.328040	134.00
0.328060	132.00
0.328080	130.00
0.328100	128.00
0.328120	125.00
0.328140	123.00
0.328160	121.00
0.328180	120.00
0.328200	118.00
0.328220	118.00
0.328240	118.00
0.328260	119.00
0.328280	121.00
0.328300	122.00
0.328320	123.00
0.328340	125.00
0.328360	127.00
0.328380	128.00
0.328400	129.00
0.328420	129.00
0.328440	129.00
0.328460	129.00
0.328480	128.00
0.328500	127.00
0.328520	126.00
0.328540	126.00
0.328560	125.00
0.328580	124.00
0.328600	123.00
0.328620	122.00
0.328640	122.00
0.328660	122.00
0.328680	122.00
0.328700	123.00
0.328720	123.00
0.328740	124.00
0.328760	125.00
0.328780	125.00
0.328800	126.00
0.328820	126.00
0.328840	126.00
0.328860	126.00
0.328880	126.00
0.328900	125.00
0.328920	125.00
0.328940	125.00
0.328960	125.00
0.328980	125.00
0.329000	125.00
0.329020	125.00
0.329040	125.00
0.329060	125.00
0.329080	125.00
0.329100	125.00
0.329120	126.00
0.329140	126.00
0.329160	126.00
0.329180	126.00
0.329200	126.00
0.329220	126.00
0.329240	126.00
0.329260	126.00
0.329280	126.00
0.329300	125.00
0.329320	124.00
0.329340	124.00
0.329360	123.00
0.329380	123.00
0.329400	123.00
0.329420	123.00
0.329440	123.00
0.329460	124.00
0.329480	124.00
0.329500	124.00
0.329520	125.00
0.329540	125.00
0.329560	125.00
0.329580	126.00
0.329600	127.00
0.329620	127.00
0.329640	127.00
0.329660	127.00
0.329680	127.00
0.329700	127.00
0.329720	126.00
0.329740	125.00
0.329760	124.00
0.329780	124.00
0.329800	124.00
0.329820	124.00
0.329840	124.00
0.329860	123.00
0.329880	123.00
0.329900	123.00
0.329920	123.00
0.329940	124.00
0.329960	124.00
0.329980	125.00
0.330000	125.00
0.330020	126.00
0.330040	126.00
0.330060	126.00
0.330080	126.00
0.330100	126.00
0.330120	126.00
0.330140	126.00
0.330160	126.00
0.330180	126.00
0.330200	126.00
0.330220	125.00
0.330240	124.00
0.330260	124.00
0.330280	124.00
0.330300	124.00
0.330320	125.00
0.330340	125.00
0.330360	125.00
0.330380	124.00
0.330400	124.00
0.330420	124.00
0.330440	125.00
0.330460	125.00
0.330480	125.00
0.330500	125.00
0.330520	125.00
0.330540	125.00
0.330560	125.00
0.330580	125.00
0.330600	125.00
0.330620	125.00
0.330640	125.00
0.330660	125.00
0.330680	125.00
0.330700	125.00
0.330720	125.00
0.330740	124.00
0.330760	124.00
0.330780	124.00
0.330800	125.00
0.330820	125.00
0.330840	125.00
0.330860	125.00
0.330880	125.00
0.330900	125.00
0.330920	126.00
0.330940	126.00
0.330960	126.00
0.330980	126.00
0.331000	125.00
0.331020	124.00
0.331040	124.00
0.331060	125.00
0.331080	125.00
0.331100	125.00
0.331120	124.00
0.331140	123.00
0.331160	123.00
0.331180	122.00
0.331200	122.00
0.331220	122.00
0.331240	123.00
0.331260	123.00
0.331280	123.00
0.331300	124.00
0.331320	125.00
0.331340	127.00
0.331360	129.00
0.331380	130.00
0.331400	131.00
0.331420	131.00
0.331440	131.00
0.331460	131.00
0.331480	129.00
0.331500	127.00
0.331520	125.00
0.331540	123.00
0.331560	120.00
0.331580	119.00
0.331600	117.00
0.331620	116.00
0.331640	116.00
0.331660	117.00
0.331680	117.00
0.331700	119.00
0.331720	121.00
0.331740	124.00
0.331760	128.00
0.331780	132.00
0.331800	135.00
0.331820	138.00
0.331840	139.00
0.331860	140.00
0.331880	139.00
0.331900	137.00
0.331920	134.00
0.331940	129.00
0.331960	123.00
0.331980	117.00
0.332000	111.00
0.332020	105.00
0.332040	101.00
0.332060	100.00
0.332080	101.00
0.332100	104.00
0.332120	109.00
0.332140	117.00
0.332160	125.00
0.332180	134.00
0.332200	142.00
0.332220	150.00
0.332240	155.00
0.332260	158.00
0.332280	157.00
0.332300	153.00
0.332320	146.00
0.332340	138.00
0.332360	129.00
0.332380	118.00
0.332400	108.00
0.332420	99.00
0.332440	93.00
0.332460	90.00
0.332480	90.00
0.332500	93.00
0.332520	98.00
0.332540	106.00
0.332560	116.00
0.332580	126.00
0.332600	136.00
0.332620	145.00
0.332640	151.00
0.332660	155.00
0.332680	157.00
0.332700	155.00
0.332720	151.00
0.332740	145.00
0.332760	138.00
0.332780	130.00
0.332800	121.00
0.332820	113.00
0.332840	106.00
0.332860	101.00
0.332880	99.00
0.332900	99.00
0.332920	102.00
0.332940	106.00
0.332960	111.00
0.332980	117.00
0.333000	123.00
0.333020	129.00
0.333040	135.00
0.333060	139.00
0.333080	142.00
0.333100	143.00
0.333120	143.00
0.333140	141.00
0.333160	138.00
0.333180	134.00
0.333200	130.00
0.333220	125.00
0.333240	121.00
0.333260	117.00
0.333280	114.00
0.333300	112.00
0.333320	112.00
0.333340	113.00
0.333360	115.00
0.333380	118.00
0.333400	120.00
0.333420	123.00
0.333440	126.00
0.333460	129.00
0.333480	131.00
0.333500	132.00
0.333520	132.00
0.333540	132.00
0.333560	132.00
0.333580	131.00
0.333600	129.00
0.333620	128.00
0.333640	126.00
0.333660	124.00
0.333680	123.00
0.333700	121.00
0.333720	120.00
0.333740	120.00
0.333760	120.00
0.333780	121.00
0.333800	122.00
0.333820	123.00
0.333840	124.00
0.333860	125.00
0.333880	125.00
0.333900	126.00
0.333920	126.00
0.333940	127.00
0.333960	128.00
0.333980	128.00
0.334000	128.00
0.334020	127.00
0.334040	126.00
0.334060	125.00
0.334080	125.00
0.334100	124.00
0.334120	124.00
0.334140	123.00
0.334160	123.00
0.334180	123.00
0.334200	123.00
0.334220	123.00
0.334240	124.00
0.334260	124.00
0.334280	125.00
0.334300	125.00
0.334320	125.00
0.334340	126.00
0.334360	126.00
0.334380	126.00
0.334400	126.00
0.334420	126.00
0.334440	126.00
0.334460	126.00
0.334480	126.00
0.334500	125.00
0.334520	125.00
0.334540	125.00
0.334560	125.00
0.334580	124.00
0.334600	124.00
0.334620	124.00
0.334640	124.00
0.334660	124.00
0.334680	125.00
0.334700	125.00
0.334720	125.00
0.334740	125.00
0.334760	125.00
0.334780	125.00
0.334800	125.00
0.334820	125.00
0.334840	125.00
0.334860	126.00
0.334880	126.00
0.334900	126.00
0.334920	126.00
0.334940	126.00
0.334960	125.00
0.334980	125.00
0.335000	125.00
0.335020	125.00
0.335040	125.00
0.335060	124.00
0.335080	124.00
0.335100	124.00
0.335120	124.00
0.335140	124.00
0.335160	124.00
0.335180	124.00
0.335200	124.00
0.335220	125.00
0.335240	125.00
0.335260	126.00
0.335280	126.00
0.335300	126.00
0.335320	126.00
0.335340	126.00
0.335360	126.00
0.335380	126.00
0.335400	126.00
0.335420	126.00
0.335440	125.00
0.335460	125.00
0.335480	125.00
0.335500	125.00
0.335520	124.00
0.335540	124.00
0.335560	124.00
0.335580	124.00
0.335600	124.00
0.335620	124.00
0.335640	124.00
0.335660	124.00
0.335680	125.00
0.335700	125.00
0.335720	125.00
0.335740	125.00
0.335760	126.00
0.335780	126.00
0.335800	126.00
0.335820	126.00
0.335840	125.00
0.335860	125.00
0.335880	125.00
0.335900	124.00
0.335920	124.00
0.335940	124.00
0.335960	124.00
0.335980	124.00
0.336000	124.00
0.336020	124.00
0.336040	124.00
0.336060	124.00
0.336080	124.00
0.336100	124.00
0.336120	124.00
0.336140	125.00
0.336160	126.00
0.336180	126.00
0.336200	126.00
0.336220	125.00
0.336240	125.00
0.336260	125.00
0.336280	125.00
0.336300	125.00
0.336320	125.00
0.336340	124.00
0.336360	124.00
0.336380	124.00
0.336400	124.00
0.336420	124.00
0.336440	124.00
0.336460	124.00
0.336480	125.00
0.336500	125.00
0.336520	125.00
0.336540	125.00
0.336560	125.00
0.336580	125.00
0.336600	125.00
0.336620	125.00
0.336640	125.00
0.336660	125.00
0.336680	125.00
0.336700	124.00
0.336720	124.00
0.336740	125.00
0.336760	125.00
0.336780	125.00
0.336800	125.00
0.336820	125.00
0.336840	125.00
0.336860	125.00
0.336880	125.00
0.336900	125.00
0.336920	125.00
0.336940	125.00
0.336960	125.00
0.336980	125.00
0.337000	125.00
0.337020	125.00
0.337040	124.00
0.337060	124.00
0.337080	124.00
0.337100	125.00
0.337120	125.00
0.337140	125.00
0.337160	124.00
0.337180	124.00
0.337200	125.00
0.337220	125.00
0.337240	125.00
0.337260	125.00
0.337280	125.00
0.337300	125.00
0.337320	125.00
0.337340	125.00
0.337360	125.00
0.337380	125.00
0.337400	125.00
0.337420	125.00
0.337440	124.00
0.337460	124.00
0.337480	124.00
0.337500	124.00
0.337520	124.00
0.337540	124.00
0.337560	125.00
0.337580	126.00
0.337600	127.00
0.337620	127.00
0.337640	127.00
0.337660	127.00
0.337680	126.00
0.337700	126.00
0.337720	126.00
0.337740	126.00
0.337760	125.00
0.337780	124.00
0.337800	122.00
0.337820	122.00
0.337840	122.00
0.337860	122.00
0.337880	122.00
0.337900	122.00
0.337920	123.00
0.337940	124.00
0.337960	124.00
0.337980	125.00
0.338000	126.00
0.338020	128.00
0.338040	129.00
0.338060	130.00
0.338080	131.00
0.338100	130.00
0.338120	130.00
0.338140	128.00
0.338160	127.00
0.338180	125.00
0.338200	122.00
0.338220	120.00
0.338240	118.00
0.338260	117.00
0.338280	116.00
0.338300	117.00
0.338320	118.00
0.338340	120.00
0.338360	122.00
0.338380	125.00
0.338400	128.00
0.338420	131.00
0.338440	133.00
0.338460	135.00
0.338480	136.00
0.338500	135.00
0.338520	134.00
0.338540	132.00
0.338560	129.00
0.338580	126.00
0.338600	122.00
0.338620	120.00
0.338640	118.00
0.338660	116.00
0.338680	115.00
0.338700	115.00
0.338720	116.00
0.338740	118.00
0.338760	120.00
0.338780	123.00
0.338800	125.00
0.338820	128.00
0.338840	130.00
0.338860	132.00
0.338880	133.00
0.338900	133.00
0.338920	133.00
0.338940	132.00
0.338960	131.00
0.338980	129.00
0.339000	126.00
0.339020	123.00
0.339040	121.00
0.339060	120.00
0.339080	119.00
0.339100	119.00
0.339120	119.00
0.339140	120.00
0.339160	121.00
0.339180	122.00
0.339200	123.00
0.339220	125.00
0.339240	126.00
0.339260	127.00
0.339280	128.00
0.339300	128.00
0.339320	128.00
0.339340	128.00
0.339360	127.00
0.339380	127.00
0.339400	126.00
0.339420	125.00
0.339440	124.00
0.339460	123.00
0.339480	123.00
0.339500	123.00
0.339520	122.00
0.339540	123.00
0.339560	123.00
0.339580	124.00
0.339600	124.00
0.339620	124.00
0.339640	125.00
0.339660	125.00
0.339680	126.00
0.339700	126.00
0.339720	126.00
0.339740	126.00
0.339760	126.00
0.339780	126.00
0.339800	126.00
0.339820	125.00
0.339840	124.00
0.339860	124.00
0.339880	124.00
0.339900	124.00
0.339920	124.00
0.339940	124.00
0.339960	124.00
0.339980	125.00
0.340000	125.00
0.340020	125.00
0.340040	125.00
0.340060	125.00
0.340080	125.00
0.340100	125.00
0.340120	125.00
0.340140	126.00
0.340160	126.00
0.340180	126.00
0.340200	126.00
0.340220	126.00
0.340240	125.00
0.340260	125.00
0.340280	125.00
0.340300	125.00
0.340320	124.00
0.340340	124.00
0.340360	124.00
0.340380	124.00
0.340400	124.00
0.340420	124.00
0.340440	124.00
0.340460	124.00
0.340480	124.00
0.340500	124.00
0.340520	125.00
0.340540	125.00
0.340560	125.00
0.340580	125.00
0.340600	125.00
0.340620	125.00
0.340640	125.00
0.340660	125.00
0.340680	125.00
0.340700	125.00
0.340720	125.00
0.340740	125.00
0.340760	125.00
0.340780	125.00
0.340800	125.00
0.340820	125.00
0.340840	125.00
0.340860	125.00
0.340880	124.00
0.340900	124.00
0.340920	124.00
0.340940	124.00
0.340960	124.00
0.340980	124.00
0.341000	125.00
0.341020	125.00
0.341040	125.00
0.341060	125.00
0.341080	126.00
0.341100	126.00
0.341120	126.00
0.341140	126.00
0.341160	126.00
0.341180	125.00
0.341200	125.00
0.341220	124.00
0.341240	124.00
0.341260	124.00
0.341280	124.00
0.341300	123.00
0.341320	123.00
0.341340	123.00
0.341360	124.00
0.341380	124.00
0.341400	124.00
0.341420	125.00
0.341440	125.00
0.341460	126.00
0.341480	126.00
0.341500	126.00
0.341520	126.00
0.341540	126.00
0.341560	126.00
0.341580	126.00
0.341600	125.00
0.341620	124.00
0.341640	124.00
0.341660	124.00
0.341680	124.00
0.341700	124.00
0.341720	124.00
0.341740	124.00
0.341760	124.00
0.341780	124.00
0.341800	124.00
0.341820	124.00
0.341840	124.00
0.341860	125.00
0.341880	125.00
0.341900	125.00
0.341920	125.00
0.341940	125.00
0.341960	125.00
0.341980	125.00
0.342000	125.00
0.342020	125.00
0.342040	125.00
0.342060	125.00
0.342080	125.00
0.342100	125.00
0.342120	124.00
0.342140	124.00
0.342160	124.00
0.342180	125.00
0.342200	125.00
0.342220	125.00
0.342240	125.00
0.342260	125.00
0.342280	125.00
0.342300	125.00
0.342320	125.00
0.342340	125.00
0.342360	125.00
0.342380	125.00
0.342400	125.00
0.342420	125.00
0.342440	125.00
0.342460	125.00
0.342480	125.00
0.342500	125.00
0.342520	125.00
0.342540	125.00
0.342560	125.00
0.342580	125.00
0.342600	125.00
0.342620	126.00
0.342640	126.00
0.342660	126.00
0.342680	125.00
0.342700	125.00
0.342720	124.00
0.342740	124.00
0.342760	125.00
0.342780	125.00
0.342800	125.00
0.342820	125.00
0.342840	125.00
0.342860	125.00
0.342880	125.00
0.342900	126.00
0.342920	126.00
0.342940	126.00
0.342960	126.00
0.342980	126.00
0.343000	126.00
0.343020	126.00
0.343040	126.00
0.343060	126.00
0.343080	125.00
0.343100	125.00
0.343120	124.00
0.343140	124.00
0.343160	124.00
0.343180	124.00
0.343200	124.00
0.343220	124.00
0.343240	124.00
0.343260	124.00
0.343280	124.00
0.343300	125.00
0.343320	125.00
0.343340	126.00
0.343360	126.00
0.343380	126.00
0.343400	126.00
0.343420	126.00
0.343440	126.00
0.343460	126.00
0.343480	126.00
0.343500	126.00
0.343520	125.00
0.343540	125.00
0.343560	124.00
0.343580	124.00
0.343600	124.00
0.343620	124.00
0.343640	124.00
0.343660	124.00
0.343680	124.00
0.343700	124.00
0.343720	124.00
0.343740	125.00
0.343760	125.00
0.343780	126.00
0.343800	126.00
0.343820	126.00
0.343840	126.00
0.343860	126.00
0.343880	126.00
0.343900	126.00
0.343920	126.00
0.343940	125.00
0.343960	125.00
0.343980	125.00
0.344000	125.00
0.344020	124.00
0.344040	124.00
0.344060	124.00
0.344080	123.00
0.344100	123.00
0.344120	123.00
0.344140	123.00
0.344160	124.00
0.344180	124.00
0.344200	124.00
0.344220	125.00
0.344240	126.00
0.344260	127.00
0.344280	127.00
0.344300	127.00
0.344320	127.00
0.344340	127.00
0.344360	126.00
0.344380	126.00
0.344400	125.00
0.344420	124.00
0.344440	123.00
0.344460	122.00
0.344480	122.00
0.344500	121.00
0.344520	121.00
0.344540	122.00
0.344560	122.00
0.344580	123.00
0.344600	124.00
0.344620	125.00
0.344640	126.00
0.344660	127.00
0.344680	128.00
0.344700	129.00
0.344720	129.00
0.344740	129.00
0.344760	129.00
0.344780	128.00
0.344800	127.00
0.344820	126.00
0.344840	125.00
0.344860	124.00
0.344880	123.00
0.344900	122.00
0.344920	121.00
0.344940	121.00
0.344960	121.00
0.344980	122.00
0.345000	122.00
0.345020	123.00
0.345040	123.00
0.345060	124.00
0.345080	125.00
0.345100	126.00
0.345120	127.00
0.345140	127.00
0.345160	128.00
0.345180	128.00
0.345200	128.00
0.345220	128.00
0.345240	128.00
0.345260	127.00
0.345280	126.00
0.345300	125.00
0.345320	125.00
0.345340	125.00
0.345360	124.00
0.345380	123.00
0.345400	123.00
0.345420	123.00
0.345440	123.00
0.345460	123.00
0.345480	124.00
0.345500	124.00
0.345520	125.00
0.345540	125.00
0.345560	125.00
0.345580	126.00
0.345600	126.00
0.345620	126.00
0.345640	126.00
0.345660	126.00
0.345680	126.00
0.345700	126.00
0.345720	126.00
0.345740	126.00
0.345760	126.00
0.345780	126.00
0.345800	125.00
0.345820	125.00
0.345840	124.00
0.345860	124.00
0.345880	124.00
0.345900	124.00
0.345920	124.00
0.345940	124.00
0.345960	124.00
0.345980	124.00
0.346000	125.00
0.346020	125.00
0.346040	125.00
0.346060	125.00
0.346080	125.00
0.346100	125.00
0.346120	126.00
0.346140	126.00
0.346160	126.00
0.346180	126.00
0.346200	126.00
0.346220	125.00
0.346240	125.00
0.346260	124.00
0.346280	124.00
0.346300	124.00
0.346320	125.00
0.346340	125.00
0.346360	125.00
0.346380	125.00
0.346400	124.00
0.346420	124.00
0.346440	125.00
0.346460	125.00
0.346480	125.00
0.346500	125.00
0.346520	126.00
0.346540	126.00
0.346560	126.00
0.346580	126.00
0.346600	126.00
0.346620	125.00
0.346640	125.00
0.346660	126.00
0.346680	126.00
0.346700	125.00
0.346720	124.00
0.346740	124.00
0.346760	124.00
0.346780	124.00
0.346800	124.00
0.346820	124.00
0.346840	124.00
0.346860	125.00
0.346880	125.00
0.346900	125.00
0.346920	125.00
0.346940	125.00
0.346960	125.00
0.346980	125.00
0.347000	125.00
0.347020	125.00
0.347040	125.00
0.347060	125.00
0.347080	125.00
0.347100	124.00
0.347120	124.00
0.347140	124.00
0.347160	124.00
0.347180	125.00
0.347200	125.00
0.347220	125.00
0.347240	124.00
0.347260	124.00
0.347280	125.00
0.347300	125.00
0.347320	125.00
0.347340	125.00
0.347360	125.00
0.347380	125.00
0.347400	125.00
0.347420	125.00
0.347440	125.00
0.347460	124.00
0.347480	124.00
0.347500	124.00
0.347520	125.00
0.347540	125.00
0.347560	125.00
0.347580	125.00
0.347600	125.00
0.347620	125.00
0.347640	125.00
0.347660	125.00
0.347680	125.00
0.347700	125.00
0.347720	125.00
0.347740	125.00
0.347760	125.00
0.347780	125.00
0.347800	125.00
0.347820	125.00
0.347840	125.00
0.347860	124.00
0.347880	124.00
0.347900	124.00
0.347920	124.00
0.347940	124.00
0.347960	125.00
0.347980	125.00
0.348000	125.00
0.348020	125.00
0.348040	125.00
0.348060	125.00
0.348080	125.00
0.348100	125.00
0.348120	125.00
0.348140	125.00
0.348160	125.00
0.348180	125.00
0.348200	125.00
0.348220	125.00
0.348240	125.00
0.348260	125.00
0.348280	125.00
0.348300	124.00
0.348320	124.00
0.348340	124.00
0.348360	124.00
0.348380	124.00
0.348400	125.00
0.348420	125.00
0.348440	125.00
0.348460	125.00
0.348480	125.00
0.348500	125.00
0.348520	125.00
0.348540	125.00
0.348560	125.00
0.348580	124.00
0.348600	124.00
0.348620	124.00
0.348640	124.00
0.348660	124.00
0.348680	125.00
0.348700	125.00
0.348720	125.00
0.348740	125.00
0.348760	125.00
0.348780	124.00
0.348800	124.00
0.348820	124.00
0.348840	124.00
0.348860	125.00
0.348880	125.00
0.348900	125.00
0.348920	125.00
0.348940	125.00
0.348960	125.00
0.348980	125.00
0.349000	125.00
0.349020	125.00
0.349040	125.00
0.349060	125.00
0.349080	125.00
0.349100	125.00
0.349120	125.00
0.349140	125.00
0.349160	125.00
0.349180	125.00
0.349200	125.00
0.349220	125.00
0.349240	125.00
0.349260	124.00
0.349280	124.00
0.349300	125.00
0.349320	125.00
0.349340	125.00
0.349360	125.00
0.349380	125.00
0.349400	125.00
0.349420	125.00
0.349440	125.00
0.349460	125.00
0.349480	125.00
0.349500	125.00
0.349520	125.00
0.349540	125.00
0.349560	125.00
0.349580	124.00
0.349600	124.00
0.349620	124.00
0.349640	124.00
0.349660	125.00
0.349680	125.00
0.349700	125.00
0.349720	125.00
0.349740	125.00
0.349760	125.00
0.349780	125.00
0.349800	124.00
0.349820	124.00
0.349840	124.00
0.349860	124.00
0.349880	124.00
0.349900	125.00
0.349920	125.00
0.349940	125.00
0.349960	125.00
0.349980	125.00
0.350000	125.00
0.350020	125.00
0.350040	125.00
0.350060	125.00
0.350080	125.00
0.350100	125.00
0.350120	125.00
0.350140	125.00
0.350160	125.00
0.350180	125.00
0.350200	125.00
0.350220	125.00
0.350240	125.00
0.350260	125.00
0.350280	125.00
0.350300	124.00
0.350320	124.00
0.350340	124.00
0.350360	124.00
0.350380	124.00
0.350400	124.00
0.350420	125.00
0.350440	125.00
0.350460	125.00
0.350480	125.00
0.350500	125.00
0.350520	126.00
0.350540	126.00
0.350560	126.00
0.350580	126.00
0.350600	126.00
0.350620	125.00
0.350640	125.00
0.350660	125.00
0.350680	125.00
0.350700	124.00
0.350720	124.00
0.350740	123.00
0.350760	124.00
0.350780	124.00
0.350800	124.00
0.350820	124.00
0.350840	124.00
0.350860	125.00
0.350880	125.00
0.350900	125.00
0.350920	126.00
0.350940	126.00
0.350960	127.00
0.350980	127.00
0.351000	127.00
0.351020	126.00
0.351040	126.00
0.351060	126.00
0.351080	125.00
0.351100	125.00
0.351120	124.00
0.351140	124.00
0.351160	123.00
0.351180	122.00
0.351200	122.00
0.351220	122.00
0.351240	123.00
0.351260	123.00
0.351280	124.00
0.351300	125.00
0.351320	126.00
0.351340	126.00
0.351360	127.00
0.351380	127.00
0.351400	127.00
0.351420	127.00
0.351440	127.00
0.351460	127.00
0.351480	127.00
0.351500	126.00
0.351520	125.00
0.351540	124.00
0.351560	124.00
0.351580	123.00
0.351600	123.00
0.351620	123.00
0.351640	122.00
0.351660	122.00
0.351680	122.00
0.351700	123.00
0.351720	124.00
0.351740	124.00
0.351760	125.00
0.351780	126.00
0.351800	126.00
0.351820	127.00
0.351840	127.00
0.351860	127.00
0.351880	127.00
0.351900	126.00
0.351920	126.00
0.351940	126.00
0.351960	126.00
0.351980	125.00
0.352000	125.00
0.352020	124.00
0.352040	124.00
0.352060	124.00
0.352080	124.00
0.352100	123.00
0.352120	123.00
0.352140	123.00
0.352160	124.00
0.352180	124.00
0.352200	124.00
0.352220	125.00
0.352240	125.00
0.352260	126.00
0.352280	126.00
0.352300	127.00
0.352320	126.00
0.352340	126.00
0.352360	126.00
0.352380	125.00
0.352400	125.00
0.352420	125.00
0.352440	124.00
0.352460	124.00
0.352480	124.00
0.352500	124.00
0.352520	125.00
0.352540	125.00
0.352560	125.00
0.352580	125.00
0.352600	124.00
0.352620	124.00
0.352640	125.00
0.352660	125.00
0.352680	125.00
0.352700	125.00
0.352720	125.00
0.352740	125.00
0.352760	125.00
0.352780	125.00
0.352800	125.00
0.352820	125.00
0.352840	124.00
0.352860	124.00
0.352880	124.00
0.352900	124.00
0.352920	124.00
0.352940	125.00
0.352960	125.00
0.352980	125.00
0.353000	125.00
0.353020	125.00
0.353040	125.00
0.353060	125.00
0.353080	126.00
0.353100	126.00
0.353120	126.00
0.353140	126.00
0.353160	126.00
0.353180	126.00
0.353200	126.00
0.353220	125.00
0.353240	124.00
0.353260	124.00
0.353280	124.00
0.353300	124.00
0.353320	124.00
0.353340	124.00
0.353360	124.00
0.353380	124.00
0.353400	124.00
0.353420	124.00
0.353440	124.00
0.353460	125.00
0.353480	125.00
0.353500	126.00
0.353520	126.00
0.353540	126.00
0.353560	126.00
0.353580	125.00
0.353600	125.00
0.353620	125.00
0.353640	125.00
0.353660	125.00
0.353680	125.00
0.353700	125.00
0.353720	125.00
0.353740	124.00
0.353760	124.00
0.353780	125.00
0.353800	125.00
0.353820	125.00
0.353840	125.00
0.353860	125.00
0.353880	125.00
0.353900	125.00
0.353920	125.00
0.353940	125.00
0.353960	125.00
0.353980	125.00
0.354000	124.00
0.354020	124.00
0.354040	124.00
0.354060	124.00
0.354080	125.00
0.354100	125.00
0.354120	125.00
0.354140	125.00
0.354160	125.00
0.354180	125.00
0.354200	125.00
0.354220	125.00
0.354240	125.00
0.354260	125.00
0.354280	125.00
0.354300	125.00
0.354320	125.00
0.354340	125.00
0.354360	125.00
0.354380	125.00
0.354400	125.00
0.354420	125.00
0.354440	125.00
0.354460	125.00
0.354480	125.00
0.354500	124.00
0.354520	124.00
0.354540	124.00
0.354560	125.00
0.354580	125.00
0.354600	125.00
0.354620	125.00
0.354640	125.00
0.354660	125.00
0.354680	125.00
0.354700	125.00
0.354720	125.00
0.354740	125.00
0.354760	125.00
0.354780	125.00
0.354800	125.00
0.354820	125.00
0.354840	125.00
0.354860	125.00
0.354880	124.00
0.354900	124.00
0.354920	124.00
0.354940	124.00
0.354960	124.00
0.354980	125.00
0.355000	125.00
0.355020	125.00
0.355040	125.00
0.355060	125.00
0.355080	125.00
0.355100	125.00
0.355120	125.00
0.355140	125.00
0.355160	126.00
0.355180	126.00
0.355200	125.00
0.355220	125.00
0.355240	124.00
0.355260	124.00
0.355280	124.00
0.355300	124.00
0.355320	124.00
0.355340	124.00
0.355360	124.00
0.355380	125.00
0.355400	125.00
0.355420	125.00
0.355440	125.00
0.355460	125.00
0.355480	125.00
0.355500	125.00
0.355520	125.00
0.355540	125.00
0.355560	125.00
0.355580	125.00
0.355600	125.00
0.355620	125.00
0.355640	125.00
0.355660	125.00
0.355680	125.00
0.355700	124.00
0.355720	124.00
0.355740	124.00
0.355760	124.00
0.355780	124.00
0.355800	124.00
0.355820	125.00
0.355840	125.00
0.355860	125.00
0.355880	125.00
0.355900	125.00
0.355920	125.00
0.355940	126.00
0.355960	126.00
0.355980	125.00
0.356000	125.00
0.356020	124.00
0.356040	124.00
0.356060	124.00
0.356080	125.00
0.356100	125.00
0.356120	124.00
0.356140	124.00
0.356160	124.00
0.356180	125.00
0.356200	125.00
0.356220	125.00
0.356240	125.00
0.356260	125.00
0.356280	126.00
0.356300	126.00
0.356320	126.00
0.356340	126.00
0.356360	125.00
0.356380	125.00
0.356400	125.00
0.356420	125.00
0.356440	125.00
0.356460	125.00
0.356480	125.00
0.356500	124.00
0.356520	124.00
0.356540	124.00
0.356560	124.00
0.356580	124.00
0.356600	124.00
0.356620	124.00
0.356640	124.00
0.356660	125.00
0.356680	125.00
0.356700	125.00
0.356720	125.00
0.356740	126.00
0.356760	126.00
0.356780	126.00
0.356800	126.00
0.356820	126.00
0.356840	126.00
0.356860	126.00
0.356880	125.00
0.356900	125.00
0.356920	125.00
0.356940	124.00
0.356960	123.00
0.356980	123.00
0.357000	122.00
0.357020	122.00
0.357040	123.00
0.357060	124.00
0.357080	124.00
0.357100	124.00
0.357120	125.00
0.357140	125.00
0.357160	126.00
0.357180	127.00
0.357200	127.00
0.357220	127.00
0.357240	127.00
0.357260	127.00
0.357280	127.00
0.357300	126.00
0.357320	125.00
0.357340	124.00
0.357360	123.00
0.357380	123.00
0.357400	123.00
0.357420	123.00
0.357440	122.00
0.357460	122.00
0.357480	123.00
0.357500	124.00
0.357520	125.00
0.357540	125.00
0.357560	125.00
0.357580	126.00
0.357600	126.00
0.357620	127.00
0.357640	127.00
0.357660	126.00
0.357680	126.00
0.357700	126.00
0.357720	126.00
0.357740	126.00
0.357760	125.00
0.357780	124.00
0.357800	123.00
0.357820	123.00
0.357840	123.00
0.357860	124.00
0.357880	124.00
0.357900	123.00
0.357920	123.00
0.357940	124.00
0.357960	124.00
0.357980	125.00
0.358000	126.00
0.358020	126.00
0.358040	126.00
0.358060	126.00
0.358080	127.00
0.358100	127.00
0.358120	126.00
0.358140	126.00
0.358160	125.00
0.358180	125.00
0.358200	124.00
0.358220	124.00
0.358240	124.00
0.358260	124.00
0.358280	123.00
0.358300	123.00
0.358320	123.00
0.358340	123.00
0.358360	124.00
0.358380	125.00
0.358400	125.00
0.358420	125.00
0.358440	126.00
0.358460	126.00
0.358480	126.00
0.358500	126.00
0.358520	125.00
0.358540	125.00
0.358560	125.00
0.358580	126.00
0.358600	126.00
0.358620	125.00
0.358640	125.00
0.358660	124.00
0.358680	124.00
0.358700	124.00
0.358720	124.00
0.358740	124.00
0.358760	124.00
0.358780	124.00
0.358800	124.00
0.358820	124.00
0.358840	125.00
0.358860	125.00
0.358880	125.00
0.358900	125.00
0.358920	125.00
0.358940	125.00
0.358960	125.00
0.358980	125.00
0.359000	125.00
0.359020	125.00
0.359040	125.00
0.359060	125.00
0.359080	125.00
0.359100	125.00
0.359120	125.00
0.359140	125.00
0.359160	124.00
0.359180	124.00
0.359200	124.00
0.359220	125.00
0.359240	125.00
0.359260	125.00
0.359280	125.00
0.359300	125.00
0.359320	125.00
0.359340	125.00
0.359360	125.00
0.359380	125.00
0.359400	125.00
0.359420	125.00
0.359440	125.00
0.359460	125.00
0.359480	124.00
0.359500	124.00
0.359520	124.00
0.359540	124.00
0.359560	124.00
0.359580	125.00
0.359600	125.00
0.359620	124.00
0.359640	125.00
0.359660	125.00
0.359680	125.00
0.359700	125.00
0.359720	125.00
0.359740	125.00
0.359760	125.00
0.359780	125.00
0.359800	125.00
0.359820	125.00
0.359840	124.00
0.359860	124.00
0.359880	124.00
0.359900	124.00
0.359920	124.00
0.359940	124.00
0.359960	124.00
0.359980	126.00
