0.320000	101.00
0.320020	49.00
0.320040	102.00
0.320060	141.00
0.320080	144.00
0.320100	125.00
0.320120	112.00
0.320140	118.00
0.320160	131.00
0.320180	134.00
0.320200	125.00
0.320220	118.00
0.320240	121.00
0.320260	128.00
0.320280	130.00
0.320300	124.00
0.320320	119.00
0.320340	121.00
0.320360	127.00
0.320380	128.00
0.320400	125.00
0.320420	121.00
0.320440	122.00
0.320460	126.00
0.320480	128.00
0.320500	125.00
0.320520	122.00
0.320540	124.00
0.320560	127.00
0.320580	127.00
0.320600	124.00
0.320620	122.00
0.320640	123.00
0.320660	126.00
0.320680	127.00
0.320700	124.00
0.320720	122.00
0.320740	123.00
0.320760	126.00
0.320780	127.00
0.320800	125.00
0.320820	123.00
0.320840	123.00
0.320860	125.00
0.320880	126.00
0.320900	124.00
0.320920	123.00
0.320940	124.00
0.320960	126.00
0.320980	126.00
0.321000	125.00
0.321020	123.00
0.321040	124.00
0.321060	126.00
0.321080	126.00
0.321100	125.00
0.321120	123.00
0.321140	123.00
0.321160	125.00
0.321180	126.00
0.321200	125.00
0.321220	124.00
0.321240	124.00
0.321260	125.00
0.321280	126.00
0.321300	125.00
0.321320	124.00
0.321340	124.00
0.321360	125.00
0.321380	125.00
0.321400	125.00
0.321420	124.00
0.321440	124.00
0.321460	125.00
0.321480	125.00
0.321500	124.00
0.321520	124.00
0.321540	124.00
0.321560	125.00
0.321580	125.00
0.321600	124.00
0.321620	124.00
0.321640	125.00
0.321660	126.00
0.321680	126.00
0.321700	125.00
0.321720	124.00
0.321740	124.00
0.321760	125.00
0.321780	125.00
0.321800	124.00
0.321820	124.00
0.321840	124.00
0.321860	125.00
0.321880	125.00
0.321900	124.00
0.321920	123.00
0.321940	124.00
0.321960	125.00
0.321980	125.00
0.322000	124.00
0.322020	123.00
0.322040	124.00
0.322060	125.00
0.322080	125.00
0.322100	125.00
0.322120	125.00
0.322140	125.00
0.322160	125.00
0.322180	125.00
0.322200	124.00
0.322220	124.00
0.322240	125.00
0.322260	126.00
0.322280	126.00
0.322300	125.00
0.322320	124.00
0.322340	124.00
0.322360	125.00
0.322380	126.00
0.322400	125.00
0.322420	124.00
0.322440	124.00
0.322460	125.00
0.322480	126.00
0.322500	125.00
0.322520	124.00
0.322540	124.00
0.322560	125.00
0.322580	125.00
0.322600	125.00
0.322620	124.00
0.322640	124.00
0.322660	124.00
0.322680	125.00
0.322700	124.00
0.322720	124.00
0.322740	124.00
0.322760	125.00
0.322780	125.00
0.322800	125.00
0.322820	124.00
0.322840	124.00
0.322860	125.00
0.322880	126.00
0.322900	125.00
0.322920	125.00
0.322940	125.00
0.322960	125.00
0.322980	125.00
0.323000	125.00
0.323020	124.00
0.323040	124.00
0.323060	125.00
0.323080	125.00
0.323100	124.00
0.323120	124.00
0.323140	124.00
0.323160	125.00
0.323180	126.00
0.323200	125.00
0.323220	125.00
0.323240	125.00
0.323260	125.00
0.323280	125.00
0.323300	125.00
0.323320	125.00
0.323340	125.00
0.323360	125.00
0.323380	125.00
0.323400	124.00
0.323420	124.00
0.323440	124.00
0.323460	125.00
0.323480	125.00
0.323500	124.00
0.323520	124.00
0.323540	124.00
0.323560	125.00
0.323580	126.00
0.323600	125.00
0.323620	125.00
0.323640	125.00
0.323660	126.00
0.323680	126.00
0.323700	125.00
0.323720	124.00
0.323740	124.00
0.323760	125.00
0.323780	125.00
0.323800	125.00
0.323820	125.00
0.323840	125.00
0.323860	125.00
0.323880	126.00
0.323900	125.00
0.323920	124.00
0.323940	124.00
0.323960	125.00
0.323980	125.00
0.324000	124.00
0.324020	124.00
0.324040	124.00
0.324060	125.00
0.324080	125.00
0.324100	124.00
0.324120	124.00
0.324140	124.00
0.324160	125.00
0.324180	125.00
0.324200	125.00
0.324220	125.00
0.324240	125.00
0.324260	125.00
0.324280	125.00
0.324300	125.00
0.324320	124.00
0.324340	124.00
0.324360	125.00
0.324380	125.00
0.324400	125.00
0.324420	125.00
0.324440	125.00
0.324460	125.00
0.324480	126.00
0.324500	125.00
0.324520	125.00
0.324540	125.00
0.324560	125.00
0.324580	126.00
0.324600	125.00
0.324620	125.00
0.324640	125.00
0.324660	126.00
0.324680	125.00
0.324700	124.00
0.324720	124.00
0.324740	124.00
0.324760	125.00
0.324780	125.00
0.324800	125.00
0.324820	124.00
0.324840	123.00
0.324860	122.00
0.324880	121.00
0.324900	120.00
0.324920	120.00
0.324940	121.00
0.324960	123.00
0.324980	125.00
0.325000	127.00
0.325020	130.00
0.325040	133.00
0.325060	137.00
0.325080	141.00
0.325100	144.00
0.325120	145.00
0.325140	144.00
0.325160	140.00
0.325180	134.00
0.325200	124.00
0.325220	114.00
0.325240	104.00
0.325260	96.00
0.325280	89.00
0.325300	84.00
0.325320	81.00
0.325340	82.00
0.325360	87.00
0.325380	96.00
0.325400	110.00
0.325420	127.00
0.325440	146.00
0.325460	163.00
0.325480	176.00
0.325500	185.00
0.325520	189.00
0.325540	191.00
0.325560	190.00
0.325580	183.00
0.325600	168.00
0.325620	147.00
0.325640	121.00
0.325660	92.00
0.325680	64.00
0.325700	38.00
0.325720	19.00
0.325740	9.00
0.325760	9.00
0.325780	19.00
0.325800	38.00
0.325820	68.00
0.325840	108.00
0.325860	154.00
0.325880	197.00
0.325900	230.00
0.325920	249.00
0.325940	255.00
0.325960	254.00
0.325980	247.00
0.326000	232.00
0.326020	202.00
0.326040	156.00
0.326060	99.00
0.326080	45.00
0.326100	7.00
0.326120	0.00
0.326140	0.00
0.326160	6.00
0.326180	4.00
0.326200	0.00
0.326220	0.00
0.326240	26.00
0.326260	83.00
0.326280	153.00
0.326300	212.00
0.326320	246.00
0.326340	255.00
0.326360	255.00
0.326380	255.00
0.326400	255.00
0.326420	250.00
0.326440	231.00
0.326460	193.00
0.326480	139.00
0.326500	80.00
0.326520	31.00
0.326540	3.00
0.326560	0.00
0.326580	2.00
0.326600	4.00
0.326620	0.00
0.326640	0.00
0.326660	8.00
0.326680	43.00
0.326700	96.00
0.326720	151.00
0.326740	196.00
0.326760	225.00
0.326780	240.00
0.326800	246.00
0.326820	245.00
0.326840	237.00
0.326860	222.00
0.326880	198.00
0.326900	168.00
0.326920	134.00
0.326940	99.00
0.326960	67.00
0.326980	41.00
0.327000	24.00
0.327020	17.00
0.327040	18.00
0.327060	28.00
0.327080	46.00
0.327100	69.00
0.327120	96.00
0.327140	123.00
0.327160	147.00
0.327180	168.00
0.327200	183.00
0.327220	192.00
0.327240	194.00
0.327260	191.00
0.327280	183.00
0.327300	171.00
0.327320	155.00
0.327340	138.00
0.327360	121.00
0.327380	106.00
0.327400	94.00
0.327420	85.00
0.327440	81.00
0.327460	80.00
0.327480	83.00
0.327500	89.00
0.327520	98.00
0.327540	108.00
0.327560	119.00
0.327580	130.00
0.327600	139.00
0.327620	146.00
0.327640	151.00
0.327660	153.00
0.327680	153.00
0.327700	151.00
0.327720	146.00
0.327740	140.00
0.327760	133.00
0.327780	126.00
0.327800	120.00
0.327820	114.00
0.327840	110.00
0.327860	107.00
0.327880	106.00
0.327900	107.00
0.327920	109.00
0.327940	113.00
0.327960	117.00
0.327980	121.00
0.328000	125.00
0.328020	129.00
0.328040	132.00
0.328060	134.00
0.328080	136.00
0.328100	137.00
0.328120	136.00
0.328140	134.00
0.328160	132.00
0.328180	130.00
0.328200	128.00
0.328220	125.00
0.328240	122.00
0.328260	120.00
0.328280	119.00
0.328300	118.00
0.328320	118.00
0.328340	118.00
0.328360	118.00
0.328380	120.00
0.328400	122.00
0.328420	123.00
0.328440	125.00
0.328460	127.00
0.328480	128.00
0.328500	129.00
0.328520	130.00
0.328540	130.00
0.328560	129.00
0.328580	128.00
0.328600	127.00
0.328620	127.00
0.328640	125.00
0.328660	124.00
0.328680	124.00
0.328700	123.00
0.328720	122.00
0.328740	122.00
0.328760	122.00
0.328780	123.00
0.328800	123.00
0.328820	123.00
0.328840	123.00
0.328860	124.00
0.328880	125.00
0.328900	126.00
0.328920	127.00
0.328940	127.00
0.328960	127.00
0.328980	127.00
0.329000	127.00
0.329020	126.00
0.329040	125.00
0.329060	124.00
0.329080	124.00
0.329100	124.00
0.329120	124.00
0.329140	124.00
0.329160	124.00
0.329180	124.00
0.329200	124.00
0.329220	125.00
0.329240	126.00
0.329260	126.00
0.329280	126.00
0.329300	126.00
0.329320	126.00
0.329340	126.00
0.329360	126.00
0.329380	126.00
0.329400	125.00
0.329420	125.00
0.329440	124.00
0.329460	124.00
0.329480	123.00
0.329500	123.00
0.329520	123.00
0.329540	124.00
0.329560	124.00
0.329580	125.00
0.329600	125.00
0.329620	126.00
0.329640	126.00
0.329660	126.00
0.329680	126.00
0.329700	126.00
0.329720	126.00
0.329740	126.00
0.329760	127.00
0.329780	127.00
0.329800	126.00
0.329820	126.00
0.329840	125.00
0.329860	125.00
0.329880	125.00
0.329900	124.00
0.329920	124.00
0.329940	124.00
0.329960	124.00
0.329980	124.00
0.330000	124.00
0.330020	124.00
0.330040	124.00
0.330060	125.00
0.330080	126.00
0.330100	126.00
0.330120	126.00
0.330140	126.00
0.330160	126.00
0.330180	126.00
0.330200	126.00
0.330220	125.00
0.330240	125.00
0.330260	125.00
0.330280	125.00
0.330300	125.00
0.330320	125.00
0.330340	124.00
0.330360	124.00
0.330380	124.00
0.330400	125.00
0.330420	125.00
0.330440	125.00
0.330460	125.00
0.330480	125.00
0.330500	125.00
0.330520	125.00
0.330540	125.00
0.330560	125.00
0.330580	125.00
0.330600	125.00
0.330620	125.00
0.330640	125.00
0.330660	125.00
0.330680	125.00
0.330700	125.00
0.330720	125.00
0.330740	124.00
0.330760	124.00
0.330780	125.00
0.330800	125.00
0.330820	125.00
0.330840	125.00
0.330860	125.00
0.330880	125.00
0.330900	125.00
0.330920	126.00
0.330940	126.00
0.330960	126.00
0.330980	126.00
0.331000	125.00
0.331020	125.00
0.331040	125.00
0.331060	125.00
0.331080	125.00
0.331100	125.00
0.331120	125.00
0.331140	125.00
0.331160	125.00
0.331180	124.00
0.331200	124.00
0.331220	124.00
0.331240	123.00
0.331260	123.00
0.331280	123.00
0.331300	123.00
0.331320	123.00
0.331340	122.00
0.331360	122.00
0.331380	123.00
0.331400	124.00
0.331420	126.00
0.331440	127.00
0.331460	128.00
0.331480	129.00
0.331500	130.00
0.331520	131.00
0.331540	131.00
0.331560	131.00
0.331580	130.00
0.331600	128.00
0.331620	126.00
0.331640	123.00
0.331660	121.00
0.331680	118.00
0.331700	116.00
0.331720	115.00
0.331740	115.00
0.331760	115.00
0.331780	116.00
0.331800	118.00
0.331820	120.00
0.331840	123.00
0.331860	127.00
0.331880	131.00
0.331900	135.00
0.331920	139.00
0.331940	141.00
0.331960	142.00
0.331980	142.00
0.332000	140.00
0.332020	137.00
0.332040	132.00
0.332060	126.00
0.332080	118.00
0.332100	111.00
0.332120	104.00
0.332140	99.00
0.332160	96.00
0.332180	96.00
0.332200	99.00
0.332220	104.00
0.332240	111.00
0.332260	121.00
0.332280	131.00
0.332300	141.00
0.332320	150.00
0.332340	157.00
0.332360	161.00
0.332380	163.00
0.332400	160.00
0.332420	154.00
0.332440	145.00
0.332460	135.00
0.332480	123.00
0.332500	111.00
0.332520	101.00
0.332540	93.00
0.332560	87.00
0.332580	85.00
0.332600	86.00
0.332620	91.00
0.332640	98.00
0.332660	108.00
0.332680	119.00
0.332700	130.00
0.332720	141.00
0.332740	150.00
0.332760	156.00
0.332780	160.00
0.332800	161.00
0.332820	158.00
0.332840	153.00
0.332860	145.00
0.332880	136.00
0.332900	127.00
0.332920	117.00
0.332940	109.00
0.332960	102.00
0.332980	98.00
0.333000	96.00
0.333020	97.00
0.333040	100.00
0.333060	105.00
0.333080	111.00
0.333100	118.00
0.333120	125.00
0.333140	132.00
0.333160	138.00
0.333180	142.00
0.333200	145.00
0.333220	145.00
0.333240	144.00
0.333260	142.00
0.333280	138.00
0.333300	133.00
0.333320	128.00
0.333340	123.00
0.333360	119.00
0.333380	116.00
0.333400	113.00
0.333420	112.00
0.333440	112.00
0.333460	113.00
0.333480	115.00
0.333500	117.00
0.333520	120.00
0.333540	123.00
0.333560	126.00
0.333580	130.00
0.333600	132.00
0.333620	133.00
0.333640	133.00
0.333660	133.00
0.333680	132.00
0.333700	131.00
0.333720	129.00
0.333740	127.00
0.333760	125.00
0.333780	124.00
0.333800	122.00
0.333820	121.00
0.333840	120.00
0.333860	119.00
0.333880	119.00
0.333900	120.00
0.333920	121.00
0.333940	122.00
0.333960	123.00
0.333980	124.00
0.334000	126.00
0.334020	127.00
0.334040	127.00
0.334060	128.00
0.334080	128.00
0.334100	128.00
0.334120	128.00
0.334140	128.00
0.334160	127.00
0.334180	126.00
0.334200	125.00
0.334220	125.00
0.334240	124.00
0.334260	124.00
0.334280	124.00
0.334300	124.00
0.334320	124.00
0.334340	124.00
0.334360	124.00
0.334380	125.00
0.334400	125.00
0.334420	125.00
0.334440	125.00
0.334460	125.00
0.334480	125.00
0.334500	126.00
0.334520	126.00
0.334540	126.00
0.334560	126.00
0.334580	126.00
0.334600	126.00
0.334620	126.00
0.334640	126.00
0.334660	126.00
0.334680	125.00
0.334700	124.00
0.334720	124.00
0.334740	124.00
0.334760	124.00
0.334780	124.00
0.334800	124.00
0.334820	124.00
0.334840	124.00
0.334860	125.00
0.334880	125.00
0.334900	125.00
0.334920	125.00
0.334940	125.00
0.334960	126.00
0.334980	126.00
0.335000	126.00
0.335020	126.00
0.335040	125.00
0.335060	125.00
0.335080	126.00
0.335100	126.00
0.335120	126.00
0.335140	125.00
0.335160	124.00
0.335180	124.00
0.335200	124.00
0.335220	124.00
0.335240	124.00
0.335260	124.00
0.335280	124.00
0.335300	125.00
0.335320	126.00
0.335340	126.00
0.335360	126.00
0.335380	126.00
0.335400	126.00
0.335420	126.00
0.335440	126.00
0.335460	126.00
0.335480	126.00
0.335500	126.00
0.335520	126.00
0.335540	125.00
0.335560	124.00
0.335580	124.00
0.335600	124.00
0.335620	124.00
0.335640	124.00
0.335660	124.00
0.335680	124.00
0.335700	124.00
0.335720	124.00
0.335740	125.00
0.335760	126.00
0.335780	126.00
0.335800	126.00
0.335820	126.00
0.335840	126.00
0.335860	126.00
0.335880	126.00
0.335900	126.00
0.335920	126.00
0.335940	126.00
0.335960	126.00
0.335980	125.00
0.336000	125.00
0.336020	124.00
0.336040	124.00
0.336060	124.00
0.336080	124.00
0.336100	124.00
0.336120	124.00
0.336140	124.00
0.336160	124.00
0.336180	124.00
0.336200	124.00
0.336220	125.00
0.336240	126.00
0.336260	126.00
0.336280	126.00
0.336300	126.00
0.336320	126.00
0.336340	126.00
0.336360	126.00
0.336380	126.00
0.336400	126.00
0.336420	125.00
0.336440	125.00
0.336460	125.00
0.336480	125.00
0.336500	125.00
0.336520	125.00
0.336540	125.00
0.336560	125.00
0.336580	125.00
0.336600	125.00
0.336620	125.00
0.336640	124.00
0.336660	124.00
0.336680	125.00
0.336700	125.00
0.336720	125.00
0.336740	125.00
0.336760	125.00
0.336780	125.00
0.336800	125.00
0.336820	125.00
0.336840	124.00
0.336860	124.00
0.336880	124.00
0.336900	124.00
0.336920	125.00
0.336940	125.00
0.336960	125.00
0.336980	125.00
0.337000	125.00
0.337020	125.00
0.337040	125.00
0.337060	125.00
0.337080	125.00
0.337100	124.00
0.337120	124.00
0.337140	124.00
0.337160	124.00
0.337180	124.00
0.337200	125.00
0.337220	125.00
0.337240	125.00
0.337260	125.00
0.337280	126.00
0.337300	126.00
0.337320	126.00
0.337340	126.00
0.337360	126.00
0.337380	126.00
0.337400	125.00
0.337420	125.00
0.337440	125.00
0.337460	125.00
0.337480	124.00
0.337500	124.00
0.337520	124.00
0.337540	124.00
0.337560	124.00
0.337580	123.00
0.337600	123.00
0.337620	124.00
0.337640	125.00
0.337660	125.00
0.337680	126.00
0.337700	126.00
0.337720	127.00
0.337740	128.00
0.337760	128.00
0.337780	128.00
0.337800	128.00
0.337820	127.00
0.337840	126.00
0.337860	125.00
0.337880	123.00
0.337900	122.00
0.337920	121.00
0.337940	120.00
0.337960	120.00
0.337980	121.00
0.338000	121.00
0.338020	122.00
0.338040	123.00
0.338060	124.00
0.338080	125.00
0.338100	127.00
0.338120	129.00
0.338140	131.00
0.338160	132.00
0.338180	132.00
0.338200	132.00
0.338220	132.00
0.338240	131.00
0.338260	129.00
0.338280	126.00
0.338300	123.00
0.338320	120.00
0.338340	118.00
0.338360	115.00
0.338380	114.00
0.338400	113.00
0.338420	113.00
0.338440	115.00
0.338460	118.00
0.338480	122.00
0.338500	126.00
0.338520	130.00
0.338540	133.00
0.338560	137.00
0.338580	139.00
0.338600	140.00
0.338620	139.00
0.338640	137.00
0.338660	135.00
0.338680	131.00
0.338700	127.00
0.338720	122.00
0.338740	117.00
0.338760	114.00
0.338780	111.00
0.338800	110.00
0.338820	110.00
0.338840	110.00
0.338860	112.00
0.338880	115.00
0.338900	119.00
0.338920	124.00
0.338940	128.00
0.338960	132.00
0.338980	135.00
0.339000	137.00
0.339020	138.00
0.339040	138.00
0.339060	137.00
0.339080	135.00
0.339100	132.00
0.339120	129.00
0.339140	125.00
0.339160	121.00
0.339180	119.00
0.339200	117.00
0.339220	116.00
0.339240	115.00
0.339260	115.00
0.339280	116.00
0.339300	118.00
0.339320	121.00
0.339340	124.00
0.339360	126.00
0.339380	128.00
0.339400	130.00
0.339420	131.00
0.339440	132.00
0.339460	132.00
0.339480	131.00
0.339500	130.00
0.339520	129.00
0.339540	127.00
0.339560	126.00
0.339580	124.00
0.339600	123.00
0.339620	122.00
0.339640	121.00
0.339660	121.00
0.339680	122.00
0.339700	122.00
0.339720	123.00
0.339740	124.00
0.339760	124.00
0.339780	125.00
0.339800	126.00
0.339820	126.00
0.339840	126.00
0.339860	126.00
0.339880	126.00
0.339900	126.00
0.339920	126.00
0.339940	126.00
0.339960	126.00
0.339980	125.00
0.340000	124.00
0.340020	124.00
0.340040	124.00
0.340060	124.00
0.340080	124.00
0.340100	124.00
0.340120	124.00
0.340140	124.00
0.340160	124.00
0.340180	124.00
0.340200	124.00
0.340220	124.00
0.340240	125.00
0.340260	126.00
0.340280	126.00
0.340300	126.00
0.340320	126.00
0.340340	126.00
0.340360	126.00
0.340380	126.00
0.340400	126.00
0.340420	125.00
0.340440	125.00
0.340460	125.00
0.340480	125.00
0.340500	124.00
0.340520	124.00
0.340540	124.00
0.340560	124.00
0.340580	124.00
0.340600	124.00
0.340620	124.00
0.340640	124.00
0.340660	125.00
0.340680	125.00
0.340700	126.00
0.340720	126.00
0.340740	126.00
0.340760	126.00
0.340780	126.00
0.340800	126.00
0.340820	126.00
0.340840	125.00
0.340860	125.00
0.340880	124.00
0.340900	124.00
0.340920	124.00
0.340940	124.00
0.340960	124.00
0.340980	124.00
0.341000	123.00
0.341020	123.00
0.341040	124.00
0.341060	125.00
0.341080	125.00
0.341100	126.00
0.341120	126.00
0.341140	126.00
0.341160	127.00
0.341180	127.00
0.341200	126.00
0.341220	126.00
0.341240	125.00
0.341260	125.00
0.341280	125.00
0.341300	124.00
0.341320	124.00
0.341340	124.00
0.341360	124.00
0.341380	124.00
0.341400	124.00
0.341420	124.00
0.341440	124.00
0.341460	124.00
0.341480	125.00
0.341500	125.00
0.341520	125.00
0.341540	126.00
0.341560	126.00
0.341580	126.00
0.341600	126.00
0.341620	125.00
0.341640	125.00
0.341660	125.00
0.341680	125.00
0.341700	124.00
0.341720	124.00
0.341740	124.00
0.341760	124.00
0.341780	124.00
0.341800	124.00
0.341820	124.00
0.341840	124.00
0.341860	124.00
0.341880	125.00
0.341900	125.00
0.341920	126.00
0.341940	126.00
0.341960	126.00
0.341980	126.00
0.342000	126.00
0.342020	126.00
0.342040	126.00
0.342060	126.00
0.342080	126.00
0.342100	125.00
0.342120	124.00
0.342140	124.00
0.342160	125.00
0.342180	125.00
0.342200	125.00
0.342220	125.00
0.342240	125.00
0.342260	125.00
0.342280	125.00
0.342300	125.00
0.342320	125.00
0.342340	125.00
0.342360	126.00
0.342380	126.00
0.342400	125.00
0.342420	125.00
0.342440	125.00
0.342460	125.00
0.342480	125.00
0.342500	125.00
0.342520	125.00
0.342540	125.00
0.342560	125.00
0.342580	125.00
0.342600	125.00
0.342620	125.00
0.342640	125.00
0.342660	125.00
0.342680	125.00
0.342700	125.00
0.342720	125.00
0.342740	125.00
0.342760	125.00
0.342780	125.00
0.342800	125.00
0.342820	124.00
0.342840	124.00
0.342860	125.00
0.342880	125.00
0.342900	126.00
0.342920	125.00
0.342940	125.00
0.342960	125.00
0.342980	125.00
0.343000	125.00
0.343020	125.00
0.343040	125.00
0.343060	125.00
0.343080	126.00
0.343100	126.00
0.343120	126.00
0.343140	125.00
0.343160	125.00
0.343180	124.00
0.343200	124.00
0.343220	124.00
0.343240	124.00
0.343260	124.00
0.343280	124.00
0.343300	124.00
0.343320	124.00
0.343340	124.00
0.343360	125.00
0.343380	125.00
0.343400	125.00
0.343420	125.00
0.343440	125.00
0.343460	126.00
0.343480	126.00
0.343500	126.00
0.343520	126.00
0.343540	126.00
0.343560	125.00
0.343580	125.00
0.343600	125.00
0.343620	124.00
0.343640	124.00
0.343660	123.00
0.343680	123.00
0.343700	124.00
0.343720	124.00
0.343740	124.00
0.343760	124.00
0.343780	124.00
0.343800	124.00
0.343820	124.00
0.343840	124.00
0.343860	125.00
0.343880	125.00
0.343900	126.00
0.343920	126.00
0.343940	127.00
0.343960	127.00
0.343980	127.00
0.344000	126.00
0.344020	126.00
0.344040	126.00
0.344060	125.00
0.344080	125.00
0.344100	124.00
0.344120	124.00
0.344140	123.00
0.344160	123.00
0.344180	123.00
0.344200	123.00
0.344220	123.00
0.344240	123.00
0.344260	123.00
0.344280	123.00
0.344300	124.00
0.344320	125.00
0.344340	126.00
0.344360	127.00
0.344380	128.00
0.344400	128.00
0.344420	128.00
0.344440	128.00
0.344460	128.00
0.344480	127.00
0.344500	127.00
0.344520	126.00
0.344540	124.00
0.344560	123.00
0.344580	121.00
0.344600	120.00
0.344620	119.00
0.344640	119.00
0.344660	119.00
0.344680	120.00
0.344700	121.00
0.344720	123.00
0.344740	125.00
0.344760	127.00
0.344780	129.00
0.344800	130.00
0.344820	131.00
0.344840	132.00
0.344860	133.00
0.344880	132.00
0.344900	131.00
0.344920	129.00
0.344940	127.00
0.344960	124.00
0.344980	122.00
0.345000	119.00
0.345020	118.00
0.345040	116.00
0.345060	116.00
0.345080	116.00
0.345100	117.00
0.345120	119.00
0.345140	121.00
0.345160	123.00
0.345180	125.00
0.345200	128.00
0.345220	130.00
0.345240	132.00
0.345260	133.00
0.345280	134.00
0.345300	133.00
0.345320	132.00
0.345340	130.00
0.345360	128.00
0.345380	126.00
0.345400	124.00
0.345420	123.00
0.345440	121.00
0.345460	120.00
0.345480	119.00
0.345500	119.00
0.345520	119.00
0.345540	120.00
0.345560	121.00
0.345580	123.00
0.345600	124.00
0.345620	125.00
0.345640	126.00
0.345660	127.00
0.345680	128.00
0.345700	129.00
0.345720	129.00
0.345740	129.00
0.345760	128.00
0.345780	127.00
0.345800	126.00
0.345820	125.00
0.345840	124.00
0.345860	123.00
0.345880	123.00
0.345900	122.00
0.345920	122.00
0.345940	122.00
0.345960	122.00
0.345980	122.00
0.346000	123.00
0.346020	124.00
0.346040	124.00
0.346060	125.00
0.346080	126.00
0.346100	126.00
0.346120	126.00
0.346140	126.00
0.346160	126.00
0.346180	126.00
0.346200	126.00
0.346220	126.00
0.346240	125.00
0.346260	125.00
0.346280	125.00
0.346300	124.00
0.346320	123.00
0.346340	123.00
0.346360	123.00
0.346380	124.00
0.346400	124.00
0.346420	124.00
0.346440	124.00
0.346460	124.00
0.346480	124.00
0.346500	125.00
0.346520	126.00
0.346540	126.00
0.346560	126.00
0.346580	126.00
0.346600	126.00
0.346620	126.00
0.346640	126.00
0.346660	126.00
0.346680	126.00
0.346700	125.00
0.346720	125.00
0.346740	125.00
0.346760	124.00
0.346780	124.00
0.346800	123.00
0.346820	123.00
0.346840	123.00
0.346860	123.00
0.346880	124.00
0.346900	125.00
0.346920	125.00
0.346940	125.00
0.346960	125.00
0.346980	126.00
0.347000	126.00
0.347020	126.00
0.347040	126.00
0.347060	125.00
0.347080	125.00
0.347100	125.00
0.347120	125.00
0.347140	125.00
0.347160	124.00
0.347180	124.00
0.347200	124.00
0.347220	124.00
0.347240	124.00
0.347260	124.00
0.347280	124.00
0.347300	124.00
0.347320	125.00
0.347340	125.00
0.347360	125.00
0.347380	125.00
0.347400	125.00
0.347420	125.00
0.347440	125.00
0.347460	125.00
0.347480	125.00
0.347500	125.00
0.347520	125.00
0.347540	124.00
0.347560	124.00
0.347580	124.00
0.347600	124.00
0.347620	124.00
0.347640	124.00
0.347660	125.00
0.347680	125.00
0.347700	125.00
0.347720	125.00
0.347740	125.00
0.347760	126.00
0.347780	126.00
0.347800	126.00
0.347820	125.00
0.347840	125.00
0.347860	124.00
0.347880	124.00
0.347900	125.00
0.347920	125.00
0.347940	125.00
0.347960	125.00
0.347980	124.00
0.348000	124.00
0.348020	125.00
0.348040	125.00
0.348060	125.00
0.348080	125.00
0.348100	125.00
0.348120	125.00
0.348140	125.00
0.348160	125.00
0.348180	125.00
0.348200	125.00
0.348220	125.00
0.348240	125.00
0.348260	124.00
0.348280	124.00
0.348300	124.00
0.348320	124.00
0.348340	124.00
0.348360	124.00
0.348380	124.00
0.348400	124.00
0.348420	124.00
0.348440	125.00
0.348460	126.00
0.348480	126.00
0.348500	126.00
0.348520	126.00
0.348540	126.00
0.348560	126.00
0.348580	125.00
0.348600	125.00
0.348620	125.00
0.348640	125.00
0.348660	124.00
0.348680	124.00
0.348700	124.00
0.348720	124.00
0.348740	124.00
0.348760	124.00
0.348780	124.00
0.348800	125.00
0.348820	125.00
0.348840	125.00
0.348860	125.00
0.348880	125.00
0.348900	125.00
0.348920	125.00
0.348940	125.00
0.348960	125.00
0.348980	125.00
0.349000	124.00
0.349020	124.00
0.349040	124.00
0.349060	124.00
0.349080	124.00
0.349100	124.00
0.349120	124.00
0.349140	124.00
0.349160	124.00
0.349180	124.00
0.349200	125.00
0.349220	125.00
0.349240	125.00
0.349260	125.00
0.349280	125.00
0.349300	125.00
0.349320	125.00
0.349340	125.00
0.349360	125.00
0.349380	125.00
0.349400	125.00
0.349420	125.00
0.349440	125.00
0.349460	125.00
0.349480	125.00
0.349500	124.00
0.349520	124.00
0.349540	124.00
0.349560	124.00
0.349580	125.00
0.349600	126.00
0.349620	126.00
0.349640	126.00
0.349660	125.00
0.349680	125.00
0.349700	125.00
0.349720	125.00
0.349740	125.00
0.349760	125.00
0.349780	125.00
0.349800	124.00
0.349820	124.00
0.349840	124.00
0.349860	124.00
0.349880	124.00
0.349900	125.00
0.349920	125.00
0.349940	125.00
0.349960	125.00
0.349980	125.00
0.350000	125.00
0.350020	125.00
0.350040	125.00
0.350060	125.00
0.350080	125.00
0.350100	126.00
0.350120	126.00
0.350140	125.00
0.350160	125.00
0.350180	125.00
0.350200	125.00
0.350220	125.00
0.350240	125.00
0.350260	125.00
0.350280	125.00
0.350300	125.00
0.350320	124.00
0.350340	124.00
0.350360	124.00
0.350380	124.00
0.350400	124.00
0.350420	124.00
0.350440	124.00
0.350460	124.00
0.350480	124.00
0.350500	125.00
0.350520	125.00
0.350540	125.00
0.350560	125.00
0.350580	126.00
0.350600	126.00
0.350620	126.00
0.350640	126.00
0.350660	126.00
0.350680	126.00
0.350700	126.00
0.350720	126.00
0.350740	126.00
0.350760	125.00
0.350780	124.00
0.350800	123.00
0.350820	123.00
0.350840	122.00
0.350860	122.00
0.350880	122.00
0.350900	122.00
0.350920	122.00
0.350940	123.00
0.350960	124.00
0.350980	126.00
0.351000	127.00
0.351020	128.00
0.351040	129.00
0.351060	129.00
0.351080	129.00
0.351100	129.00
0.351120	128.00
0.351140	128.00
0.351160	127.00
0.351180	126.00
0.351200	124.00
0.351220	123.00
0.351240	121.00
0.351260	121.00
0.351280	120.00
0.351300	120.00
0.351320	120.00
0.351340	121.00
0.351360	122.00
0.351380	123.00
0.351400	124.00
0.351420	126.00
0.351440	127.00
0.351460	129.00
0.351480	129.00
0.351500	130.00
0.351520	129.00
0.351540	129.00
0.351560	128.00
0.351580	127.00
0.351600	126.00
0.351620	124.00
0.351640	123.00
0.351660	122.00
0.351680	122.00
0.351700	121.00
0.351720	121.00
0.351740	121.00
0.351760	122.00
0.351780	122.00
0.351800	123.00
0.351820	124.00
0.351840	125.00
0.351860	126.00
0.351880	127.00
0.351900	128.00
0.351920	128.00
0.351940	128.00
0.351960	128.00
0.351980	127.00
0.352000	127.00
0.352020	126.00
0.352040	126.00
0.352060	125.00
0.352080	124.00
0.352100	124.00
0.352120	123.00
0.352140	123.00
0.352160	123.00
0.352180	123.00
0.352200	123.00
0.352220	123.00
0.352240	124.00
0.352260	124.00
0.352280	125.00
0.352300	125.00
0.352320	125.00
0.352340	126.00
0.352360	126.00
0.352380	126.00
0.352400	126.00
0.352420	126.00
0.352440	126.00
0.352460	126.00
0.352480	126.00
0.352500	125.00
0.352520	124.00
0.352540	124.00
0.352560	124.00
0.352580	124.00
0.352600	124.00
0.352620	124.00
0.352640	124.00
0.352660	124.00
0.352680	125.00
0.352700	125.00
0.352720	126.00
0.352740	126.00
0.352760	126.00
0.352780	126.00
0.352800	126.00
0.352820	126.00
0.352840	126.00
0.352860	126.00
0.352880	126.00
0.352900	125.00
0.352920	125.00
0.352940	125.00
0.352960	124.00
0.352980	124.00
0.353000	124.00
0.353020	124.00
0.353040	124.00
0.353060	125.00
0.353080	125.00
0.353100	125.00
0.353120	125.00
0.353140	126.00
0.353160	126.00
0.353180	127.00
0.353200	127.00
0.353220	126.00
0.353240	126.00
0.353260	125.00
0.353280	125.00
0.353300	125.00
0.353320	125.00
0.353340	125.00
0.353360	124.00
0.353380	124.00
0.353400	124.00
0.353420	124.00
0.353440	124.00
0.353460	124.00
0.353480	124.00
0.353500	124.00
0.353520	125.00
0.353540	125.00
0.353560	126.00
0.353580	126.00
0.353600	126.00
0.353620	126.00
0.353640	125.00
0.353660	125.00
0.353680	125.00
0.353700	125.00
0.353720	125.00
0.353740	124.00
0.353760	124.00
0.353780	124.00
0.353800	124.00
0.353820	124.00
0.353840	125.00
0.353860	125.00
0.353880	125.00
0.353900	125.00
0.353920	125.00
0.353940	125.00
0.353960	125.00
0.353980	125.00
0.354000	125.00
0.354020	125.00
0.354040	125.00
0.354060	125.00
0.354080	125.00
0.354100	125.00
0.354120	125.00
0.354140	124.00
0.354160	124.00
0.354180	124.00
0.354200	125.00
0.354220	125.00
0.354240	126.00
0.354260	126.00
0.354280	125.00
0.354300	125.00
0.354320	125.00
0.354340	126.00
0.354360	126.00
0.354380	126.00
0.354400	125.00
0.354420	124.00
0.354440	124.00
0.354460	124.00
0.354480	124.00
0.354500	124.00
0.354520	124.00
0.354540	124.00
0.354560	125.00
0.354580	125.00
0.354600	125.00
0.354620	125.00
0.354640	125.00
0.354660	126.00
0.354680	126.00
0.354700	126.00
0.354720	126.00
0.354740	125.00
0.354760	125.00
0.354780	125.00
0.354800	125.00
0.354820	125.00
0.354840	124.00
0.354860	124.00
0.354880	124.00
0.354900	124.00
0.354920	124.00
0.354940	124.00
0.354960	125.00
0.354980	125.00
0.355000	125.00
0.355020	126.00
0.355040	126.00
0.355060	126.00
0.355080	126.00
0.355100	126.00
0.355120	126.00
0.355140	126.00
0.355160	125.00
0.355180	125.00
0.355200	125.00
0.355220	124.00
0.355240	124.00
0.355260	124.00
0.355280	124.00
0.355300	124.00
0.355320	124.00
0.355340	124.00
0.355360	124.00
0.355380	125.00
0.355400	125.00
0.355420	125.00
0.355440	126.00
0.355460	126.00
0.355480	126.00
0.355500	126.00
0.355520	126.00
0.355540	125.00
0.355560	125.00
0.355580	125.00
0.355600	125.00
0.355620	125.00
0.355640	125.00
0.355660	125.00
0.355680	124.00
0.355700	124.00
0.355720	124.00
0.355740	124.00
0.355760	124.00
0.355780	125.00
0.355800	125.00
0.355820	125.00
0.355840	125.00
0.355860	125.00
0.355880	126.00
0.355900	126.00
0.355920	126.00
0.355940	126.00
0.355960	126.00
0.355980	126.00
0.356000	125.00
0.356020	125.00
0.356040	125.00
0.356060	125.00
0.356080	125.00
0.356100	125.00
0.356120	125.00
0.356140	125.00
0.356160	124.00
0.356180	124.00
0.356200	124.00
0.356220	124.00
0.356240	124.00
0.356260	125.00
0.356280	125.00
0.356300	125.00
0.356320	125.00
0.356340	125.00
0.356360	125.00
0.356380	125.00
0.356400	126.00
0.356420	126.00
0.356440	126.00
0.356460	126.00
0.356480	126.00
0.356500	125.00
0.356520	125.00
0.356540	125.00
0.356560	125.00
0.356580	125.00
0.356600	124.00
0.356620	124.00
0.356640	124.00
0.356660	124.00
0.356680	124.00
0.356700	124.00
0.356720	124.00
0.356740	125.00
0.356760	125.00
0.356780	125.00
0.356800	126.00
0.356820	126.00
0.356840	126.00
0.356860	126.00
0.356880	126.00
0.356900	125.00
0.356920	125.00
0.356940	125.00
0.356960	125.00
0.356980	125.00
0.357000	125.00
0.357020	124.00
0.357040	123.00
0.357060	123.00
0.357080	123.00
0.357100	123.00
0.357120	123.00
0.357140	123.00
0.357160	124.00
0.357180	124.00
0.357200	125.00
0.357220	126.00
0.357240	126.00
0.357260	127.00
0.357280	127.00
0.357300	127.00
0.357320	127.00
0.357340	127.00
0.357360	127.00
0.357380	127.00
0.357400	126.00
0.357420	125.00
0.357440	123.00
0.357460	122.00
0.357480	122.00
0.357500	121.00
0.357520	121.00
0.357540	122.00
0.357560	122.00
0.357580	123.00
0.357600	124.00
0.357620	125.00
0.357640	126.00
0.357660	127.00
0.357680	128.00
0.357700	129.00
0.357720	129.00
0.357740	128.00
0.357760	128.00
0.357780	128.00
0.357800	127.00
0.357820	126.00
0.357840	125.00
0.357860	124.00
0.357880	123.00
0.357900	122.00
0.357920	121.00
0.357940	121.00
0.357960	122.00
0.357980	123.00
0.358000	123.00
0.358020	124.00
0.358040	124.00
0.358060	125.00
0.358080	126.00
0.358100	127.00
0.358120	128.00
0.358140	127.00
0.358160	127.00
0.358180	126.00
0.358200	126.00
0.358220	126.00
0.358240	126.00
0.358260	125.00
0.358280	124.00
0.358300	123.00
0.358320	123.00
0.358340	123.00
0.358360	123.00
0.358380	123.00
0.358400	123.00
0.358420	123.00
0.358440	123.00
0.358460	124.00
0.358480	124.00
0.358500	125.00
0.358520	125.00
0.358540	126.00
0.358560	126.00
0.358580	126.00
0.358600	126.00
0.358620	126.00
0.358640	126.00
0.358660	126.00
0.358680	126.00
0.358700	126.00
0.358720	125.00
0.358740	124.00
0.358760	124.00
0.358780	124.00
0.358800	124.00
0.358820	123.00
0.358840	123.00
0.358860	123.00
0.358880	124.00
0.358900	125.00
0.358920	125.00
0.358940	125.00
0.358960	126.00
0.358980	126.00
0.359000	126.00
0.359020	125.00
0.359040	125.00
0.359060	125.00
0.359080	125.00
0.359100	125.00
0.359120	125.00
0.359140	124.00
0.359160	123.00
0.359180	123.00
0.359200	123.00
0.359220	124.00
0.359240	124.00
0.359260	124.00
0.359280	125.00
0.359300	125.00
0.359320	125.00
0.359340	125.00
0.359360	125.00
0.359380	125.00
0.359400	126.00
0.359420	126.00
0.359440	126.00
0.359460	126.00
0.359480	125.00
0.359500	125.00
0.359520	125.00
0.359540	125.00
0.359560	125.00
0.359580	125.00
0.359600	124.00
0.359620	124.00
0.359640	124.00
0.359660	125.00
0.359680	125.00
0.359700	125.00
0.359720	125.00
0.359740	125.00
0.359760	125.00
0.359780	125.00
0.359800	126.00
0.359820	126.00
0.359840	125.00
0.359860	125.00
0.359880	125.00
0.359900	125.00
0.359920	125.00
0.359940	124.00
0.359960	125.00
0.359980	126.00
