0.320000	101.00
0.320020	49.00
0.320040	101.00
0.320060	140.00
0.320080	143.00
0.320100	125.00
0.320120	113.00
0.320140	118.00
0.320160	131.00
0.320180	133.00
0.320200	125.00
0.320220	118.00
0.320240	120.00
0.320260	128.00
0.320280	130.00
0.320300	124.00
0.320320	120.00
0.320340	121.00
0.320360	127.00
0.320380	128.00
0.320400	124.00
0.320420	121.00
0.320440	122.00
0.320460	127.00
0.320480	128.00
0.320500	125.00
0.320520	122.00
0.320540	123.00
0.320560	127.00
0.320580	128.00
0.320600	125.00
0.320620	122.00
0.320640	123.00
0.320660	126.00
0.320680	127.00
0.320700	125.00
0.320720	123.00
0.320740	124.00
0.320760	126.00
0.320780	127.00
0.320800	125.00
0.320820	123.00
0.320840	123.00
0.320860	125.00
0.320880	126.00
0.320900	124.00
0.320920	123.00
0.320940	124.00
0.320960	126.00
0.320980	127.00
0.321000	125.00
0.321020	124.00
0.321040	124.00
0.321060	126.00
0.321080	127.00
0.321100	125.00
0.321120	124.00
0.321140	125.00
0.321160	127.00
0.321180	127.00
0.321200	126.00
0.321220	124.00
0.321240	124.00
0.321260	125.00
0.321280	126.00
0.321300	125.00
0.321320	124.00
0.321340	124.00
0.321360	126.00
0.321380	126.00
0.321400	125.00
0.321420	123.00
0.321440	124.00
0.321460	125.00
0.321480	125.00
0.321500	124.00
0.321520	123.00
0.321540	123.00
0.321560	124.00
0.321580	125.00
0.321600	124.00
0.321620	123.00
0.321640	124.00
0.321660	125.00
0.321680	125.00
0.321700	124.00
0.321720	124.00
0.321740	124.00
0.321760	125.00
0.321780	125.00
0.321800	124.00
0.321820	123.00
0.321840	124.00
0.321860	125.00
0.321880	126.00
0.321900	125.00
0.321920	124.00
0.321940	124.00
0.321960	125.00
0.321980	126.00
0.322000	125.00
0.322020	124.00
0.322040	124.00
0.322060	125.00
0.322080	125.00
0.322100	124.00
0.322120	123.00
0.322140	123.00
0.322160	125.00
0.322180	125.00
0.322200	125.00
0.322220	124.00
0.322240	124.00
0.322260	125.00
0.322280	126.00
0.322300	125.00
0.322320	125.00
0.322340	124.00
0.322360	125.00
0.322380	125.00
0.322400	125.00
0.322420	124.00
0.322440	125.00
0.322460	125.00
0.322480	126.00
0.322500	125.00
0.322520	124.00
0.322540	124.00
0.322560	125.00
0.322580	125.00
0.322600	124.00
0.322620	124.00
0.322640	125.00
0.322660	126.00
0.322680	126.00
0.322700	125.00
0.322720	124.00
0.322740	124.00
0.322760	124.00
0.322780	124.00
0.322800	124.00
0.322820	123.00
0.322840	124.00
0.322860	125.00
0.322880	125.00
0.322900	124.00
0.322920	124.00
0.322940	124.00
0.322960	125.00
0.322980	125.00
0.323000	125.00
0.323020	125.00
0.323040	125.00
0.323060	125.00
0.323080	125.00
0.323100	125.00
0.323120	124.00
0.323140	125.00
0.323160	125.00
0.323180	126.00
0.323200	125.00
0.323220	124.00
0.323240	125.00
0.323260	125.00
0.323280	126.00
0.323300	125.00
0.323320	124.00
0.323340	124.00
0.323360	125.00
0.323380	126.00
0.323400	126.00
0.323420	125.00
0.323440	125.00
0.323460	125.00
0.323480	125.00
0.323500	125.00
0.323520	124.00
0.323540	125.00
0.323560	125.00
0.323580	126.00
0.323600	125.00
0.323620	125.00
0.323640	125.00
0.323660	125.00
0.323680	125.00
0.323700	124.00
0.323720	124.00
0.323740	124.00
0.323760	125.00
0.323780	125.00
0.323800	125.00
0.323820	124.00
0.323840	124.00
0.323860	124.00
0.323880	125.00
0.323900	124.00
0.323920	124.00
0.323940	124.00
0.323960	124.00
0.323980	125.00
0.324000	125.00
0.324020	125.00
0.324040	125.00
0.324060	125.00
0.324080	125.00
0.324100	125.00
0.324120	124.00
0.324140	124.00
0.324160	125.00
0.324180	125.00
0.324200	125.00
0.324220	124.00
0.324240	124.00
0.324260	125.00
0.324280	125.00
0.324300	125.00
0.324320	125.00
0.324340	125.00
0.324360	125.00
0.324380	125.00
0.324400	125.00
0.324420	124.00
0.324440	123.00
0.324460	124.00
0.324480	124.00
0.324500	125.00
0.324520	125.00
0.324540	125.00
0.324560	125.00
0.324580	125.00
0.324600	125.00
0.324620	124.00
0.324640	124.00
0.324660	124.00
0.324680	125.00
0.324700	125.00
0.324720	124.00
0.324740	124.00
0.324760	123.00
0.324780	123.00
0.324800	122.00
0.324820	121.00
0.324840	121.00
0.324860	121.00
0.324880	122.00
0.324900	123.00
0.324920	125.00
0.324940	128.00
0.324960	133.00
0.324980	137.00
0.325000	140.00
0.325020	143.00
0.325040	145.00
0.325060	145.00
0.325080	142.00
0.325100	135.00
0.325120	126.00
0.325140	116.00
0.325160	106.00
0.325180	98.00
0.325200	90.00
0.325220	84.00
0.325240	80.00
0.325260	80.00
0.325280	84.00
0.325300	93.00
0.325320	106.00
0.325340	123.00
0.325360	141.00
0.325380	160.00
0.325400	174.00
0.325420	184.00
0.325440	190.00
0.325460	193.00
0.325480	192.00
0.325500	186.00
0.325520	173.00
0.325540	153.00
0.325560	128.00
0.325580	100.00
0.325600	70.00
0.325620	42.00
0.325640	21.00
0.325660	9.00
0.325680	6.00
0.325700	13.00
0.325720	29.00
0.325740	58.00
0.325760	97.00
0.325780	143.00
0.325800	187.00
0.325820	223.00
0.325840	246.00
0.325860	255.00
0.325880	255.00
0.325900	251.00
0.325920	238.00
0.325940	212.00
0.325960	169.00
0.325980	113.00
0.326000	54.00
0.326020	11.00
0.326040	0.00
0.326060	0.00
0.326080	7.00
0.326100	6.00
0.326120	0.00
0.326140	0.00
0.326160	14.00
0.326180	66.00
0.326200	136.00
0.326220	200.00
0.326240	241.00
0.326260	255.00
0.326280	255.00
0.326300	255.00
0.326320	255.00
0.326340	253.00
0.326360	238.00
0.326380	204.00
0.326400	153.00
0.326420	94.00
0.326440	41.00
0.326460	7.00
0.326480	0.00
0.326500	0.00
0.326520	4.00
0.326540	2.00
0.326560	0.00
0.326580	4.00
0.326600	33.00
0.326620	82.00
0.326640	139.00
0.326660	187.00
0.326680	220.00
0.326700	238.00
0.326720	245.00
0.326740	246.00
0.326760	240.00
0.326780	226.00
0.326800	205.00
0.326820	176.00
0.326840	142.00
0.326860	107.00
0.326880	73.00
0.326900	45.00
0.326920	26.00
0.326940	16.00
0.326960	16.00
0.326980	24.00
0.327000	40.00
0.327020	62.00
0.327040	88.00
0.327060	116.00
0.327080	141.00
0.327100	163.00
0.327120	180.00
0.327140	191.00
0.327160	196.00
0.327180	193.00
0.327200	186.00
0.327220	174.00
0.327240	159.00
0.327260	143.00
0.327280	126.00
0.327300	110.00
0.327320	96.00
0.327340	86.00
0.327360	80.00
0.327380	78.00
0.327400	81.00
0.327420	87.00
0.327440	95.00
0.327460	106.00
0.327480	116.00
0.327500	127.00
0.327520	137.00
0.327540	145.00
0.327560	151.00
0.327580	154.00
0.327600	154.00
0.327620	152.00
0.327640	148.00
0.327660	143.00
0.327680	136.00
0.327700	129.00
0.327720	122.00
0.327740	116.00
0.327760	112.00
0.327780	108.00
0.327800	106.00
0.327820	106.00
0.327840	108.00
0.327860	111.00
0.327880	115.00
0.327900	119.00
0.327920	124.00
0.327940	128.00
0.327960	132.00
0.327980	135.00
0.328000	136.00
0.328020	137.00
0.328040	137.00
0.328060	136.00
0.328080	134.00
0.328100	131.00
0.328120	128.00
0.328140	125.00
0.328160	123.00
0.328180	120.00
0.328200	118.00
0.328220	117.00
0.328240	117.00
0.328260	117.00
0.328280	119.00
0.328300	120.00
0.328320	121.00
0.328340	123.00
0.328360	125.00
0.328380	126.00
0.328400	128.00
0.328420	129.00
0.328440	130.00
0.328460	130.00
0.328480	130.00
0.328500	129.00
0.328520	129.00
0.328540	128.00
0.328560	127.00
0.328580	125.00
0.328600	124.00
0.328620	123.00
0.328640	122.00
0.328660	122.00
0.328680	122.00
0.328700	122.00
0.328720	122.00
0.328740	123.00
0.328760	124.00
0.328780	125.00
0.328800	126.00
0.328820	126.00
0.328840	126.00
0.328860	126.00
0.328880	126.00
0.328900	126.00
0.328920	126.00
0.328940	126.00
0.328960	126.00
0.328980	125.00
0.329000	125.00
0.329020	125.00
0.329040	125.00
0.329060	125.00
0.329080	124.00
0.329100	124.00
0.329120	124.00
0.329140	125.00
0.329160	125.00
0.329180	125.00
0.329200	125.00
0.329220	125.00
0.329240	126.00
0.329260	126.00
0.329280	126.00
0.329300	125.00
0.329320	125.00
0.329340	124.00
0.329360	124.00
0.329380	124.00
0.329400	124.00
0.329420	123.00
0.329440	123.00
0.329460	123.00
0.329480	124.00
0.329500	124.00
0.329520	124.00
0.329540	125.00
0.329560	126.00
0.329580	126.00
0.329600	126.00
0.329620	126.00
0.329640	126.00
0.329660	126.00
0.329680	127.00
0.329700	126.00
0.329720	126.00
0.329740	125.00
0.329760	125.00
0.329780	124.00
0.329800	124.00
0.329820	124.00
0.329840	124.00
0.329860	124.00
0.329880	123.00
0.329900	123.00
0.329920	124.00
0.329940	124.00
0.329960	125.00
0.329980	125.00
0.330000	125.00
0.330020	126.00
0.330040	126.00
0.330060	126.00
0.330080	126.00
0.330100	126.00
0.330120	126.00
0.330140	126.00
0.330160	126.00
0.330180	126.00
0.330200	125.00
0.330220	125.00
0.330240	124.00
0.330260	124.00
0.330280	124.00
0.330300	124.00
0.330320	124.00
0.330340	124.00
0.330360	125.00
0.330380	125.00
0.330400	125.00
0.330420	125.00
0.330440	126.00
0.330460	126.00
0.330480	126.00
0.330500	125.00
0.330520	125.00
0.330540	125.00
0.330560	125.00
0.330580	125.00
0.330600	125.00
0.330620	125.00
0.330640	125.00
0.330660	124.00
0.330680	124.00
0.330700	124.00
0.330720	124.00
0.330740	124.00
0.330760	125.00
0.330780	125.00
0.330800	125.00
0.330820	125.00
0.330840	125.00
0.330860	126.00
0.330880	126.00
0.330900	126.00
0.330920	126.00
0.330940	125.00
0.330960	125.00
0.330980	125.00
0.331000	125.00
0.331020	125.00
0.331040	125.00
0.331060	125.00
0.331080	125.00
0.331100	125.00
0.331120	125.00
0.331140	124.00
0.331160	124.00
0.331180	124.00
0.331200	123.00
0.331220	123.00
0.331240	123.00
0.331260	123.00
0.331280	123.00
0.331300	123.00
0.331320	124.00
0.331340	125.00
0.331360	127.00
0.331380	129.00
0.331400	130.00
0.331420	131.00
0.331440	131.00
0.331460	131.00
0.331480	131.00
0.331500	130.00
0.331520	129.00
0.331540	127.00
0.331560	124.00
0.331580	121.00
0.331600	119.00
0.331620	117.00
0.331640	116.00
0.331660	115.00
0.331680	115.00
0.331700	115.00
0.331720	117.00
0.331740	119.00
0.331760	123.00
0.331780	126.00
0.331800	130.00
0.331820	135.00
0.331840	139.00
0.331860	142.00
0.331880	143.00
0.331900	143.00
0.331920	141.00
0.331940	138.00
0.331960	133.00
0.331980	127.00
0.332000	119.00
0.332020	111.00
0.332040	104.00
0.332060	99.00
0.332080	95.00
0.332100	94.00
0.332120	96.00
0.332140	102.00
0.332160	110.00
0.332180	119.00
0.332200	130.00
0.332220	140.00
0.332240	149.00
0.332260	157.00
0.332280	162.00
0.332300	164.00
0.332320	162.00
0.332340	156.00
0.332360	148.00
0.332380	138.00
0.332400	126.00
0.332420	114.00
0.332440	103.00
0.332460	94.00
0.332480	88.00
0.332500	84.00
0.332520	85.00
0.332540	89.00
0.332560	96.00
0.332580	105.00
0.332600	116.00
0.332620	128.00
0.332640	139.00
0.332660	149.00
0.332680	156.00
0.332700	160.00
0.332720	162.00
0.332740	160.00
0.332760	155.00
0.332780	148.00
0.332800	139.00
0.332820	129.00
0.332840	120.00
0.332860	111.00
0.332880	104.00
0.332900	99.00
0.332920	96.00
0.332940	96.00
0.332960	99.00
0.332980	103.00
0.333000	110.00
0.333020	117.00
0.333040	124.00
0.333060	130.00
0.333080	136.00
0.333100	140.00
0.333120	144.00
0.333140	146.00
0.333160	145.00
0.333180	143.00
0.333200	138.00
0.333220	134.00
0.333240	129.00
0.333260	125.00
0.333280	120.00
0.333300	116.00
0.333320	113.00
0.333340	112.00
0.333360	112.00
0.333380	112.00
0.333400	114.00
0.333420	117.00
0.333440	120.00
0.333460	123.00
0.333480	126.00
0.333500	128.00
0.333520	130.00
0.333540	132.00
0.333560	134.00
0.333580	134.00
0.333600	133.00
0.333620	132.00
0.333640	130.00
0.333660	128.00
0.333680	126.00
0.333700	124.00
0.333720	122.00
0.333740	121.00
0.333760	120.00
0.333780	120.00
0.333800	120.00
0.333820	120.00
0.333840	121.00
0.333860	122.00
0.333880	123.00
0.333900	125.00
0.333920	126.00
0.333940	127.00
0.333960	128.00
0.333980	128.00
0.334000	128.00
0.334020	128.00
0.334040	128.00
0.334060	128.00
0.334080	128.00
0.334100	127.00
0.334120	126.00
0.334140	125.00
0.334160	124.00
0.334180	123.00
0.334200	123.00
0.334220	123.00
0.334240	124.00
0.334260	124.00
0.334280	124.00
0.334300	124.00
0.334320	124.00
0.334340	124.00
0.334360	124.00
0.334380	124.00
0.334400	124.00
0.334420	125.00
0.334440	125.00
0.334460	126.00
0.334480	126.00
0.334500	126.00
0.334520	126.00
0.334540	126.00
0.334560	126.00
0.334580	126.00
0.334600	126.00
0.334620	125.00
0.334640	124.00
0.334660	124.00
0.334680	124.00
0.334700	124.00
0.334720	124.00
0.334740	124.00
0.334760	124.00
0.334780	124.00
0.334800	125.00
0.334820	125.00
0.334840	125.00
0.334860	126.00
0.334880	126.00
0.334900	126.00
0.334920	126.00
0.334940	126.00
0.334960	126.00
0.334980	126.00
0.335000	126.00
0.335020	126.00
0.335040	126.00
0.335060	126.00
0.335080	125.00
0.335100	124.00
0.335120	123.00
0.335140	123.00
0.335160	123.00
0.335180	124.00
0.335200	124.00
0.335220	125.00
0.335240	125.00
0.335260	125.00
0.335280	126.00
0.335300	126.00
0.335320	126.00
0.335340	126.00
0.335360	126.00
0.335380	126.00
0.335400	126.00
0.335420	126.00
0.335440	126.00
0.335460	126.00
0.335480	125.00
0.335500	124.00
0.335520	123.00
0.335540	123.00
0.335560	124.00
0.335580	124.00
0.335600	124.00
0.335620	123.00
0.335640	124.00
0.335660	124.00
0.335680	125.00
0.335700	126.00
0.335720	126.00
0.335740	126.00
0.335760	126.00
0.335780	126.00
0.335800	126.00
0.335820	126.00
0.335840	126.00
0.335860	126.00
0.335880	126.00
0.335900	125.00
0.335920	125.00
0.335940	124.00
0.335960	124.00
0.335980	124.00
0.336000	124.00
0.336020	124.00
0.336040	124.00
0.336060	124.00
0.336080	124.00
0.336100	125.00
0.336120	125.00
0.336140	125.00
0.336160	125.00
0.336180	125.00
0.336200	125.00
0.336220	125.00
0.336240	126.00
0.336260	126.00
0.336280	125.00
0.336300	125.00
0.336320	125.00
0.336340	125.00
0.336360	125.00
0.336380	126.00
0.336400	125.00
0.336420	125.00
0.336440	124.00
0.336460	125.00
0.336480	125.00
0.336500	125.00
0.336520	125.00
0.336540	125.00
0.336560	125.00
0.336580	125.00
0.336600	125.00
0.336620	125.00
0.336640	125.00
0.336660	125.00
0.336680	125.00
0.336700	125.00
0.336720	125.00
0.336740	125.00
0.336760	126.00
0.336780	126.00
0.336800	126.00
0.336820	125.00
0.336840	125.00
0.336860	125.00
0.336880	125.00
0.336900	125.00
0.336920	125.00
0.336940	125.00
0.336960	125.00
0.336980	126.00
0.337000	126.00
0.337020	126.00
0.337040	125.00
0.337060	125.00
0.337080	125.00
0.337100	124.00
0.337120	124.00
0.337140	124.00
0.337160	125.00
0.337180	125.00
0.337200	125.00
0.337220	125.00
0.337240	125.00
0.337260	125.00
0.337280	125.00
0.337300	125.00
0.337320	125.00
0.337340	125.00
0.337360	125.00
0.337380	125.00
0.337400	125.00
0.337420	125.00
0.337440	124.00
0.337460	124.00
0.337480	124.00
0.337500	124.00
0.337520	124.00
0.337540	124.00
0.337560	125.00
0.337580	126.00
0.337600	126.00
0.337620	127.00
0.337640	127.00
0.337660	127.00
0.337680	127.00
0.337700	127.00
0.337720	127.00
0.337740	127.00
0.337760	126.00
0.337780	125.00
0.337800	124.00
0.337820	122.00
0.337840	121.00
0.337860	120.00
0.337880	120.00
0.337900	120.00
0.337920	121.00
0.337940	121.00
0.337960	122.00
0.337980	123.00
0.338000	124.00
0.338020	126.00
0.338040	128.00
0.338060	130.00
0.338080	131.00
0.338100	132.00
0.338120	133.00
0.338140	133.00
0.338160	132.00
0.338180	129.00
0.338200	126.00
0.338220	123.00
0.338240	120.00
0.338260	118.00
0.338280	115.00
0.338300	113.00
0.338320	112.00
0.338340	113.00
0.338360	115.00
0.338380	117.00
0.338400	120.00
0.338420	124.00
0.338440	129.00
0.338460	133.00
0.338480	137.00
0.338500	139.00
0.338520	140.00
0.338540	140.00
0.338560	139.00
0.338580	136.00
0.338600	133.00
0.338620	128.00
0.338640	123.00
0.338660	119.00
0.338680	114.00
0.338700	111.00
0.338720	109.00
0.338740	108.00
0.338760	110.00
0.338780	112.00
0.338800	115.00
0.338820	119.00
0.338840	123.00
0.338860	128.00
0.338880	132.00
0.338900	135.00
0.338920	138.00
0.338940	139.00
0.338960	139.00
0.338980	138.00
0.339000	135.00
0.339020	132.00
0.339040	128.00
0.339060	125.00
0.339080	122.00
0.339100	119.00
0.339120	117.00
0.339140	116.00
0.339160	115.00
0.339180	116.00
0.339200	116.00
0.339220	118.00
0.339240	120.00
0.339260	122.00
0.339280	125.00
0.339300	127.00
0.339320	129.00
0.339340	130.00
0.339360	132.00
0.339380	132.00
0.339400	132.00
0.339420	131.00
0.339440	129.00
0.339460	128.00
0.339480	126.00
0.339500	124.00
0.339520	122.00
0.339540	121.00
0.339560	121.00
0.339580	121.00
0.339600	121.00
0.339620	122.00
0.339640	122.00
0.339660	122.00
0.339680	123.00
0.339700	124.00
0.339720	125.00
0.339740	126.00
0.339760	127.00
0.339780	127.00
0.339800	127.00
0.339820	127.00
0.339840	127.00
0.339860	127.00
0.339880	126.00
0.339900	125.00
0.339920	124.00
0.339940	124.00
0.339960	124.00
0.339980	124.00
0.340000	124.00
0.340020	124.00
0.340040	124.00
0.340060	124.00
0.340080	124.00
0.340100	124.00
0.340120	124.00
0.340140	125.00
0.340160	126.00
0.340180	126.00
0.340200	126.00
0.340220	126.00
0.340240	126.00
0.340260	126.00
0.340280	126.00
0.340300	126.00
0.340320	125.00
0.340340	125.00
0.340360	125.00
0.340380	125.00
0.340400	124.00
0.340420	124.00
0.340440	124.00
0.340460	124.00
0.340480	124.00
0.340500	124.00
0.340520	124.00
0.340540	124.00
0.340560	124.00
0.340580	125.00
0.340600	126.00
0.340620	126.00
0.340640	126.00
0.340660	126.00
0.340680	126.00
0.340700	126.00
0.340720	126.00
0.340740	125.00
0.340760	125.00
0.340780	125.00
0.340800	125.00
0.340820	125.00
0.340840	124.00
0.340860	124.00
0.340880	123.00
0.340900	123.00
0.340920	124.00
0.340940	124.00
0.340960	124.00
0.340980	125.00
0.341000	125.00
0.341020	125.00
0.341040	126.00
0.341060	126.00
0.341080	126.00
0.341100	126.00
0.341120	126.00
0.341140	126.00
0.341160	126.00
0.341180	126.00
0.341200	125.00
0.341220	125.00
0.341240	125.00
0.341260	124.00
0.341280	123.00
0.341300	123.00
0.341320	123.00
0.341340	123.00
0.341360	123.00
0.341380	124.00
0.341400	125.00
0.341420	125.00
0.341440	125.00
0.341460	126.00
0.341480	126.00
0.341500	126.00
0.341520	126.00
0.341540	126.00
0.341560	126.00
0.341580	126.00
0.341600	125.00
0.341620	124.00
0.341640	124.00
0.341660	124.00
0.341680	124.00
0.341700	124.00
0.341720	124.00
0.341740	124.00
0.341760	124.00
0.341780	124.00
0.341800	125.00
0.341820	125.00
0.341840	125.00
0.341860	126.00
0.341880	126.00
0.341900	126.00
0.341920	125.00
0.341940	125.00
0.341960	125.00
0.341980	125.00
0.342000	125.00
0.342020	125.00
0.342040	125.00
0.342060	124.00
0.342080	124.00
0.342100	124.00
0.342120	124.00
0.342140	124.00
0.342160	124.00
0.342180	124.00
0.342200	125.00
0.342220	125.00
0.342240	125.00
0.342260	125.00
0.342280	125.00
0.342300	125.00
0.342320	125.00
0.342340	125.00
0.342360	125.00
0.342380	125.00
0.342400	125.00
0.342420	125.00
0.342440	124.00
0.342460	124.00
0.342480	125.00
0.342500	125.00
0.342520	125.00
0.342540	125.00
0.342560	125.00
0.342580	125.00
0.342600	125.00
0.342620	125.00
0.342640	125.00
0.342660	125.00
0.342680	125.00
0.342700	125.00
0.342720	125.00
0.342740	124.00
0.342760	124.00
0.342780	124.00
0.342800	124.00
0.342820	124.00
0.342840	124.00
0.342860	125.00
0.342880	125.00
0.342900	125.00
0.342920	125.00
0.342940	125.00
0.342960	125.00
0.342980	125.00
0.343000	126.00
0.343020	126.00
0.343040	126.00
0.343060	126.00
0.343080	125.00
0.343100	125.00
0.343120	125.00
0.343140	125.00
0.343160	125.00
0.343180	124.00
0.343200	124.00
0.343220	124.00
0.343240	125.00
0.343260	125.00
0.343280	125.00
0.343300	125.00
0.343320	125.00
0.343340	125.00
0.343360	125.00
0.343380	125.00
0.343400	125.00
0.343420	125.00
0.343440	125.00
0.343460	125.00
0.343480	125.00
0.343500	125.00
0.343520	125.00
0.343540	125.00
0.343560	125.00
0.343580	125.00
0.343600	125.00
0.343620	125.00
0.343640	125.00
0.343660	125.00
0.343680	125.00
0.343700	125.00
0.343720	124.00
0.343740	124.00
0.343760	124.00
0.343780	125.00
0.343800	126.00
0.343820	126.00
0.343840	126.00
0.343860	126.00
0.343880	126.00
0.343900	126.00
0.343920	126.00
0.343940	126.00
0.343960	126.00
0.343980	126.00
0.344000	126.00
0.344020	125.00
0.344040	124.00
0.344060	124.00
0.344080	123.00
0.344100	123.00
0.344120	123.00
0.344140	123.00
0.344160	123.00
0.344180	124.00
0.344200	124.00
0.344220	124.00
0.344240	125.00
0.344260	126.00
0.344280	127.00
0.344300	128.00
0.344320	128.00
0.344340	128.00
0.344360	128.00
0.344380	128.00
0.344400	128.00
0.344420	127.00
0.344440	126.00
0.344460	124.00
0.344480	123.00
0.344500	122.00
0.344520	120.00
0.344540	119.00
0.344560	119.00
0.344580	119.00
0.344600	120.00
0.344620	121.00
0.344640	123.00
0.344660	125.00
0.344680	127.00
0.344700	129.00
0.344720	131.00
0.344740	132.00
0.344760	133.00
0.344780	133.00
0.344800	132.00
0.344820	131.00
0.344840	130.00
0.344860	128.00
0.344880	125.00
0.344900	122.00
0.344920	120.00
0.344940	118.00
0.344960	117.00
0.344980	116.00
0.345000	116.00
0.345020	117.00
0.345040	118.00
0.345060	120.00
0.345080	123.00
0.345100	125.00
0.345120	128.00
0.345140	130.00
0.345160	132.00
0.345180	133.00
0.345200	134.00
0.345220	133.00
0.345240	132.00
0.345260	131.00
0.345280	129.00
0.345300	127.00
0.345320	125.00
0.345340	123.00
0.345360	121.00
0.345380	120.00
0.345400	119.00
0.345420	119.00
0.345440	119.00
0.345460	120.00
0.345480	121.00
0.345500	122.00
0.345520	124.00
0.345540	125.00
0.345560	126.00
0.345580	127.00
0.345600	128.00
0.345620	128.00
0.345640	128.00
0.345660	128.00
0.345680	128.00
0.345700	127.00
0.345720	126.00
0.345740	125.00
0.345760	124.00
0.345780	123.00
0.345800	123.00
0.345820	122.00
0.345840	122.00
0.345860	122.00
0.345880	123.00
0.345900	123.00
0.345920	123.00
0.345940	123.00
0.345960	124.00
0.345980	125.00
0.346000	126.00
0.346020	127.00
0.346040	127.00
0.346060	127.00
0.346080	127.00
0.346100	127.00
0.346120	126.00
0.346140	125.00
0.346160	125.00
0.346180	125.00
0.346200	125.00
0.346220	125.00
0.346240	125.00
0.346260	124.00
0.346280	124.00
0.346300	124.00
0.346320	124.00
0.346340	124.00
0.346360	125.00
0.346380	125.00
0.346400	126.00
0.346420	126.00
0.346440	126.00
0.346460	126.00
0.346480	126.00
0.346500	126.00
0.346520	126.00
0.346540	126.00
0.346560	126.00
0.346580	126.00
0.346600	125.00
0.346620	125.00
0.346640	124.00
0.346660	124.00
0.346680	124.00
0.346700	124.00
0.346720	124.00
0.346740	124.00
0.346760	124.00
0.346780	124.00
0.346800	124.00
0.346820	125.00
0.346840	125.00
0.346860	126.00
0.346880	126.00
0.346900	126.00
0.346920	126.00
0.346940	126.00
0.346960	125.00
0.346980	125.00
0.347000	125.00
0.347020	125.00
0.347040	125.00
0.347060	124.00
0.347080	124.00
0.347100	124.00
0.347120	125.00
0.347140	125.00
0.347160	124.00
0.347180	124.00
0.347200	124.00
0.347220	124.00
0.347240	125.00
0.347260	125.00
0.347280	125.00
0.347300	125.00
0.347320	125.00
0.347340	125.00
0.347360	125.00
0.347380	125.00
0.347400	125.00
0.347420	125.00
0.347440	125.00
0.347460	125.00
0.347480	124.00
0.347500	124.00
0.347520	124.00
0.347540	124.00
0.347560	124.00
0.347580	124.00
0.347600	124.00
0.347620	125.00
0.347640	125.00
0.347660	125.00
0.347680	125.00
0.347700	125.00
0.347720	125.00
0.347740	125.00
0.347760	125.00
0.347780	125.00
0.347800	124.00
0.347820	124.00
0.347840	124.00
0.347860	124.00
0.347880	124.00
0.347900	124.00
0.347920	124.00
0.347940	124.00
0.347960	125.00
0.347980	125.00
0.348000	125.00
0.348020	125.00
0.348040	125.00
0.348060	125.00
0.348080	125.00
0.348100	125.00
0.348120	125.00
0.348140	124.00
0.348160	124.00
0.348180	124.00
0.348200	124.00
0.348220	124.00
0.348240	124.00
0.348260	124.00
0.348280	124.00
0.348300	125.00
0.348320	125.00
0.348340	125.00
0.348360	125.00
0.348380	125.00
0.348400	125.00
0.348420	125.00
0.348440	126.00
0.348460	126.00
0.348480	126.00
0.348500	126.00
0.348520	125.00
0.348540	125.00
0.348560	124.00
0.348580	124.00
0.348600	124.00
0.348620	124.00
0.348640	124.00
0.348660	124.00
0.348680	124.00
0.348700	124.00
0.348720	124.00
0.348740	124.00
0.348760	124.00
0.348780	124.00
0.348800	124.00
0.348820	125.00
0.348840	125.00
0.348860	126.00
0.348880	126.00
0.348900	126.00
0.348920	125.00
0.348940	125.00
0.348960	125.00
0.348980	125.00
0.349000	124.00
0.349020	124.00
0.349040	124.00
0.349060	124.00
0.349080	124.00
0.349100	124.00
0.349120	125.00
0.349140	126.00
0.349160	126.00
0.349180	126.00
0.349200	126.00
0.349220	125.00
0.349240	125.00
0.349260	125.00
0.349280	125.00
0.349300	125.00
0.349320	125.00
0.349340	125.00
0.349360	124.00
0.349380	124.00
0.349400	124.00
0.349420	124.00
0.349440	124.00
0.349460	125.00
0.349480	125.00
0.349500	125.00
0.349520	125.00
0.349540	125.00
0.349560	125.00
0.349580	125.00
0.349600	125.00
0.349620	125.00
0.349640	125.00
0.349660	125.00
0.349680	125.00
0.349700	125.00
0.349720	125.00
0.349740	125.00
0.349760	125.00
0.349780	125.00
0.349800	125.00
0.349820	125.00
0.349840	125.00
0.349860	124.00
0.349880	124.00
0.349900	124.00
0.349920	124.00
0.349940	125.00
0.349960	125.00
0.349980	125.00
0.350000	125.00
0.350020	125.00
0.350040	125.00
0.350060	125.00
0.350080	125.00
0.350100	125.00
0.350120	125.00
0.350140	125.00
0.350160	125.00
0.350180	125.00
0.350200	125.00
0.350220	125.00
0.350240	124.00
0.350260	124.00
0.350280	124.00
0.350300	124.00
0.350320	124.00
0.350340	124.00
0.350360	124.00
0.350380	124.00
0.350400	124.00
0.350420	125.00
0.350440	125.00
0.350460	125.00
0.350480	125.00
0.350500	126.00
0.350520	126.00
0.350540	126.00
0.350560	127.00
0.350580	127.00
0.350600	126.00
0.350620	126.00
0.350640	126.00
0.350660	126.00
0.350680	125.00
0.350700	124.00
0.350720	123.00
0.350740	123.00
0.350760	123.00
0.350780	122.00
0.350800	122.00
0.350820	122.00
0.350840	122.00
0.350860	123.00
0.350880	124.00
0.350900	125.00
0.350920	126.00
0.350940	127.00
0.350960	128.00
0.350980	129.00
0.351000	129.00
0.351020	129.00
0.351040	129.00
0.351060	129.00
0.351080	128.00
0.351100	127.00
0.351120	125.00
0.351140	123.00
0.351160	121.00
0.351180	120.00
0.351200	119.00
0.351220	119.00
0.351240	119.00
0.351260	120.00
0.351280	122.00
0.351300	124.00
0.351320	125.00
0.351340	126.00
0.351360	127.00
0.351380	129.00
0.351400	130.00
0.351420	131.00
0.351440	131.00
0.351460	130.00
0.351480	129.00
0.351500	128.00
0.351520	127.00
0.351540	125.00
0.351560	124.00
0.351580	122.00
0.351600	121.00
0.351620	120.00
0.351640	120.00
0.351660	120.00
0.351680	121.00
0.351700	122.00
0.351720	123.00
0.351740	124.00
0.351760	125.00
0.351780	126.00
0.351800	127.00
0.351820	127.00
0.351840	127.00
0.351860	127.00
0.351880	127.00
0.351900	127.00
0.351920	127.00
0.351940	127.00
0.351960	126.00
0.351980	125.00
0.352000	124.00
0.352020	124.00
0.352040	123.00
0.352060	123.00
0.352080	123.00
0.352100	123.00
0.352120	123.00
0.352140	124.00
0.352160	124.00
0.352180	124.00
0.352200	125.00
0.352220	125.00
0.352240	126.00
0.352260	126.00
0.352280	126.00
0.352300	126.00
0.352320	126.00
0.352340	126.00
0.352360	126.00
0.352380	126.00
0.352400	125.00
0.352420	125.00
0.352440	124.00
0.352460	124.00
0.352480	124.00
0.352500	124.00
0.352520	124.00
0.352540	124.00
0.352560	124.00
0.352580	124.00
0.352600	124.00
0.352620	124.00
0.352640	125.00
0.352660	125.00
0.352680	126.00
0.352700	126.00
0.352720	126.00
0.352740	125.00
0.352760	125.00
0.352780	125.00
0.352800	125.00
0.352820	125.00
0.352840	124.00
0.352860	124.00
0.352880	124.00
0.352900	124.00
0.352920	124.00
0.352940	124.00
0.352960	124.00
0.352980	125.00
0.353000	125.00
0.353020	125.00
0.353040	125.00
0.353060	125.00
0.353080	125.00
0.353100	126.00
0.353120	126.00
0.353140	126.00
0.353160	126.00
0.353180	125.00
0.353200	125.00
0.353220	125.00
0.353240	124.00
0.353260	124.00
0.353280	124.00
0.353300	124.00
0.353320	124.00
0.353340	124.00
0.353360	124.00
0.353380	124.00
0.353400	125.00
0.353420	125.00
0.353440	125.00
0.353460	125.00
0.353480	126.00
0.353500	126.00
0.353520	126.00
0.353540	126.00
0.353560	126.00
0.353580	125.00
0.353600	125.00
0.353620	125.00
0.353640	125.00
0.353660	125.00
0.353680	124.00
0.353700	124.00
0.353720	124.00
0.353740	124.00
0.353760	124.00
0.353780	124.00
0.353800	124.00
0.353820	124.00
0.353840	125.00
0.353860	125.00
0.353880	125.00
0.353900	125.00
0.353920	126.00
0.353940	126.00
0.353960	125.00
0.353980	125.00
0.354000	125.00
0.354020	125.00
0.354040	125.00
0.354060	124.00
0.354080	124.00
0.354100	124.00
0.354120	125.00
0.354140	125.00
0.354160	125.00
0.354180	125.00
0.354200	125.00
0.354220	125.00
0.354240	125.00
0.354260	125.00
0.354280	125.00
0.354300	125.00
0.354320	125.00
0.354340	125.00
0.354360	125.00
0.354380	125.00
0.354400	125.00
0.354420	124.00
0.354440	124.00
0.354460	124.00
0.354480	125.00
0.354500	125.00
0.354520	125.00
0.354540	125.00
0.354560	125.00
0.354580	125.00
0.354600	126.00
0.354620	126.00
0.354640	126.00
0.354660	126.00
0.354680	125.00
0.354700	125.00
0.354720	125.00
0.354740	125.00
0.354760	124.00
0.354780	124.00
0.354800	124.00
0.354820	124.00
0.354840	125.00
0.354860	125.00
0.354880	125.00
0.354900	125.00
0.354920	126.00
0.354940	126.00
0.354960	126.00
0.354980	126.00
0.355000	125.00
0.355020	125.00
0.355040	126.00
0.355060	126.00
0.355080	125.00
0.355100	124.00
0.355120	124.00
0.355140	124.00
0.355160	124.00
0.355180	124.00
0.355200	124.00
0.355220	124.00
0.355240	124.00
0.355260	124.00
0.355280	125.00
0.355300	125.00
0.355320	125.00
0.355340	125.00
0.355360	125.00
0.355380	126.00
0.355400	126.00
0.355420	125.00
0.355440	125.00
0.355460	126.00
0.355480	126.00
0.355500	125.00
0.355520	125.00
0.355540	124.00
0.355560	124.00
0.355580	124.00
0.355600	124.00
0.355620	124.00
0.355640	124.00
0.355660	124.00
0.355680	124.00
0.355700	125.00
0.355720	125.00
0.355740	125.00
0.355760	125.00
0.355780	125.00
0.355800	125.00
0.355820	125.00
0.355840	125.00
0.355860	125.00
0.355880	125.00
0.355900	125.00
0.355920	125.00
0.355940	126.00
0.355960	126.00
0.355980	126.00
0.356000	125.00
0.356020	124.00
0.356040	124.00
0.356060	125.00
0.356080	125.00
0.356100	125.00
0.356120	124.00
0.356140	124.00
0.356160	125.00
0.356180	125.00
0.356200	125.00
0.356220	125.00
0.356240	125.00
0.356260	126.00
0.356280	126.00
0.356300	126.00
0.356320	126.00
0.356340	126.00
0.356360	125.00
0.356380	126.00
0.356400	126.00
0.356420	125.00
0.356440	124.00
0.356460	124.00
0.356480	124.00
0.356500	124.00
0.356520	124.00
0.356540	124.00
0.356560	124.00
0.356580	124.00
0.356600	124.00
0.356620	124.00
0.356640	124.00
0.356660	125.00
0.356680	125.00
0.356700	125.00
0.356720	125.00
0.356740	125.00
0.356760	125.00
0.356780	125.00
0.356800	126.00
0.356820	126.00
0.356840	126.00
0.356860	126.00
0.356880	126.00
0.356900	126.00
0.356920	125.00
0.356940	125.00
0.356960	124.00
0.356980	123.00
0.357000	123.00
0.357020	122.00
0.357040	122.00
0.357060	122.00
0.357080	123.00
0.357100	124.00
0.357120	125.00
0.357140	126.00
0.357160	127.00
0.357180	127.00
0.357200	128.00
0.357220	128.00
0.357240	128.00
0.357260	128.00
0.357280	127.00
0.357300	127.00
0.357320	126.00
0.357340	125.00
0.357360	124.00
0.357380	122.00
0.357400	121.00
0.357420	121.00
0.357440	121.00
0.357460	122.00
0.357480	122.00
0.357500	122.00
0.357520	123.00
0.357540	124.00
0.357560	125.00
0.357580	126.00
0.357600	127.00
0.357620	128.00
0.357640	129.00
0.357660	129.00
0.357680	128.00
0.357700	127.00
0.357720	126.00
0.357740	125.00
0.357760	124.00
0.357780	123.00
0.357800	122.00
0.357820	122.00
0.357840	121.00
0.357860	121.00
0.357880	121.00
0.357900	122.00
0.357920	122.00
0.357940	123.00
0.357960	124.00
0.357980	125.00
0.358000	126.00
0.358020	126.00
0.358040	126.00
0.358060	127.00
0.358080	127.00
0.358100	127.00
0.358120	127.00
0.358140	126.00
0.358160	126.00
0.358180	125.00
0.358200	124.00
0.358220	124.00
0.358240	124.00
0.358260	124.00
0.358280	124.00
0.358300	123.00
0.358320	123.00
0.358340	124.00
0.358360	124.00
0.358380	125.00
0.358400	125.00
0.358420	125.00
0.358440	125.00
0.358460	125.00
0.358480	126.00
0.358500	126.00
0.358520	126.00
0.358540	126.00
0.358560	126.00
0.358580	126.00
0.358600	126.00
0.358620	125.00
0.358640	124.00
0.358660	124.00
0.358680	124.00
0.358700	124.00
0.358720	124.00
0.358740	124.00
0.358760	124.00
0.358780	124.00
0.358800	125.00
0.358820	125.00
0.358840	125.00
0.358860	125.00
0.358880	125.00
0.358900	125.00
0.358920	125.00
0.358940	125.00
0.358960	125.00
0.358980	125.00
0.359000	125.00
0.359020	124.00
0.359040	125.00
0.359060	125.00
0.359080	125.00
0.359100	125.00
0.359120	124.00
0.359140	124.00
0.359160	124.00
0.359180	125.00
0.359200	125.00
0.359220	125.00
0.359240	125.00
0.359260	125.00
0.359280	126.00
0.359300	126.00
0.359320	126.00
0.359340	125.00
0.359360	125.00
0.359380	125.00
0.359400	125.00
0.359420	125.00
0.359440	125.00
0.359460	124.00
0.359480	124.00
0.359500	124.00
0.359520	124.00
0.359540	124.00
0.359560	124.00
0.359580	124.00
0.359600	124.00
0.359620	125.00
0.359640	125.00
0.359660	125.00
0.359680	125.00
0.359700	126.00
0.359720	126.00
0.359740	126.00
0.359760	126.00
0.359780	126.00
0.359800	125.00
0.359820	125.00
0.359840	124.00
0.359860	124.00
0.359880	124.00
0.359900	124.00
0.359920	124.00
0.359940	124.00
0.359960	124.00
0.359980	125.00
