0.320000	101.00
0.320020	49.00
0.320040	101.00
0.320060	140.00
0.320080	143.00
0.320100	124.00
0.320120	112.00
0.320140	118.00
0.320160	130.00
0.320180	133.00
0.320200	125.00
0.320220	118.00
0.320240	121.00
0.320260	129.00
0.320280	131.00
0.320300	125.00
0.320320	120.00
0.320340	122.00
0.320360	128.00
0.320380	129.00
0.320400	125.00
0.320420	121.00
0.320440	123.00
0.320460	127.00
0.320480	129.00
0.320500	125.00
0.320520	122.00
0.320540	123.00
0.320560	126.00
0.320580	127.00
0.320600	125.00
0.320620	123.00
0.320640	124.00
0.320660	126.00
0.320680	127.00
0.320700	125.00
0.320720	123.00
0.320740	124.00
0.320760	126.00
0.320780	127.00
0.320800	125.00
0.320820	123.00
0.320840	123.00
0.320860	126.00
0.320880	127.00
0.320900	125.00
0.320920	123.00
0.320940	124.00
0.320960	125.00
0.320980	126.00
0.321000	124.00
0.321020	123.00
0.321040	124.00
0.321060	126.00
0.321080	127.00
0.321100	125.00
0.321120	124.00
0.321140	124.00
0.321160	126.00
0.321180	126.00
0.321200	125.00
0.321220	123.00
0.321240	123.00
0.321260	125.00
0.321280	126.00
0.321300	125.00
0.321320	124.00
0.321340	124.00
0.321360	125.00
0.321380	126.00
0.321400	125.00
0.321420	124.00
0.321440	125.00
0.321460	126.00
0.321480	126.00
0.321500	125.00
0.321520	124.00
0.321540	125.00
0.321560	126.00
0.321580	126.00
0.321600	125.00
0.321620	124.00
0.321640	125.00
0.321660	125.00
0.321680	125.00
0.321700	124.00
0.321720	123.00
0.321740	124.00
0.321760	125.00
0.321780	126.00
0.321800	125.00
0.321820	124.00
0.321840	124.00
0.321860	126.00
0.321880	126.00
0.321900	125.00
0.321920	124.00
0.321940	124.00
0.321960	125.00
0.321980	125.00
0.322000	124.00
0.322020	124.00
0.322040	124.00
0.322060	125.00
0.322080	125.00
0.322100	125.00
0.322120	124.00
0.322140	124.00
0.322160	124.00
0.322180	125.00
0.322200	124.00
0.322220	124.00
0.322240	124.00
0.322260	125.00
0.322280	125.00
0.322300	125.00
0.322320	124.00
0.322340	124.00
0.322360	124.00
0.322380	125.00
0.322400	125.00
0.322420	124.00
0.322440	125.00
0.322460	126.00
0.322480	126.00
0.322500	125.00
0.322520	124.00
0.322540	124.00
0.322560	125.00
0.322580	125.00
0.322600	125.00
0.322620	125.00
0.322640	125.00
0.322660	125.00
0.322680	126.00
0.322700	125.00
0.322720	125.00
0.322740	125.00
0.322760	125.00
0.322780	125.00
0.322800	125.00
0.322820	124.00
0.322840	124.00
0.322860	124.00
0.322880	125.00
0.322900	125.00
0.322920	124.00
0.322940	125.00
0.322960	126.00
0.322980	126.00
0.323000	125.00
0.323020	125.00
0.323040	125.00
0.323060	125.00
0.323080	125.00
0.323100	125.00
0.323120	124.00
0.323140	124.00
0.323160	125.00
0.323180	125.00
0.323200	124.00
0.323220	124.00
0.323240	125.00
0.323260	125.00
0.323280	126.00
0.323300	125.00
0.323320	124.00
0.323340	124.00
0.323360	126.00
0.323380	127.00
0.323400	126.00
0.323420	126.00
0.323440	125.00
0.323460	125.00
0.323480	126.00
0.323500	125.00
0.323520	125.00
0.323540	124.00
0.323560	125.00
0.323580	125.00
0.323600	125.00
0.323620	124.00
0.323640	124.00
0.323660	124.00
0.323680	125.00
0.323700	125.00
0.323720	125.00
0.323740	125.00
0.323760	125.00
0.323780	125.00
0.323800	124.00
0.323820	124.00
0.323840	124.00
0.323860	125.00
0.323880	126.00
0.323900	125.00
0.323920	124.00
0.323940	124.00
0.323960	125.00
0.323980	125.00
0.324000	125.00
0.324020	125.00
0.324040	125.00
0.324060	126.00
0.324080	126.00
0.324100	126.00
0.324120	125.00
0.324140	125.00
0.324160	125.00
0.324180	126.00
0.324200	125.00
0.324220	125.00
0.324240	125.00
0.324260	125.00
0.324280	125.00
0.324300	125.00
0.324320	124.00
0.324340	124.00
0.324360	124.00
0.324380	125.00
0.324400	124.00
0.324420	124.00
0.324440	124.00
0.324460	124.00
0.324480	125.00
0.324500	124.00
0.324520	124.00
0.324540	124.00
0.324560	124.00
0.324580	125.00
0.324600	125.00
0.324620	125.00
0.324640	124.00
0.324660	124.00
0.324680	125.00
0.324700	125.00
0.324720	124.00
0.324740	124.00
0.324760	124.00
0.324780	125.00
0.324800	125.00
0.324820	124.00
0.324840	124.00
0.324860	124.00
0.324880	123.00
0.324900	122.00
0.324920	121.00
0.324940	120.00
0.324960	121.00
0.324980	122.00
0.325000	124.00
0.325020	125.00
0.325040	128.00
0.325060	132.00
0.325080	137.00
0.325100	140.00
0.325120	143.00
0.325140	145.00
0.325160	145.00
0.325180	142.00
0.325200	135.00
0.325220	126.00
0.325240	116.00
0.325260	106.00
0.325280	97.00
0.325300	90.00
0.325320	84.00
0.325340	80.00
0.325360	80.00
0.325380	84.00
0.325400	93.00
0.325420	106.00
0.325440	123.00
0.325460	141.00
0.325480	159.00
0.325500	173.00
0.325520	184.00
0.325540	190.00
0.325560	193.00
0.325580	192.00
0.325600	185.00
0.325620	172.00
0.325640	152.00
0.325660	127.00
0.325680	99.00
0.325700	69.00
0.325720	42.00
0.325740	21.00
0.325760	8.00
0.325780	6.00
0.325800	13.00
0.325820	30.00
0.325840	58.00
0.325860	97.00
0.325880	143.00
0.325900	188.00
0.325920	224.00
0.325940	246.00
0.325960	255.00
0.325980	255.00
0.326000	250.00
0.326020	237.00
0.326040	212.00
0.326060	170.00
0.326080	114.00
0.326100	55.00
0.326120	12.00
0.326140	0.00
0.326160	0.00
0.326180	6.00
0.326200	7.00
0.326220	0.00
0.326240	0.00
0.326260	13.00
0.326280	65.00
0.326300	135.00
0.326320	199.00
0.326340	241.00
0.326360	255.00
0.326380	255.00
0.326400	255.00
0.326420	255.00
0.326440	253.00
0.326460	239.00
0.326480	205.00
0.326500	155.00
0.326520	95.00
0.326540	42.00
0.326560	8.00
0.326580	0.00
0.326600	0.00
0.326620	4.00
0.326640	2.00
0.326660	0.00
0.326680	4.00
0.326700	32.00
0.326720	81.00
0.326740	137.00
0.326760	186.00
0.326780	219.00
0.326800	238.00
0.326820	245.00
0.326840	246.00
0.326860	240.00
0.326880	227.00
0.326900	206.00
0.326920	177.00
0.326940	143.00
0.326960	108.00
0.326980	74.00
0.327000	47.00
0.327020	27.00
0.327040	18.00
0.327060	17.00
0.327080	25.00
0.327100	41.00
0.327120	64.00
0.327140	89.00
0.327160	116.00
0.327180	140.00
0.327200	162.00
0.327220	179.00
0.327240	190.00
0.327260	194.00
0.327280	192.00
0.327300	185.00
0.327320	173.00
0.327340	159.00
0.327360	142.00
0.327380	125.00
0.327400	110.00
0.327420	97.00
0.327440	87.00
0.327460	81.00
0.327480	79.00
0.327500	81.00
0.327520	87.00
0.327540	96.00
0.327560	106.00
0.327580	116.00
0.327600	126.00
0.327620	136.00
0.327640	144.00
0.327660	150.00
0.327680	153.00
0.327700	153.00
0.327720	151.00
0.327740	147.00
0.327760	142.00
0.327780	136.00
0.327800	128.00
0.327820	122.00
0.327840	116.00
0.327860	112.00
0.327880	109.00
0.327900	107.00
0.327920	107.00
0.327940	109.00
0.327960	111.00
0.327980	114.00
0.328000	118.00
0.328020	123.00
0.328040	127.00
0.328060	131.00
0.328080	134.00
0.328100	135.00
0.328120	136.00
0.328140	136.00
0.328160	135.00
0.328180	134.00
0.328200	131.00
0.328220	128.00
0.328240	125.00
0.328260	122.00
0.328280	120.00
0.328300	119.00
0.328320	118.00
0.328340	118.00
0.328360	118.00
0.328380	119.00
0.328400	120.00
0.328420	121.00
0.328440	123.00
0.328460	125.00
0.328480	127.00
0.328500	128.00
0.328520	129.00
0.328540	130.00
0.328560	131.00
0.328580	130.00
0.328600	129.00
0.328620	128.00
0.328640	127.00
0.328660	126.00
0.328680	125.00
0.328700	124.00
0.328720	123.00
0.328740	122.00
0.328760	122.00
0.328780	122.00
0.328800	122.00
0.328820	122.00
0.328840	123.00
0.328860	124.00
0.328880	125.00
0.328900	125.00
0.328920	126.00
0.328940	126.00
0.328960	127.00
0.328980	127.00
0.329000	127.00
0.329020	126.00
0.329040	126.00
0.329060	126.00
0.329080	125.00
0.329100	125.00
0.329120	125.00
0.329140	124.00
0.329160	124.00
0.329180	124.00
0.329200	124.00
0.329220	125.00
0.329240	125.00
0.329260	125.00
0.329280	126.00
0.329300	126.00
0.329320	126.00
0.329340	126.00
0.329360	126.00
0.329380	126.00
0.329400	125.00
0.329420	125.00
0.329440	124.00
0.329460	124.00
0.329480	124.00
0.329500	123.00
0.329520	123.00
0.329540	123.00
0.329560	123.00
0.329580	123.00
0.329600	124.00
0.329620	124.00
0.329640	125.00
0.329660	126.00
0.329680	127.00
0.329700	127.00
0.329720	127.00
0.329740	127.00
0.329760	127.00
0.329780	126.00
0.329800	126.00
0.329820	126.00
0.329840	126.00
0.329860	125.00
0.329880	125.00
0.329900	124.00
0.329920	124.00
0.329940	124.00
0.329960	124.00
0.329980	124.00
0.330000	124.00
0.330020	124.00
0.330040	125.00
0.330060	125.00
0.330080	125.00
0.330100	125.00
0.330120	125.00
0.330140	125.00
0.330160	125.00
0.330180	125.00
0.330200	125.00
0.330220	126.00
0.330240	126.00
0.330260	126.00
0.330280	126.00
0.330300	125.00
0.330320	124.00
0.330340	124.00
0.330360	124.00
0.330380	124.00
0.330400	124.00
0.330420	125.00
0.330440	125.00
0.330460	125.00
0.330480	125.00
0.330500	125.00
0.330520	125.00
0.330540	125.00
0.330560	125.00
0.330580	125.00
0.330600	125.00
0.330620	125.00
0.330640	125.00
0.330660	126.00
0.330680	126.00
0.330700	125.00
0.330720	125.00
0.330740	125.00
0.330760	125.00
0.330780	124.00
0.330800	124.00
0.330820	124.00
0.330840	124.00
0.330860	125.00
0.330880	125.00
0.330900	125.00
0.330920	125.00
0.330940	125.00
0.330960	126.00
0.330980	126.00
0.331000	126.00
0.331020	126.00
0.331040	125.00
0.331060	125.00
0.331080	125.00
0.331100	125.00
0.331120	125.00
0.331140	125.00
0.331160	125.00
0.331180	125.00
0.331200	125.00
0.331220	125.00
0.331240	124.00
0.331260	124.00
0.331280	124.00
0.331300	123.00
0.331320	123.00
0.331340	123.00
0.331360	123.00
0.331380	122.00
0.331400	122.00
0.331420	123.00
0.331440	125.00
0.331460	127.00
0.331480	129.00
0.331500	130.00
0.331520	130.00
0.331540	131.00
0.331560	131.00
0.331580	132.00
0.331600	131.00
0.331620	129.00
0.331640	127.00
0.331660	124.00
0.331680	121.00
0.331700	118.00
0.331720	116.00
0.331740	114.00
0.331760	114.00
0.331780	114.00
0.331800	115.00
0.331820	116.00
0.331840	118.00
0.331860	121.00
0.331880	125.00
0.331900	129.00
0.331920	134.00
0.331940	139.00
0.331960	142.00
0.331980	144.00
0.332000	144.00
0.332020	143.00
0.332040	140.00
0.332060	135.00
0.332080	128.00
0.332100	121.00
0.332120	113.00
0.332140	106.00
0.332160	100.00
0.332180	96.00
0.332200	94.00
0.332220	95.00
0.332240	100.00
0.332260	107.00
0.332280	117.00
0.332300	127.00
0.332320	138.00
0.332340	148.00
0.332360	157.00
0.332380	162.00
0.332400	165.00
0.332420	164.00
0.332440	159.00
0.332460	152.00
0.332480	141.00
0.332500	129.00
0.332520	117.00
0.332540	105.00
0.332560	95.00
0.332580	88.00
0.332600	83.00
0.332620	82.00
0.332640	85.00
0.332660	92.00
0.332680	101.00
0.332700	112.00
0.332720	124.00
0.332740	136.00
0.332760	147.00
0.332780	155.00
0.332800	161.00
0.332820	163.00
0.332840	162.00
0.332860	158.00
0.332880	151.00
0.332900	142.00
0.332920	132.00
0.332940	122.00
0.332960	113.00
0.332980	105.00
0.333000	99.00
0.333020	96.00
0.333040	95.00
0.333060	97.00
0.333080	101.00
0.333100	107.00
0.333120	114.00
0.333140	121.00
0.333160	128.00
0.333180	135.00
0.333200	140.00
0.333220	144.00
0.333240	146.00
0.333260	146.00
0.333280	144.00
0.333300	141.00
0.333320	137.00
0.333340	132.00
0.333360	127.00
0.333380	122.00
0.333400	117.00
0.333420	114.00
0.333440	112.00
0.333460	111.00
0.333480	111.00
0.333500	113.00
0.333520	115.00
0.333540	118.00
0.333560	122.00
0.333580	125.00
0.333600	128.00
0.333620	131.00
0.333640	133.00
0.333660	134.00
0.333680	135.00
0.333700	134.00
0.333720	133.00
0.333740	131.00
0.333760	129.00
0.333780	127.00
0.333800	125.00
0.333820	123.00
0.333840	121.00
0.333860	120.00
0.333880	119.00
0.333900	119.00
0.333920	119.00
0.333940	120.00
0.333960	121.00
0.333980	123.00
0.334000	124.00
0.334020	125.00
0.334040	126.00
0.334060	127.00
0.334080	128.00
0.334100	128.00
0.334120	128.00
0.334140	128.00
0.334160	128.00
0.334180	127.00
0.334200	126.00
0.334220	126.00
0.334240	125.00
0.334260	125.00
0.334280	124.00
0.334300	124.00
0.334320	123.00
0.334340	123.00
0.334360	123.00
0.334380	123.00
0.334400	124.00
0.334420	124.00
0.334440	124.00
0.334460	125.00
0.334480	125.00
0.334500	126.00
0.334520	126.00
0.334540	126.00
0.334560	126.00
0.334580	127.00
0.334600	126.00
0.334620	126.00
0.334640	125.00
0.334660	125.00
0.334680	125.00
0.334700	125.00
0.334720	125.00
0.334740	124.00
0.334760	124.00
0.334780	124.00
0.334800	124.00
0.334820	124.00
0.334840	124.00
0.334860	124.00
0.334880	124.00
0.334900	124.00
0.334920	124.00
0.334940	125.00
0.334960	126.00
0.334980	126.00
0.335000	126.00
0.335020	126.00
0.335040	126.00
0.335060	126.00
0.335080	126.00
0.335100	126.00
0.335120	125.00
0.335140	124.00
0.335160	124.00
0.335180	124.00
0.335200	124.00
0.335220	123.00
0.335240	123.00
0.335260	124.00
0.335280	124.00
0.335300	125.00
0.335320	125.00
0.335340	125.00
0.335360	126.00
0.335380	126.00
0.335400	126.00
0.335420	126.00
0.335440	126.00
0.335460	126.00
0.335480	126.00
0.335500	126.00
0.335520	126.00
0.335540	125.00
0.335560	125.00
0.335580	125.00
0.335600	124.00
0.335620	124.00
0.335640	123.00
0.335660	123.00
0.335680	123.00
0.335700	123.00
0.335720	124.00
0.335740	124.00
0.335760	125.00
0.335780	125.00
0.335800	125.00
0.335820	126.00
0.335840	126.00
0.335860	126.00
0.335880	126.00
0.335900	126.00
0.335920	126.00
0.335940	126.00
0.335960	126.00
0.335980	126.00
0.336000	126.00
0.336020	126.00
0.336040	125.00
0.336060	124.00
0.336080	124.00
0.336100	124.00
0.336120	124.00
0.336140	124.00
0.336160	124.00
0.336180	124.00
0.336200	124.00
0.336220	124.00
0.336240	124.00
0.336260	125.00
0.336280	125.00
0.336300	126.00
0.336320	126.00
0.336340	126.00
0.336360	125.00
0.336380	125.00
0.336400	125.00
0.336420	125.00
0.336440	125.00
0.336460	125.00
0.336480	125.00
0.336500	124.00
0.336520	124.00
0.336540	124.00
0.336560	124.00
0.336580	124.00
0.336600	124.00
0.336620	125.00
0.336640	125.00
0.336660	126.00
0.336680	126.00
0.336700	126.00
0.336720	125.00
0.336740	125.00
0.336760	125.00
0.336780	125.00
0.336800	126.00
0.336820	126.00
0.336840	125.00
0.336860	125.00
0.336880	125.00
0.336900	126.00
0.336920	126.00
0.336940	126.00
0.336960	126.00
0.336980	125.00
0.337000	125.00
0.337020	125.00
0.337040	125.00
0.337060	125.00
0.337080	125.00
0.337100	124.00
0.337120	124.00
0.337140	124.00
0.337160	125.00
0.337180	125.00
0.337200	125.00
0.337220	125.00
0.337240	125.00
0.337260	125.00
0.337280	125.00
0.337300	125.00
0.337320	125.00
0.337340	125.00
0.337360	125.00
0.337380	125.00
0.337400	125.00
0.337420	125.00
0.337440	125.00
0.337460	125.00
0.337480	125.00
0.337500	124.00
0.337520	124.00
0.337540	124.00
0.337560	123.00
0.337580	123.00
0.337600	123.00
0.337620	123.00
0.337640	124.00
0.337660	124.00
0.337680	125.00
0.337700	126.00
0.337720	127.00
0.337740	128.00
0.337760	128.00
0.337780	128.00
0.337800	128.00
0.337820	128.00
0.337840	127.00
0.337860	126.00
0.337880	125.00
0.337900	123.00
0.337920	122.00
0.337940	121.00
0.337960	121.00
0.337980	121.00
0.338000	120.00
0.338020	121.00
0.338040	121.00
0.338060	122.00
0.338080	123.00
0.338100	124.00
0.338120	126.00
0.338140	128.00
0.338160	130.00
0.338180	132.00
0.338200	133.00
0.338220	133.00
0.338240	133.00
0.338260	132.00
0.338280	130.00
0.338300	127.00
0.338320	124.00
0.338340	121.00
0.338360	118.00
0.338380	115.00
0.338400	113.00
0.338420	111.00
0.338440	111.00
0.338460	113.00
0.338480	116.00
0.338500	119.00
0.338520	123.00
0.338540	128.00
0.338560	133.00
0.338580	137.00
0.338600	140.00
0.338620	142.00
0.338640	142.00
0.338660	141.00
0.338680	139.00
0.338700	135.00
0.338720	130.00
0.338740	124.00
0.338760	119.00
0.338780	114.00
0.338800	110.00
0.338820	107.00
0.338840	106.00
0.338860	106.00
0.338880	108.00
0.338900	111.00
0.338920	116.00
0.338940	121.00
0.338960	126.00
0.338980	131.00
0.339000	135.00
0.339020	138.00
0.339040	140.00
0.339060	141.00
0.339080	141.00
0.339100	139.00
0.339120	135.00
0.339140	131.00
0.339160	127.00
0.339180	123.00
0.339200	119.00
0.339220	116.00
0.339240	114.00
0.339260	113.00
0.339280	113.00
0.339300	114.00
0.339320	116.00
0.339340	118.00
0.339360	121.00
0.339380	124.00
0.339400	127.00
0.339420	129.00
0.339440	131.00
0.339460	132.00
0.339480	133.00
0.339500	133.00
0.339520	132.00
0.339540	131.00
0.339560	129.00
0.339580	127.00
0.339600	125.00
0.339620	124.00
0.339640	122.00
0.339660	121.00
0.339680	120.00
0.339700	120.00
0.339720	120.00
0.339740	121.00
0.339760	122.00
0.339780	123.00
0.339800	124.00
0.339820	125.00
0.339840	126.00
0.339860	127.00
0.339880	128.00
0.339900	128.00
0.339920	128.00
0.339940	127.00
0.339960	127.00
0.339980	127.00
0.340000	126.00
0.340020	125.00
0.340040	125.00
0.340060	124.00
0.340080	123.00
0.340100	123.00
0.340120	123.00
0.340140	123.00
0.340160	123.00
0.340180	123.00
0.340200	123.00
0.340220	124.00
0.340240	125.00
0.340260	125.00
0.340280	126.00
0.340300	126.00
0.340320	126.00
0.340340	126.00
0.340360	126.00
0.340380	126.00
0.340400	126.00
0.340420	125.00
0.340440	125.00
0.340460	125.00
0.340480	125.00
0.340500	124.00
0.340520	124.00
0.340540	124.00
0.340560	124.00
0.340580	124.00
0.340600	124.00
0.340620	123.00
0.340640	123.00
0.340660	124.00
0.340680	125.00
0.340700	125.00
0.340720	125.00
0.340740	125.00
0.340760	125.00
0.340780	126.00
0.340800	126.00
0.340820	125.00
0.340840	125.00
0.340860	125.00
0.340880	125.00
0.340900	125.00
0.340920	125.00
0.340940	124.00
0.340960	124.00
0.340980	124.00
0.341000	124.00
0.341020	124.00
0.341040	124.00
0.341060	124.00
0.341080	124.00
0.341100	125.00
0.341120	125.00
0.341140	125.00
0.341160	126.00
0.341180	126.00
0.341200	126.00
0.341220	126.00
0.341240	125.00
0.341260	125.00
0.341280	125.00
0.341300	125.00
0.341320	124.00
0.341340	124.00
0.341360	124.00
0.341380	123.00
0.341400	123.00
0.341420	123.00
0.341440	123.00
0.341460	124.00
0.341480	124.00
0.341500	125.00
0.341520	125.00
0.341540	125.00
0.341560	126.00
0.341580	126.00
0.341600	126.00
0.341620	126.00
0.341640	125.00
0.341660	125.00
0.341680	125.00
0.341700	125.00
0.341720	125.00
0.341740	124.00
0.341760	124.00
0.341780	124.00
0.341800	124.00
0.341820	124.00
0.341840	124.00
0.341860	124.00
0.341880	124.00
0.341900	125.00
0.341920	125.00
0.341940	125.00
0.341960	125.00
0.341980	125.00
0.342000	126.00
0.342020	126.00
0.342040	126.00
0.342060	126.00
0.342080	126.00
0.342100	125.00
0.342120	125.00
0.342140	125.00
0.342160	125.00
0.342180	125.00
0.342200	125.00
0.342220	125.00
0.342240	125.00
0.342260	124.00
0.342280	124.00
0.342300	124.00
0.342320	125.00
0.342340	125.00
0.342360	125.00
0.342380	125.00
0.342400	125.00
0.342420	125.00
0.342440	125.00
0.342460	125.00
0.342480	125.00
0.342500	125.00
0.342520	124.00
0.342540	124.00
0.342560	124.00
0.342580	125.00
0.342600	125.00
0.342620	125.00
0.342640	125.00
0.342660	125.00
0.342680	125.00
0.342700	125.00
0.342720	125.00
0.342740	125.00
0.342760	126.00
0.342780	125.00
0.342800	125.00
0.342820	124.00
0.342840	124.00
0.342860	124.00
0.342880	124.00
0.342900	124.00
0.342920	124.00
0.342940	124.00
0.342960	125.00
0.342980	125.00
0.343000	125.00
0.343020	125.00
0.343040	125.00
0.343060	125.00
0.343080	125.00
0.343100	125.00
0.343120	125.00
0.343140	125.00
0.343160	125.00
0.343180	125.00
0.343200	125.00
0.343220	125.00
0.343240	124.00
0.343260	124.00
0.343280	124.00
0.343300	124.00
0.343320	124.00
0.343340	124.00
0.343360	124.00
0.343380	124.00
0.343400	124.00
0.343420	124.00
0.343440	124.00
0.343460	125.00
0.343480	125.00
0.343500	126.00
0.343520	126.00
0.343540	126.00
0.343560	125.00
0.343580	125.00
0.343600	124.00
0.343620	124.00
0.343640	124.00
0.343660	125.00
0.343680	125.00
0.343700	125.00
0.343720	125.00
0.343740	125.00
0.343760	124.00
0.343780	124.00
0.343800	124.00
0.343820	124.00
0.343840	124.00
0.343860	125.00
0.343880	125.00
0.343900	125.00
0.343920	125.00
0.343940	126.00
0.343960	126.00
0.343980	126.00
0.344000	126.00
0.344020	126.00
0.344040	126.00
0.344060	126.00
0.344080	126.00
0.344100	126.00
0.344120	125.00
0.344140	124.00
0.344160	123.00
0.344180	123.00
0.344200	123.00
0.344220	123.00
0.344240	123.00
0.344260	123.00
0.344280	123.00
0.344300	124.00
0.344320	124.00
0.344340	125.00
0.344360	126.00
0.344380	127.00
0.344400	128.00
0.344420	129.00
0.344440	129.00
0.344460	129.00
0.344480	129.00
0.344500	128.00
0.344520	127.00
0.344540	126.00
0.344560	125.00
0.344580	123.00
0.344600	121.00
0.344620	119.00
0.344640	118.00
0.344660	118.00
0.344680	118.00
0.344700	119.00
0.344720	120.00
0.344740	122.00
0.344760	124.00
0.344780	127.00
0.344800	130.00
0.344820	132.00
0.344840	133.00
0.344860	134.00
0.344880	135.00
0.344900	134.00
0.344920	133.00
0.344940	131.00
0.344960	128.00
0.344980	125.00
0.345000	122.00
0.345020	119.00
0.345040	116.00
0.345060	115.00
0.345080	115.00
0.345100	115.00
0.345120	116.00
0.345140	117.00
0.345160	119.00
0.345180	122.00
0.345200	125.00
0.345220	128.00
0.345240	131.00
0.345260	133.00
0.345280	134.00
0.345300	135.00
0.345320	134.00
0.345340	133.00
0.345360	131.00
0.345380	129.00
0.345400	127.00
0.345420	125.00
0.345440	122.00
0.345460	120.00
0.345480	119.00
0.345500	118.00
0.345520	118.00
0.345540	118.00
0.345560	119.00
0.345580	120.00
0.345600	122.00
0.345620	124.00
0.345640	125.00
0.345660	127.00
0.345680	128.00
0.345700	129.00
0.345720	130.00
0.345740	130.00
0.345760	129.00
0.345780	128.00
0.345800	127.00
0.345820	126.00
0.345840	125.00
0.345860	124.00
0.345880	123.00
0.345900	122.00
0.345920	122.00
0.345940	122.00
0.345960	122.00
0.345980	122.00
0.346000	122.00
0.346020	123.00
0.346040	124.00
0.346060	125.00
0.346080	126.00
0.346100	126.00
0.346120	126.00
0.346140	126.00
0.346160	127.00
0.346180	127.00
0.346200	127.00
0.346220	127.00
0.346240	126.00
0.346260	125.00
0.346280	125.00
0.346300	125.00
0.346320	124.00
0.346340	124.00
0.346360	124.00
0.346380	124.00
0.346400	124.00
0.346420	124.00
0.346440	124.00
0.346460	125.00
0.346480	125.00
0.346500	125.00
0.346520	125.00
0.346540	125.00
0.346560	125.00
0.346580	126.00
0.346600	126.00
0.346620	126.00
0.346640	126.00
0.346660	125.00
0.346680	125.00
0.346700	125.00
0.346720	125.00
0.346740	124.00
0.346760	124.00
0.346780	124.00
0.346800	125.00
0.346820	125.00
0.346840	125.00
0.346860	124.00
0.346880	124.00
0.346900	124.00
0.346920	125.00
0.346940	125.00
0.346960	125.00
0.346980	125.00
0.347000	125.00
0.347020	126.00
0.347040	126.00
0.347060	126.00
0.347080	125.00
0.347100	125.00
0.347120	125.00
0.347140	125.00
0.347160	125.00
0.347180	124.00
0.347200	124.00
0.347220	124.00
0.347240	125.00
0.347260	125.00
0.347280	125.00
0.347300	125.00
0.347320	124.00
0.347340	125.00
0.347360	125.00
0.347380	125.00
0.347400	125.00
0.347420	125.00
0.347440	125.00
0.347460	126.00
0.347480	126.00
0.347500	125.00
0.347520	125.00
0.347540	124.00
0.347560	124.00
0.347580	124.00
0.347600	124.00
0.347620	124.00
0.347640	124.00
0.347660	124.00
0.347680	125.00
0.347700	125.00
0.347720	126.00
0.347740	126.00
0.347760	126.00
0.347780	126.00
0.347800	126.00
0.347820	126.00
0.347840	126.00
0.347860	126.00
0.347880	125.00
0.347900	125.00
0.347920	125.00
0.347940	125.00
0.347960	125.00
0.347980	124.00
0.348000	124.00
0.348020	125.00
0.348040	125.00
0.348060	126.00
0.348080	126.00
0.348100	126.00
0.348120	126.00
0.348140	126.00
0.348160	126.00
0.348180	126.00
0.348200	125.00
0.348220	125.00
0.348240	125.00
0.348260	125.00
0.348280	124.00
0.348300	124.00
0.348320	124.00
0.348340	124.00
0.348360	124.00
0.348380	124.00
0.348400	124.00
0.348420	124.00
0.348440	125.00
0.348460	125.00
0.348480	126.00
0.348500	126.00
0.348520	126.00
0.348540	126.00
0.348560	125.00
0.348580	125.00
0.348600	124.00
0.348620	124.00
0.348640	124.00
0.348660	124.00
0.348680	124.00
0.348700	123.00
0.348720	123.00
0.348740	123.00
0.348760	124.00
0.348780	124.00
0.348800	124.00
0.348820	125.00
0.348840	126.00
0.348860	126.00
0.348880	126.00
0.348900	126.00
0.348920	126.00
0.348940	126.00
0.348960	126.00
0.348980	126.00
0.349000	125.00
0.349020	125.00
0.349040	124.00
0.349060	124.00
0.349080	124.00
0.349100	124.00
0.349120	124.00
0.349140	124.00
0.349160	125.00
0.349180	125.00
0.349200	125.00
0.349220	125.00
0.349240	126.00
0.349260	126.00
0.349280	126.00
0.349300	126.00
0.349320	126.00
0.349340	125.00
0.349360	125.00
0.349380	125.00
0.349400	125.00
0.349420	125.00
0.349440	125.00
0.349460	125.00
0.349480	125.00
0.349500	125.00
0.349520	124.00
0.349540	125.00
0.349560	125.00
0.349580	125.00
0.349600	125.00
0.349620	125.00
0.349640	125.00
0.349660	126.00
0.349680	126.00
0.349700	126.00
0.349720	126.00
0.349740	126.00
0.349760	125.00
0.349780	125.00
0.349800	125.00
0.349820	124.00
0.349840	125.00
0.349860	125.00
0.349880	125.00
0.349900	125.00
0.349920	124.00
0.349940	124.00
0.349960	124.00
0.349980	125.00
0.350000	125.00
0.350020	125.00
0.350040	125.00
0.350060	125.00
0.350080	125.00
0.350100	126.00
0.350120	126.00
0.350140	126.00
0.350160	126.00
0.350180	125.00
0.350200	125.00
0.350220	125.00
0.350240	125.00
0.350260	125.00
0.350280	125.00
0.350300	125.00
0.350320	125.00
0.350340	125.00
0.350360	124.00
0.350380	124.00
0.350400	124.00
0.350420	124.00
0.350440	123.00
0.350460	123.00
0.350480	123.00
0.350500	124.00
0.350520	124.00
0.350540	125.00
0.350560	125.00
0.350580	125.00
0.350600	126.00
0.350620	126.00
0.350640	126.00
0.350660	127.00
0.350680	127.00
0.350700	127.00
0.350720	127.00
0.350740	127.00
0.350760	127.00
0.350780	126.00
0.350800	125.00
0.350820	123.00
0.350840	122.00
0.350860	121.00
0.350880	121.00
0.350900	121.00
0.350920	121.00
0.350940	121.00
0.350960	122.00
0.350980	123.00
0.351000	124.00
0.351020	126.00
0.351040	128.00
0.351060	129.00
0.351080	130.00
0.351100	131.00
0.351120	131.00
0.351140	130.00
0.351160	129.00
0.351180	128.00
0.351200	126.00
0.351220	125.00
0.351240	123.00
0.351260	121.00
0.351280	120.00
0.351300	119.00
0.351320	119.00
0.351340	119.00
0.351360	120.00
0.351380	121.00
0.351400	123.00
0.351420	124.00
0.351440	126.00
0.351460	128.00
0.351480	129.00
0.351500	130.00
0.351520	131.00
0.351540	131.00
0.351560	130.00
0.351580	130.00
0.351600	129.00
0.351620	127.00
0.351640	125.00
0.351660	123.00
0.351680	122.00
0.351700	121.00
0.351720	120.00
0.351740	120.00
0.351760	120.00
0.351780	120.00
0.351800	121.00
0.351820	122.00
0.351840	124.00
0.351860	125.00
0.351880	126.00
0.351900	127.00
0.351920	127.00
0.351940	128.00
0.351960	128.00
0.351980	128.00
0.352000	128.00
0.352020	128.00
0.352040	127.00
0.352060	127.00
0.352080	126.00
0.352100	125.00
0.352120	124.00
0.352140	123.00
0.352160	123.00
0.352180	123.00
0.352200	123.00
0.352220	123.00
0.352240	123.00
0.352260	124.00
0.352280	124.00
0.352300	125.00
0.352320	126.00
0.352340	126.00
0.352360	126.00
0.352380	126.00
0.352400	126.00
0.352420	126.00
0.352440	126.00
0.352460	126.00
0.352480	126.00
0.352500	125.00
0.352520	125.00
0.352540	125.00
0.352560	124.00
0.352580	124.00
0.352600	123.00
0.352620	123.00
0.352640	123.00
0.352660	124.00
0.352680	124.00
0.352700	124.00
0.352720	125.00
0.352740	125.00
0.352760	126.00
0.352780	126.00
0.352800	126.00
0.352820	125.00
0.352840	125.00
0.352860	125.00
0.352880	125.00
0.352900	125.00
0.352920	125.00
0.352940	124.00
0.352960	124.00
0.352980	124.00
0.353000	124.00
0.353020	124.00
0.353040	124.00
0.353060	124.00
0.353080	125.00
0.353100	125.00
0.353120	125.00
0.353140	125.00
0.353160	125.00
0.353180	125.00
0.353200	125.00
0.353220	125.00
0.353240	125.00
0.353260	125.00
0.353280	125.00
0.353300	125.00
0.353320	125.00
0.353340	125.00
0.353360	125.00
0.353380	124.00
0.353400	124.00
0.353420	124.00
0.353440	124.00
0.353460	124.00
0.353480	124.00
0.353500	124.00
0.353520	125.00
0.353540	125.00
0.353560	125.00
0.353580	125.00
0.353600	126.00
0.353620	126.00
0.353640	126.00
0.353660	126.00
0.353680	126.00
0.353700	125.00
0.353720	125.00
0.353740	124.00
0.353760	124.00
0.353780	124.00
0.353800	124.00
0.353820	124.00
0.353840	124.00
0.353860	124.00
0.353880	124.00
0.353900	124.00
0.353920	125.00
0.353940	125.00
0.353960	125.00
0.353980	125.00
0.354000	125.00
0.354020	125.00
0.354040	125.00
0.354060	125.00
0.354080	125.00
0.354100	125.00
0.354120	125.00
0.354140	125.00
0.354160	125.00
0.354180	125.00
0.354200	125.00
0.354220	125.00
0.354240	125.00
0.354260	125.00
0.354280	125.00
0.354300	125.00
0.354320	125.00
0.354340	125.00
0.354360	125.00
0.354380	125.00
0.354400	124.00
0.354420	124.00
0.354440	124.00
0.354460	124.00
0.354480	124.00
0.354500	124.00
0.354520	124.00
0.354540	125.00
0.354560	125.00
0.354580	125.00
0.354600	126.00
0.354620	126.00
0.354640	126.00
0.354660	126.00
0.354680	126.00
0.354700	126.00
0.354720	125.00
0.354740	125.00
0.354760	125.00
0.354780	125.00
0.354800	124.00
0.354820	124.00
0.354840	124.00
0.354860	124.00
0.354880	124.00
0.354900	124.00
0.354920	124.00
0.354940	124.00
0.354960	125.00
0.354980	125.00
0.355000	125.00
0.355020	125.00
0.355040	125.00
0.355060	125.00
0.355080	125.00
0.355100	125.00
0.355120	125.00
0.355140	125.00
0.355160	125.00
0.355180	125.00
0.355200	125.00
0.355220	124.00
0.355240	123.00
0.355260	123.00
0.355280	123.00
0.355300	123.00
0.355320	123.00
0.355340	123.00
0.355360	123.00
0.355380	124.00
0.355400	125.00
0.355420	125.00
0.355440	126.00
0.355460	126.00
0.355480	126.00
0.355500	126.00
0.355520	126.00
0.355540	125.00
0.355560	125.00
0.355580	125.00
0.355600	125.00
0.355620	125.00
0.355640	125.00
0.355660	124.00
0.355680	124.00
0.355700	124.00
0.355720	124.00
0.355740	124.00
0.355760	124.00
0.355780	124.00
0.355800	124.00
0.355820	125.00
0.355840	125.00
0.355860	125.00
0.355880	125.00
0.355900	125.00
0.355920	126.00
0.355940	126.00
0.355960	126.00
0.355980	126.00
0.356000	126.00
0.356020	125.00
0.356040	125.00
0.356060	125.00
0.356080	124.00
0.356100	124.00
0.356120	124.00
0.356140	124.00
0.356160	124.00
0.356180	124.00
0.356200	124.00
0.356220	124.00
0.356240	124.00
0.356260	125.00
0.356280	125.00
0.356300	125.00
0.356320	125.00
0.356340	125.00
0.356360	125.00
0.356380	126.00
0.356400	126.00
0.356420	126.00
0.356440	126.00
0.356460	126.00
0.356480	125.00
0.356500	125.00
0.356520	125.00
0.356540	125.00
0.356560	125.00
0.356580	125.00
0.356600	125.00
0.356620	125.00
0.356640	125.00
0.356660	124.00
0.356680	123.00
0.356700	123.00
0.356720	124.00
0.356740	124.00
0.356760	125.00
0.356780	125.00
0.356800	125.00
0.356820	125.00
0.356840	126.00
0.356860	126.00
0.356880	126.00
0.356900	126.00
0.356920	126.00
0.356940	126.00
0.356960	126.00
0.356980	125.00
0.357000	125.00
0.357020	124.00
0.357040	123.00
0.357060	123.00
0.357080	123.00
0.357100	122.00
0.357120	122.00
0.357140	122.00
0.357160	123.00
0.357180	123.00
0.357200	124.00
0.357220	125.00
0.357240	126.00
0.357260	127.00
0.357280	127.00
0.357300	128.00
0.357320	128.00
0.357340	128.00
0.357360	128.00
0.357380	127.00
0.357400	126.00
0.357420	125.00
0.357440	124.00
0.357460	123.00
0.357480	122.00
0.357500	121.00
0.357520	121.00
0.357540	121.00
0.357560	121.00
0.357580	122.00
0.357600	122.00
0.357620	123.00
0.357640	124.00
0.357660	125.00
0.357680	126.00
0.357700	127.00
0.357720	128.00
0.357740	129.00
0.357760	129.00
0.357780	129.00
0.357800	128.00
0.357820	128.00
0.357840	127.00
0.357860	125.00
0.357880	124.00
0.357900	123.00
0.357920	122.00
0.357940	122.00
0.357960	122.00
0.357980	122.00
0.358000	122.00
0.358020	122.00
0.358040	123.00
0.358060	124.00
0.358080	125.00
0.358100	126.00
0.358120	127.00
0.358140	127.00
0.358160	128.00
0.358180	128.00
0.358200	127.00
0.358220	127.00
0.358240	127.00
0.358260	126.00
0.358280	126.00
0.358300	125.00
0.358320	124.00
0.358340	124.00
0.358360	123.00
0.358380	122.00
0.358400	122.00
0.358420	122.00
0.358440	123.00
0.358460	124.00
0.358480	124.00
0.358500	125.00
0.358520	125.00
0.358540	126.00
0.358560	126.00
0.358580	126.00
0.358600	126.00
0.358620	126.00
0.358640	126.00
0.358660	126.00
0.358680	126.00
0.358700	125.00
0.358720	125.00
0.358740	124.00
0.358760	124.00
0.358780	123.00
0.358800	123.00
0.358820	123.00
0.358840	123.00
0.358860	124.00
0.358880	124.00
0.358900	124.00
0.358920	124.00
0.358940	125.00
0.358960	126.00
0.358980	126.00
0.359000	126.00
0.359020	126.00
0.359040	126.00
0.359060	126.00
0.359080	126.00
0.359100	125.00
0.359120	125.00
0.359140	124.00
0.359160	124.00
0.359180	124.00
0.359200	124.00
0.359220	124.00
0.359240	124.00
0.359260	124.00
0.359280	124.00
0.359300	125.00
0.359320	125.00
0.359340	125.00
0.359360	125.00
0.359380	125.00
0.359400	125.00
0.359420	126.00
0.359440	126.00
0.359460	126.00
0.359480	126.00
0.359500	125.00
0.359520	124.00
0.359540	124.00
0.359560	124.00
0.359580	124.00
0.359600	124.00
0.359620	124.00
0.359640	124.00
0.359660	124.00
0.359680	125.00
0.359700	125.00
0.359720	125.00
0.359740	125.00
0.359760	125.00
0.359780	126.00
0.359800	126.00
0.359820	126.00
0.359840	125.00
0.359860	126.00
0.359880	125.00
0.359900	125.00
0.359920	124.00
0.359940	124.00
0.359960	124.00
0.359980	125.00
