0.320000	101.00
0.320020	49.00
0.320040	101.00
0.320060	140.00
0.320080	143.00
0.320100	124.00
0.320120	112.00
0.320140	118.00
0.320160	131.00
0.320180	134.00
0.320200	125.00
0.320220	118.00
0.320240	121.00
0.320260	129.00
0.320280	131.00
0.320300	125.00
0.320320	120.00
0.320340	121.00
0.320360	127.00
0.320380	129.00
0.320400	125.00
0.320420	122.00
0.320440	123.00
0.320460	127.00
0.320480	128.00
0.320500	125.00
0.320520	122.00
0.320540	124.00
0.320560	127.00
0.320580	128.00
0.320600	125.00
0.320620	123.00
0.320640	124.00
0.320660	127.00
0.320680	128.00
0.320700	126.00
0.320720	124.00
0.320740	124.00
0.320760	126.00
0.320780	127.00
0.320800	125.00
0.320820	123.00
0.320840	123.00
0.320860	126.00
0.320880	127.00
0.320900	125.00
0.320920	124.00
0.320940	124.00
0.320960	126.00
0.320980	126.00
0.321000	124.00
0.321020	123.00
0.321040	123.00
0.321060	125.00
0.321080	126.00
0.321100	124.00
0.321120	123.00
0.321140	123.00
0.321160	125.00
0.321180	126.00
0.321200	125.00
0.321220	124.00
0.321240	124.00
0.321260	126.00
0.321280	126.00
0.321300	125.00
0.321320	124.00
0.321340	125.00
0.321360	126.00
0.321380	126.00
0.321400	125.00
0.321420	124.00
0.321440	125.00
0.321460	126.00
0.321480	126.00
0.321500	125.00
0.321520	123.00
0.321540	123.00
0.321560	125.00
0.321580	125.00
0.321600	125.00
0.321620	124.00
0.321640	124.00
0.321660	125.00
0.321680	125.00
0.321700	125.00
0.321720	124.00
0.321740	125.00
0.321760	126.00
0.321780	126.00
0.321800	125.00
0.321820	125.00
0.321840	125.00
0.321860	125.00
0.321880	125.00
0.321900	125.00
0.321920	124.00
0.321940	125.00
0.321960	126.00
0.321980	125.00
0.322000	124.00
0.322020	123.00
0.322040	124.00
0.322060	125.00
0.322080	125.00
0.322100	124.00
0.322120	123.00
0.322140	124.00
0.322160	125.00
0.322180	125.00
0.322200	124.00
0.322220	124.00
0.322240	124.00
0.322260	125.00
0.322280	125.00
0.322300	124.00
0.322320	124.00
0.322340	124.00
0.322360	125.00
0.322380	125.00
0.322400	124.00
0.322420	124.00
0.322440	124.00
0.322460	125.00
0.322480	126.00
0.322500	125.00
0.322520	124.00
0.322540	124.00
0.322560	125.00
0.322580	125.00
0.322600	124.00
0.322620	124.00
0.322640	124.00
0.322660	125.00
0.322680	125.00
0.322700	125.00
0.322720	124.00
0.322740	125.00
0.322760	125.00
0.322780	126.00
0.322800	125.00
0.322820	125.00
0.322840	125.00
0.322860	125.00
0.322880	125.00
0.322900	125.00
0.322920	125.00
0.322940	125.00
0.322960	125.00
0.322980	125.00
0.323000	124.00
0.323020	124.00
0.323040	125.00
0.323060	126.00
0.323080	126.00
0.323100	125.00
0.323120	124.00
0.323140	124.00
0.323160	125.00
0.323180	125.00
0.323200	125.00
0.323220	125.00
0.323240	125.00
0.323260	125.00
0.323280	125.00
0.323300	124.00
0.323320	124.00
0.323340	124.00
0.323360	125.00
0.323380	125.00
0.323400	125.00
0.323420	125.00
0.323440	125.00
0.323460	125.00
0.323480	125.00
0.323500	124.00
0.323520	124.00
0.323540	124.00
0.323560	124.00
0.323580	125.00
0.323600	125.00
0.323620	125.00
0.323640	125.00
0.323660	125.00
0.323680	125.00
0.323700	124.00
0.323720	124.00
0.323740	124.00
0.323760	124.00
0.323780	125.00
0.323800	124.00
0.323820	125.00
0.323840	125.00
0.323860	126.00
0.323880	126.00
0.323900	125.00
0.323920	125.00
0.323940	124.00
0.323960	125.00
0.323980	125.00
0.324000	125.00
0.324020	125.00
0.324040	125.00
0.324060	125.00
0.324080	126.00
0.324100	125.00
0.324120	125.00
0.324140	125.00
0.324160	125.00
0.324180	125.00
0.324200	125.00
0.324220	125.00
0.324240	125.00
0.324260	125.00
0.324280	125.00
0.324300	125.00
0.324320	125.00
0.324340	125.00
0.324360	125.00
0.324380	125.00
0.324400	125.00
0.324420	125.00
0.324440	125.00
0.324460	125.00
0.324480	124.00
0.324500	124.00
0.324520	124.00
0.324540	124.00
0.324560	125.00
0.324580	125.00
0.324600	125.00
0.324620	125.00
0.324640	125.00
0.324660	125.00
0.324680	126.00
0.324700	125.00
0.324720	125.00
0.324740	124.00
0.324760	124.00
0.324780	124.00
0.324800	123.00
0.324820	122.00
0.324840	121.00
0.324860	121.00
0.324880	120.00
0.324900	121.00
0.324920	122.00
0.324940	124.00
0.324960	127.00
0.324980	131.00
0.325000	135.00
0.325020	139.00
0.325040	143.00
0.325060	146.00
0.325080	146.00
0.325100	143.00
0.325120	138.00
0.325140	130.00
0.325160	120.00
0.325180	110.00
0.325200	100.00
0.325220	91.00
0.325240	85.00
0.325260	81.00
0.325280	79.00
0.325300	80.00
0.325320	87.00
0.325340	99.00
0.325360	116.00
0.325380	135.00
0.325400	154.00
0.325420	170.00
0.325440	182.00
0.325460	191.00
0.325480	195.00
0.325500	195.00
0.325520	191.00
0.325540	180.00
0.325560	163.00
0.325580	139.00
0.325600	110.00
0.325620	79.00
0.325640	49.00
0.325660	25.00
0.325680	9.00
0.325700	2.00
0.325720	6.00
0.325740	20.00
0.325760	44.00
0.325780	81.00
0.325800	126.00
0.325820	173.00
0.325840	214.00
0.325860	242.00
0.325880	255.00
0.325900	255.00
0.325920	254.00
0.325940	245.00
0.325960	225.00
0.325980	188.00
0.326000	134.00
0.326020	75.00
0.326040	26.00
0.326060	0.00
0.326080	0.00
0.326100	3.00
0.326120	7.00
0.326140	1.00
0.326160	0.00
0.326180	4.00
0.326200	44.00
0.326220	108.00
0.326240	176.00
0.326260	228.00
0.326280	254.00
0.326300	255.00
0.326320	255.00
0.326340	255.00
0.326360	255.00
0.326380	246.00
0.326400	221.00
0.326420	176.00
0.326440	118.00
0.326460	60.00
0.326480	18.00
0.326500	0.00
0.326520	0.00
0.326540	3.00
0.326560	4.00
0.326580	0.00
0.326600	0.00
0.326620	18.00
0.326640	61.00
0.326660	116.00
0.326680	170.00
0.326700	209.00
0.326720	231.00
0.326740	243.00
0.326760	246.00
0.326780	243.00
0.326800	232.00
0.326820	214.00
0.326840	188.00
0.326860	157.00
0.326880	122.00
0.326900	87.00
0.326920	56.00
0.326940	33.00
0.326960	21.00
0.326980	17.00
0.327000	22.00
0.327020	34.00
0.327040	55.00
0.327060	80.00
0.327080	106.00
0.327100	132.00
0.327120	155.00
0.327140	174.00
0.327160	188.00
0.327180	194.00
0.327200	194.00
0.327220	188.00
0.327240	178.00
0.327260	165.00
0.327280	150.00
0.327300	132.00
0.327320	115.00
0.327340	100.00
0.327360	90.00
0.327380	83.00
0.327400	80.00
0.327420	80.00
0.327440	85.00
0.327460	93.00
0.327480	102.00
0.327500	113.00
0.327520	123.00
0.327540	133.00
0.327560	142.00
0.327580	149.00
0.327600	153.00
0.327620	154.00
0.327640	153.00
0.327660	150.00
0.327680	145.00
0.327700	138.00
0.327720	131.00
0.327740	124.00
0.327760	118.00
0.327780	114.00
0.327800	109.00
0.327820	107.00
0.327840	106.00
0.327860	108.00
0.327880	110.00
0.327900	114.00
0.327920	118.00
0.327940	122.00
0.327960	127.00
0.327980	131.00
0.328000	133.00
0.328020	135.00
0.328040	136.00
0.328060	136.00
0.328080	136.00
0.328100	134.00
0.328120	131.00
0.328140	129.00
0.328160	127.00
0.328180	124.00
0.328200	121.00
0.328220	119.00
0.328240	118.00
0.328260	118.00
0.328280	118.00
0.328300	118.00
0.328320	118.00
0.328340	120.00
0.328360	122.00
0.328380	125.00
0.328400	126.00
0.328420	127.00
0.328440	128.00
0.328460	129.00
0.328480	130.00
0.328500	130.00
0.328520	129.00
0.328540	128.00
0.328560	127.00
0.328580	126.00
0.328600	125.00
0.328620	124.00
0.328640	123.00
0.328660	122.00
0.328680	122.00
0.328700	122.00
0.328720	122.00
0.328740	122.00
0.328760	123.00
0.328780	124.00
0.328800	124.00
0.328820	125.00
0.328840	126.00
0.328860	126.00
0.328880	127.00
0.328900	126.00
0.328920	126.00
0.328940	126.00
0.328960	126.00
0.328980	126.00
0.329000	125.00
0.329020	124.00
0.329040	124.00
0.329060	124.00
0.329080	124.00
0.329100	124.00
0.329120	124.00
0.329140	124.00
0.329160	125.00
0.329180	125.00
0.329200	125.00
0.329220	125.00
0.329240	126.00
0.329260	126.00
0.329280	127.00
0.329300	126.00
0.329320	126.00
0.329340	125.00
0.329360	125.00
0.329380	125.00
0.329400	124.00
0.329420	124.00
0.329440	124.00
0.329460	124.00
0.329480	123.00
0.329500	123.00
0.329520	123.00
0.329540	123.00
0.329560	124.00
0.329580	125.00
0.329600	125.00
0.329620	125.00
0.329640	125.00
0.329660	126.00
0.329680	126.00
0.329700	126.00
0.329720	126.00
0.329740	126.00
0.329760	126.00
0.329780	125.00
0.329800	125.00
0.329820	125.00
0.329840	125.00
0.329860	125.00
0.329880	124.00
0.329900	123.00
0.329920	123.00
0.329940	124.00
0.329960	125.00
0.329980	125.00
0.330000	125.00
0.330020	125.00
0.330040	125.00
0.330060	126.00
0.330080	126.00
0.330100	126.00
0.330120	126.00
0.330140	126.00
0.330160	126.00
0.330180	126.00
0.330200	126.00
0.330220	126.00
0.330240	125.00
0.330260	125.00
0.330280	124.00
0.330300	124.00
0.330320	125.00
0.330340	125.00
0.330360	125.00
0.330380	125.00
0.330400	124.00
0.330420	124.00
0.330440	124.00
0.330460	125.00
0.330480	126.00
0.330500	126.00
0.330520	125.00
0.330540	125.00
0.330560	125.00
0.330580	125.00
0.330600	125.00
0.330620	125.00
0.330640	125.00
0.330660	125.00
0.330680	125.00
0.330700	125.00
0.330720	125.00
0.330740	124.00
0.330760	124.00
0.330780	124.00
0.330800	124.00
0.330820	124.00
0.330840	125.00
0.330860	125.00
0.330880	126.00
0.330900	126.00
0.330920	126.00
0.330940	126.00
0.330960	126.00
0.330980	126.00
0.331000	126.00
0.331020	126.00
0.331040	125.00
0.331060	125.00
0.331080	125.00
0.331100	125.00
0.331120	126.00
0.331140	126.00
0.331160	126.00
0.331180	125.00
0.331200	124.00
0.331220	123.00
0.331240	122.00
0.331260	122.00
0.331280	121.00
0.331300	121.00
0.331320	122.00
0.331340	123.00
0.331360	125.00
0.331380	126.00
0.331400	128.00
0.331420	129.00
0.331440	131.00
0.331460	132.00
0.331480	133.00
0.331500	133.00
0.331520	132.00
0.331540	131.00
0.331560	129.00
0.331580	127.00
0.331600	124.00
0.331620	120.00
0.331640	117.00
0.331660	115.00
0.331680	113.00
0.331700	112.00
0.331720	112.00
0.331740	113.00
0.331760	115.00
0.331780	118.00
0.331800	122.00
0.331820	127.00
0.331840	132.00
0.331860	138.00
0.331880	142.00
0.331900	146.00
0.331920	147.00
0.331940	147.00
0.331960	145.00
0.331980	140.00
0.332000	134.00
0.332020	126.00
0.332040	118.00
0.332060	109.00
0.332080	100.00
0.332100	93.00
0.332120	89.00
0.332140	89.00
0.332160	92.00
0.332180	99.00
0.332200	108.00
0.332220	119.00
0.332240	132.00
0.332260	144.00
0.332280	155.00
0.332300	163.00
0.332320	168.00
0.332340	169.00
0.332360	167.00
0.332380	161.00
0.332400	151.00
0.332420	139.00
0.332440	125.00
0.332460	111.00
0.332480	99.00
0.332500	88.00
0.332520	80.00
0.332540	77.00
0.332560	77.00
0.332580	82.00
0.332600	91.00
0.332620	102.00
0.332640	114.00
0.332660	127.00
0.332680	140.00
0.332700	150.00
0.332720	159.00
0.332740	164.00
0.332760	166.00
0.332780	164.00
0.332800	159.00
0.332820	151.00
0.332840	141.00
0.332860	131.00
0.332880	120.00
0.332900	110.00
0.332920	102.00
0.332940	96.00
0.332960	94.00
0.332980	94.00
0.333000	96.00
0.333020	100.00
0.333040	106.00
0.333060	114.00
0.333080	122.00
0.333100	130.00
0.333120	136.00
0.333140	141.00
0.333160	145.00
0.333180	146.00
0.333200	145.00
0.333220	143.00
0.333240	140.00
0.333260	136.00
0.333280	131.00
0.333300	126.00
0.333320	120.00
0.333340	116.00
0.333360	114.00
0.333380	112.00
0.333400	112.00
0.333420	112.00
0.333440	113.00
0.333460	115.00
0.333480	118.00
0.333500	122.00
0.333520	125.00
0.333540	128.00
0.333560	131.00
0.333580	133.00
0.333600	134.00
0.333620	134.00
0.333640	134.00
0.333660	133.00
0.333680	131.00
0.333700	129.00
0.333720	127.00
0.333740	125.00
0.333760	123.00
0.333780	122.00
0.333800	120.00
0.333820	120.00
0.333840	120.00
0.333860	121.00
0.333880	121.00
0.333900	122.00
0.333920	122.00
0.333940	123.00
0.333960	125.00
0.333980	126.00
0.334000	127.00
0.334020	128.00
0.334040	129.00
0.334060	129.00
0.334080	129.00
0.334100	128.00
0.334120	127.00
0.334140	126.00
0.334160	126.00
0.334180	125.00
0.334200	124.00
0.334220	124.00
0.334240	123.00
0.334260	123.00
0.334280	123.00
0.334300	123.00
0.334320	123.00
0.334340	124.00
0.334360	124.00
0.334380	124.00
0.334400	125.00
0.334420	125.00
0.334440	125.00
0.334460	126.00
0.334480	126.00
0.334500	126.00
0.334520	126.00
0.334540	126.00
0.334560	126.00
0.334580	126.00
0.334600	126.00
0.334620	125.00
0.334640	125.00
0.334660	125.00
0.334680	125.00
0.334700	124.00
0.334720	124.00
0.334740	124.00
0.334760	124.00
0.334780	124.00
0.334800	124.00
0.334820	124.00
0.334840	124.00
0.334860	125.00
0.334880	125.00
0.334900	125.00
0.334920	125.00
0.334940	126.00
0.334960	126.00
0.334980	127.00
0.335000	126.00
0.335020	126.00
0.335040	126.00
0.335060	126.00
0.335080	125.00
0.335100	125.00
0.335120	124.00
0.335140	123.00
0.335160	123.00
0.335180	123.00
0.335200	124.00
0.335220	124.00
0.335240	124.00
0.335260	125.00
0.335280	125.00
0.335300	126.00
0.335320	126.00
0.335340	126.00
0.335360	126.00
0.335380	126.00
0.335400	126.00
0.335420	126.00
0.335440	126.00
0.335460	126.00
0.335480	125.00
0.335500	125.00
0.335520	124.00
0.335540	124.00
0.335560	124.00
0.335580	124.00
0.335600	124.00
0.335620	124.00
0.335640	124.00
0.335660	125.00
0.335680	125.00
0.335700	125.00
0.335720	125.00
0.335740	125.00
0.335760	126.00
0.335780	126.00
0.335800	126.00
0.335820	126.00
0.335840	126.00
0.335860	126.00
0.335880	126.00
0.335900	126.00
0.335920	125.00
0.335940	125.00
0.335960	124.00
0.335980	124.00
0.336000	124.00
0.336020	124.00
0.336040	124.00
0.336060	124.00
0.336080	124.00
0.336100	124.00
0.336120	124.00
0.336140	124.00
0.336160	125.00
0.336180	125.00
0.336200	125.00
0.336220	125.00
0.336240	125.00
0.336260	126.00
0.336280	126.00
0.336300	125.00
0.336320	125.00
0.336340	125.00
0.336360	125.00
0.336380	125.00
0.336400	125.00
0.336420	125.00
0.336440	125.00
0.336460	125.00
0.336480	124.00
0.336500	124.00
0.336520	124.00
0.336540	125.00
0.336560	125.00
0.336580	125.00
0.336600	125.00
0.336620	125.00
0.336640	125.00
0.336660	125.00
0.336680	125.00
0.336700	124.00
0.336720	124.00
0.336740	125.00
0.336760	125.00
0.336780	125.00
0.336800	125.00
0.336820	124.00
0.336840	125.00
0.336860	125.00
0.336880	125.00
0.336900	125.00
0.336920	124.00
0.336940	125.00
0.336960	125.00
0.336980	125.00
0.337000	125.00
0.337020	125.00
0.337040	125.00
0.337060	125.00
0.337080	125.00
0.337100	125.00
0.337120	125.00
0.337140	125.00
0.337160	125.00
0.337180	125.00
0.337200	125.00
0.337220	125.00
0.337240	125.00
0.337260	125.00
0.337280	125.00
0.337300	125.00
0.337320	125.00
0.337340	125.00
0.337360	125.00
0.337380	125.00
0.337400	124.00
0.337420	124.00
0.337440	124.00
0.337460	124.00
0.337480	124.00
0.337500	124.00
0.337520	123.00
0.337540	123.00
0.337560	123.00
0.337580	124.00
0.337600	125.00
0.337620	126.00
0.337640	127.00
0.337660	128.00
0.337680	129.00
0.337700	129.00
0.337720	129.00
0.337740	129.00
0.337760	128.00
0.337780	127.00
0.337800	126.00
0.337820	124.00
0.337840	122.00
0.337860	121.00
0.337880	120.00
0.337900	119.00
0.337920	118.00
0.337940	118.00
0.337960	118.00
0.337980	119.00
0.338000	121.00
0.338020	123.00
0.338040	125.00
0.338060	127.00
0.338080	130.00
0.338100	132.00
0.338120	134.00
0.338140	135.00
0.338160	135.00
0.338180	135.00
0.338200	134.00
0.338220	131.00
0.338240	127.00
0.338260	123.00
0.338280	119.00
0.338300	115.00
0.338320	112.00
0.338340	110.00
0.338360	108.00
0.338380	108.00
0.338400	110.00
0.338420	114.00
0.338440	119.00
0.338460	125.00
0.338480	130.00
0.338500	136.00
0.338520	141.00
0.338540	144.00
0.338560	146.00
0.338580	146.00
0.338600	144.00
0.338620	141.00
0.338640	136.00
0.338660	129.00
0.338680	123.00
0.338700	116.00
0.338720	111.00
0.338740	106.00
0.338760	103.00
0.338780	102.00
0.338800	102.00
0.338820	105.00
0.338840	110.00
0.338860	115.00
0.338880	121.00
0.338900	127.00
0.338920	133.00
0.338940	138.00
0.338960	142.00
0.338980	144.00
0.339000	145.00
0.339020	143.00
0.339040	141.00
0.339060	137.00
0.339080	132.00
0.339100	127.00
0.339120	122.00
0.339140	118.00
0.339160	115.00
0.339180	112.00
0.339200	111.00
0.339220	111.00
0.339240	113.00
0.339260	115.00
0.339280	117.00
0.339300	121.00
0.339320	124.00
0.339340	127.00
0.339360	130.00
0.339380	133.00
0.339400	134.00
0.339420	134.00
0.339440	134.00
0.339460	133.00
0.339480	131.00
0.339500	129.00
0.339520	127.00
0.339540	125.00
0.339560	123.00
0.339580	122.00
0.339600	120.00
0.339620	119.00
0.339640	119.00
0.339660	119.00
0.339680	120.00
0.339700	121.00
0.339720	123.00
0.339740	124.00
0.339760	126.00
0.339780	127.00
0.339800	128.00
0.339820	128.00
0.339840	128.00
0.339860	128.00
0.339880	128.00
0.339900	128.00
0.339920	127.00
0.339940	126.00
0.339960	125.00
0.339980	124.00
0.340000	123.00
0.340020	123.00
0.340040	123.00
0.340060	123.00
0.340080	123.00
0.340100	123.00
0.340120	123.00
0.340140	124.00
0.340160	124.00
0.340180	125.00
0.340200	125.00
0.340220	126.00
0.340240	126.00
0.340260	126.00
0.340280	126.00
0.340300	126.00
0.340320	126.00
0.340340	126.00
0.340360	126.00
0.340380	126.00
0.340400	125.00
0.340420	124.00
0.340440	124.00
0.340460	124.00
0.340480	124.00
0.340500	123.00
0.340520	123.00
0.340540	124.00
0.340560	124.00
0.340580	125.00
0.340600	125.00
0.340620	125.00
0.340640	125.00
0.340660	126.00
0.340680	126.00
0.340700	126.00
0.340720	126.00
0.340740	126.00
0.340760	126.00
0.340780	126.00
0.340800	125.00
0.340820	125.00
0.340840	124.00
0.340860	124.00
0.340880	124.00
0.340900	124.00
0.340920	124.00
0.340940	124.00
0.340960	124.00
0.340980	124.00
0.341000	124.00
0.341020	125.00
0.341040	125.00
0.341060	126.00
0.341080	126.00
0.341100	126.00
0.341120	126.00
0.341140	126.00
0.341160	126.00
0.341180	126.00
0.341200	126.00
0.341220	126.00
0.341240	125.00
0.341260	124.00
0.341280	124.00
0.341300	124.00
0.341320	124.00
0.341340	124.00
0.341360	125.00
0.341380	125.00
0.341400	124.00
0.341420	124.00
0.341440	124.00
0.341460	125.00
0.341480	125.00
0.341500	126.00
0.341520	126.00
0.341540	126.00
0.341560	125.00
0.341580	125.00
0.341600	124.00
0.341620	124.00
0.341640	124.00
0.341660	124.00
0.341680	124.00
0.341700	124.00
0.341720	125.00
0.341740	125.00
0.341760	125.00
0.341780	125.00
0.341800	125.00
0.341820	125.00
0.341840	126.00
0.341860	126.00
0.341880	126.00
0.341900	126.00
0.341920	125.00
0.341940	125.00
0.341960	125.00
0.341980	126.00
0.342000	126.00
0.342020	126.00
0.342040	125.00
0.342060	125.00
0.342080	125.00
0.342100	125.00
0.342120	125.00
0.342140	125.00
0.342160	125.00
0.342180	125.00
0.342200	125.00
0.342220	125.00
0.342240	125.00
0.342260	125.00
0.342280	124.00
0.342300	124.00
0.342320	124.00
0.342340	124.00
0.342360	124.00
0.342380	124.00
0.342400	124.00
0.342420	124.00
0.342440	124.00
0.342460	124.00
0.342480	124.00
0.342500	125.00
0.342520	125.00
0.342540	125.00
0.342560	126.00
0.342580	126.00
0.342600	125.00
0.342620	125.00
0.342640	125.00
0.342660	125.00
0.342680	125.00
0.342700	125.00
0.342720	124.00
0.342740	124.00
0.342760	124.00
0.342780	124.00
0.342800	124.00
0.342820	124.00
0.342840	124.00
0.342860	124.00
0.342880	124.00
0.342900	125.00
0.342920	125.00
0.342940	125.00
0.342960	125.00
0.342980	126.00
0.343000	126.00
0.343020	126.00
0.343040	126.00
0.343060	126.00
0.343080	125.00
0.343100	125.00
0.343120	124.00
0.343140	124.00
0.343160	125.00
0.343180	125.00
0.343200	124.00
0.343220	124.00
0.343240	124.00
0.343260	125.00
0.343280	125.00
0.343300	125.00
0.343320	125.00
0.343340	125.00
0.343360	125.00
0.343380	125.00
0.343400	125.00
0.343420	125.00
0.343440	125.00
0.343460	126.00
0.343480	126.00
0.343500	125.00
0.343520	125.00
0.343540	124.00
0.343560	124.00
0.343580	124.00
0.343600	124.00
0.343620	124.00
0.343640	124.00
0.343660	124.00
0.343680	124.00
0.343700	124.00
0.343720	124.00
0.343740	124.00
0.343760	124.00
0.343780	124.00
0.343800	124.00
0.343820	125.00
0.343840	125.00
0.343860	126.00
0.343880	127.00
0.343900	127.00
0.343920	127.00
0.343940	127.00
0.343960	127.00
0.343980	127.00
0.344000	127.00
0.344020	126.00
0.344040	125.00
0.344060	124.00
0.344080	123.00
0.344100	123.00
0.344120	122.00
0.344140	122.00
0.344160	122.00
0.344180	121.00
0.344200	121.00
0.344220	122.00
0.344240	122.00
0.344260	124.00
0.344280	125.00
0.344300	126.00
0.344320	127.00
0.344340	129.00
0.344360	130.00
0.344380	131.00
0.344400	131.00
0.344420	130.00
0.344440	129.00
0.344460	128.00
0.344480	126.00
0.344500	124.00
0.344520	122.00
0.344540	119.00
0.344560	117.00
0.344580	116.00
0.344600	116.00
0.344620	116.00
0.344640	117.00
0.344660	119.00
0.344680	122.00
0.344700	125.00
0.344720	129.00
0.344740	132.00
0.344760	134.00
0.344780	136.00
0.344800	138.00
0.344820	137.00
0.344840	136.00
0.344860	134.00
0.344880	131.00
0.344900	128.00
0.344920	123.00
0.344940	119.00
0.344960	116.00
0.344980	114.00
0.345000	112.00
0.345020	111.00
0.345040	112.00
0.345060	114.00
0.345080	116.00
0.345100	119.00
0.345120	123.00
0.345140	127.00
0.345160	130.00
0.345180	133.00
0.345200	135.00
0.345220	137.00
0.345240	138.00
0.345260	137.00
0.345280	136.00
0.345300	133.00
0.345320	130.00
0.345340	127.00
0.345360	124.00
0.345380	121.00
0.345400	119.00
0.345420	117.00
0.345440	116.00
0.345460	116.00
0.345480	116.00
0.345500	117.00
0.345520	119.00
0.345540	121.00
0.345560	123.00
0.345580	125.00
0.345600	127.00
0.345620	129.00
0.345640	130.00
0.345660	131.00
0.345680	131.00
0.345700	130.00
0.345720	129.00
0.345740	128.00
0.345760	127.00
0.345780	126.00
0.345800	125.00
0.345820	124.00
0.345840	123.00
0.345860	122.00
0.345880	122.00
0.345900	122.00
0.345920	122.00
0.345940	122.00
0.345960	123.00
0.345980	124.00
0.346000	125.00
0.346020	125.00
0.346040	126.00
0.346060	127.00
0.346080	127.00
0.346100	127.00
0.346120	127.00
0.346140	127.00
0.346160	127.00
0.346180	126.00
0.346200	126.00
0.346220	125.00
0.346240	124.00
0.346260	124.00
0.346280	124.00
0.346300	124.00
0.346320	123.00
0.346340	123.00
0.346360	123.00
0.346380	124.00
0.346400	124.00
0.346420	125.00
0.346440	125.00
0.346460	126.00
0.346480	126.00
0.346500	126.00
0.346520	126.00
0.346540	126.00
0.346560	126.00
0.346580	125.00
0.346600	125.00
0.346620	125.00
0.346640	125.00
0.346660	125.00
0.346680	124.00
0.346700	124.00
0.346720	123.00
0.346740	123.00
0.346760	123.00
0.346780	123.00
0.346800	124.00
0.346820	124.00
0.346840	125.00
0.346860	125.00
0.346880	125.00
0.346900	125.00
0.346920	125.00
0.346940	125.00
0.346960	126.00
0.346980	126.00
0.347000	126.00
0.347020	125.00
0.347040	125.00
0.347060	124.00
0.347080	124.00
0.347100	124.00
0.347120	124.00
0.347140	124.00
0.347160	124.00
0.347180	125.00
0.347200	125.00
0.347220	125.00
0.347240	125.00
0.347260	125.00
0.347280	125.00
0.347300	125.00
0.347320	126.00
0.347340	126.00
0.347360	126.00
0.347380	126.00
0.347400	125.00
0.347420	125.00
0.347440	125.00
0.347460	124.00
0.347480	124.00
0.347500	124.00
0.347520	124.00
0.347540	125.00
0.347560	125.00
0.347580	125.00
0.347600	125.00
0.347620	125.00
0.347640	125.00
0.347660	125.00
0.347680	126.00
0.347700	126.00
0.347720	126.00
0.347740	126.00
0.347760	126.00
0.347780	126.00
0.347800	125.00
0.347820	124.00
0.347840	124.00
0.347860	124.00
0.347880	124.00
0.347900	124.00
0.347920	124.00
0.347940	124.00
0.347960	125.00
0.347980	125.00
0.348000	125.00
0.348020	126.00
0.348040	125.00
0.348060	125.00
0.348080	125.00
0.348100	125.00
0.348120	125.00
0.348140	125.00
0.348160	125.00
0.348180	124.00
0.348200	124.00
0.348220	124.00
0.348240	124.00
0.348260	125.00
0.348280	125.00
0.348300	125.00
0.348320	125.00
0.348340	126.00
0.348360	126.00
0.348380	126.00
0.348400	126.00
0.348420	125.00
0.348440	125.00
0.348460	125.00
0.348480	125.00
0.348500	125.00
0.348520	125.00
0.348540	124.00
0.348560	124.00
0.348580	124.00
0.348600	124.00
0.348620	124.00
0.348640	124.00
0.348660	124.00
0.348680	124.00
0.348700	125.00
0.348720	125.00
0.348740	126.00
0.348760	126.00
0.348780	127.00
0.348800	126.00
0.348820	126.00
0.348840	125.00
0.348860	125.00
0.348880	125.00
0.348900	124.00
0.348920	124.00
0.348940	124.00
0.348960	124.00
0.348980	124.00
0.349000	124.00
0.349020	124.00
0.349040	124.00
0.349060	124.00
0.349080	124.00
0.349100	125.00
0.349120	125.00
0.349140	125.00
0.349160	126.00
0.349180	126.00
0.349200	126.00
0.349220	125.00
0.349240	125.00
0.349260	125.00
0.349280	125.00
0.349300	125.00
0.349320	125.00
0.349340	125.00
0.349360	125.00
0.349380	125.00
0.349400	125.00
0.349420	124.00
0.349440	124.00
0.349460	124.00
0.349480	124.00
0.349500	124.00
0.349520	124.00
0.349540	124.00
0.349560	124.00
0.349580	125.00
0.349600	126.00
0.349620	126.00
0.349640	126.00
0.349660	125.00
0.349680	125.00
0.349700	125.00
0.349720	125.00
0.349740	125.00
0.349760	124.00
0.349780	124.00
0.349800	124.00
0.349820	124.00
0.349840	125.00
0.349860	125.00
0.349880	124.00
0.349900	124.00
0.349920	125.00
0.349940	125.00
0.349960	125.00
0.349980	125.00
0.350000	125.00
0.350020	125.00
0.350040	125.00
0.350060	125.00
0.350080	125.00
0.350100	126.00
0.350120	126.00
0.350140	126.00
0.350160	126.00
0.350180	126.00
0.350200	126.00
0.350220	126.00
0.350240	125.00
0.350260	125.00
0.350280	125.00
0.350300	124.00
0.350320	124.00
0.350340	124.00
0.350360	123.00
0.350380	123.00
0.350400	123.00
0.350420	123.00
0.350440	123.00
0.350460	123.00
0.350480	123.00
0.350500	124.00
0.350520	125.00
0.350540	126.00
0.350560	127.00
0.350580	128.00
0.350600	129.00
0.350620	129.00
0.350640	129.00
0.350660	129.00
0.350680	128.00
0.350700	126.00
0.350720	125.00
0.350740	124.00
0.350760	122.00
0.350780	121.00
0.350800	119.00
0.350820	119.00
0.350840	119.00
0.350860	119.00
0.350880	120.00
0.350900	121.00
0.350920	123.00
0.350940	125.00
0.350960	128.00
0.350980	130.00
0.351000	132.00
0.351020	132.00
0.351040	133.00
0.351060	132.00
0.351080	131.00
0.351100	130.00
0.351120	128.00
0.351140	126.00
0.351160	123.00
0.351180	121.00
0.351200	119.00
0.351220	117.00
0.351240	116.00
0.351260	116.00
0.351280	116.00
0.351300	117.00
0.351320	119.00
0.351340	122.00
0.351360	124.00
0.351380	126.00
0.351400	128.00
0.351420	130.00
0.351440	132.00
0.351460	133.00
0.351480	133.00
0.351500	133.00
0.351520	132.00
0.351540	130.00
0.351560	128.00
0.351580	126.00
0.351600	123.00
0.351620	121.00
0.351640	120.00
0.351660	119.00
0.351680	118.00
0.351700	118.00
0.351720	118.00
0.351740	119.00
0.351760	121.00
0.351780	122.00
0.351800	124.00
0.351820	125.00
0.351840	127.00
0.351860	129.00
0.351880	130.00
0.351900	130.00
0.351920	130.00
0.351940	130.00
0.351960	129.00
0.351980	128.00
0.352000	127.00
0.352020	126.00
0.352040	124.00
0.352060	123.00
0.352080	123.00
0.352100	122.00
0.352120	122.00
0.352140	122.00
0.352160	122.00
0.352180	122.00
0.352200	122.00
0.352220	123.00
0.352240	124.00
0.352260	125.00
0.352280	126.00
0.352300	126.00
0.352320	127.00
0.352340	127.00
0.352360	127.00
0.352380	127.00
0.352400	126.00
0.352420	126.00
0.352440	125.00
0.352460	125.00
0.352480	124.00
0.352500	124.00
0.352520	123.00
0.352540	123.00
0.352560	124.00
0.352580	125.00
0.352600	125.00
0.352620	125.00
0.352640	124.00
0.352660	124.00
0.352680	125.00
0.352700	126.00
0.352720	126.00
0.352740	126.00
0.352760	126.00
0.352780	126.00
0.352800	125.00
0.352820	125.00
0.352840	125.00
0.352860	125.00
0.352880	124.00
0.352900	124.00
0.352920	124.00
0.352940	124.00
0.352960	124.00
0.352980	124.00
0.353000	124.00
0.353020	124.00
0.353040	124.00
0.353060	125.00
0.353080	125.00
0.353100	125.00
0.353120	126.00
0.353140	126.00
0.353160	126.00
0.353180	126.00
0.353200	126.00
0.353220	126.00
0.353240	125.00
0.353260	125.00
0.353280	124.00
0.353300	124.00
0.353320	124.00
0.353340	124.00
0.353360	124.00
0.353380	124.00
0.353400	124.00
0.353420	124.00
0.353440	124.00
0.353460	125.00
0.353480	125.00
0.353500	126.00
0.353520	126.00
0.353540	126.00
0.353560	126.00
0.353580	126.00
0.353600	125.00
0.353620	125.00
0.353640	124.00
0.353660	124.00
0.353680	124.00
0.353700	124.00
0.353720	124.00
0.353740	124.00
0.353760	124.00
0.353780	125.00
0.353800	125.00
0.353820	125.00
0.353840	125.00
0.353860	125.00
0.353880	125.00
0.353900	126.00
0.353920	126.00
0.353940	125.00
0.353960	125.00
0.353980	125.00
0.354000	124.00
0.354020	124.00
0.354040	124.00
0.354060	124.00
0.354080	125.00
0.354100	125.00
0.354120	125.00
0.354140	125.00
0.354160	126.00
0.354180	126.00
0.354200	126.00
0.354220	126.00
0.354240	126.00
0.354260	125.00
0.354280	124.00
0.354300	124.00
0.354320	124.00
0.354340	124.00
0.354360	125.00
0.354380	125.00
0.354400	125.00
0.354420	125.00
0.354440	125.00
0.354460	125.00
0.354480	125.00
0.354500	125.00
0.354520	125.00
0.354540	125.00
0.354560	125.00
0.354580	126.00
0.354600	126.00
0.354620	126.00
0.354640	125.00
0.354660	124.00
0.354680	124.00
0.354700	124.00
0.354720	124.00
0.354740	124.00
0.354760	124.00
0.354780	124.00
0.354800	124.00
0.354820	124.00
0.354840	124.00
0.354860	124.00
0.354880	125.00
0.354900	126.00
0.354920	126.00
0.354940	126.00
0.354960	126.00
0.354980	126.00
0.355000	126.00
0.355020	126.00
0.355040	125.00
0.355060	125.00
0.355080	124.00
0.355100	124.00
0.355120	124.00
0.355140	124.00
0.355160	124.00
0.355180	123.00
0.355200	123.00
0.355220	124.00
0.355240	124.00
0.355260	124.00
0.355280	124.00
0.355300	124.00
0.355320	125.00
0.355340	126.00
0.355360	126.00
0.355380	126.00
0.355400	126.00
0.355420	126.00
0.355440	126.00
0.355460	126.00
0.355480	126.00
0.355500	125.00
0.355520	124.00
0.355540	123.00
0.355560	123.00
0.355580	124.00
0.355600	124.00
0.355620	124.00
0.355640	124.00
0.355660	124.00
0.355680	124.00
0.355700	124.00
0.355720	124.00
0.355740	125.00
0.355760	125.00
0.355780	125.00
0.355800	125.00
0.355820	125.00
0.355840	125.00
0.355860	125.00
0.355880	125.00
0.355900	125.00
0.355920	125.00
0.355940	125.00
0.355960	125.00
0.355980	124.00
0.356000	124.00
0.356020	124.00
0.356040	124.00
0.356060	124.00
0.356080	124.00
0.356100	124.00
0.356120	124.00
0.356140	125.00
0.356160	125.00
0.356180	125.00
0.356200	125.00
0.356220	125.00
0.356240	125.00
0.356260	126.00
0.356280	126.00
0.356300	126.00
0.356320	126.00
0.356340	126.00
0.356360	126.00
0.356380	126.00
0.356400	126.00
0.356420	126.00
0.356440	126.00
0.356460	125.00
0.356480	125.00
0.356500	125.00
0.356520	125.00
0.356540	124.00
0.356560	124.00
0.356580	124.00
0.356600	124.00
0.356620	124.00
0.356640	124.00
0.356660	124.00
0.356680	124.00
0.356700	125.00
0.356720	125.00
0.356740	125.00
0.356760	126.00
0.356780	126.00
0.356800	127.00
0.356820	128.00
0.356840	128.00
0.356860	128.00
0.356880	127.00
0.356900	126.00
0.356920	125.00
0.356940	124.00
0.356960	124.00
0.356980	124.00
0.357000	123.00
0.357020	122.00
0.357040	121.00
0.357060	121.00
0.357080	121.00
0.357100	122.00
0.357120	122.00
0.357140	123.00
0.357160	124.00
0.357180	125.00
0.357200	127.00
0.357220	128.00
0.357240	129.00
0.357260	130.00
0.357280	130.00
0.357300	130.00
0.357320	130.00
0.357340	128.00
0.357360	127.00
0.357380	125.00
0.357400	123.00
0.357420	122.00
0.357440	120.00
0.357460	119.00
0.357480	119.00
0.357500	119.00
0.357520	120.00
0.357540	121.00
0.357560	122.00
0.357580	124.00
0.357600	126.00
0.357620	127.00
0.357640	129.00
0.357660	130.00
0.357680	131.00
0.357700	131.00
0.357720	131.00
0.357740	130.00
0.357760	128.00
0.357780	127.00
0.357800	125.00
0.357820	124.00
0.357840	123.00
0.357860	121.00
0.357880	120.00
0.357900	119.00
0.357920	119.00
0.357940	120.00
0.357960	121.00
0.357980	122.00
0.358000	124.00
0.358020	125.00
0.358040	127.00
0.358060	127.00
0.358080	128.00
0.358100	128.00
0.358120	128.00
0.358140	128.00
0.358160	128.00
0.358180	127.00
0.358200	126.00
0.358220	125.00
0.358240	125.00
0.358260	124.00
0.358280	123.00
0.358300	122.00
0.358320	122.00
0.358340	122.00
0.358360	123.00
0.358380	123.00
0.358400	124.00
0.358420	124.00
0.358440	125.00
0.358460	125.00
0.358480	126.00
0.358500	126.00
0.358520	126.00
0.358540	126.00
0.358560	126.00
0.358580	126.00
0.358600	125.00
0.358620	125.00
0.358640	125.00
0.358660	125.00
0.358680	125.00
0.358700	125.00
0.358720	124.00
0.358740	124.00
0.358760	124.00
0.358780	124.00
0.358800	124.00
0.358820	124.00
0.358840	125.00
0.358860	125.00
0.358880	125.00
0.358900	125.00
0.358920	126.00
0.358940	126.00
0.358960	126.00
0.358980	126.00
0.359000	126.00
0.359020	126.00
0.359040	125.00
0.359060	124.00
0.359080	124.00
0.359100	124.00
0.359120	124.00
0.359140	124.00
0.359160	124.00
0.359180	124.00
0.359200	124.00
0.359220	124.00
0.359240	125.00
0.359260	125.00
0.359280	125.00
0.359300	125.00
0.359320	126.00
0.359340	126.00
0.359360	126.00
0.359380	126.00
0.359400	126.00
0.359420	126.00
0.359440	125.00
0.359460	125.00
0.359480	125.00
0.359500	125.00
0.359520	125.00
0.359540	124.00
0.359560	124.00
0.359580	124.00
0.359600	124.00
0.359620	125.00
0.359640	125.00
0.359660	125.00
0.359680	125.00
0.359700	125.00
0.359720	125.00
0.359740	126.00
0.359760	126.00
0.359780	125.00
0.359800	125.00
0.359820	125.00
0.359840	125.00
0.359860	125.00
0.359880	125.00
0.359900	124.00
0.359920	124.00
0.359940	124.00
0.359960	124.00
0.359980	126.00
