0.320000	101.00
0.320020	49.00
0.320040	101.00
0.320060	140.00
0.320080	143.00
0.320100	125.00
0.320120	112.00
0.320140	118.00
0.320160	130.00
0.320180	133.00
0.320200	125.00
0.320220	118.00
0.320240	121.00
0.320260	128.00
0.320280	130.00
0.320300	125.00
0.320320	120.00
0.320340	122.00
0.320360	128.00
0.320380	129.00
0.320400	125.00
0.320420	121.00
0.320440	123.00
0.320460	127.00
0.320480	128.00
0.320500	125.00
0.320520	122.00
0.320540	124.00
0.320560	127.00
0.320580	128.00
0.320600	125.00
0.320620	123.00
0.320640	123.00
0.320660	126.00
0.320680	127.00
0.320700	125.00
0.320720	123.00
0.320740	124.00
0.320760	126.00
0.320780	127.00
0.320800	125.00
0.320820	122.00
0.320840	123.00
0.320860	125.00
0.320880	126.00
0.320900	125.00
0.320920	123.00
0.320940	123.00
0.320960	125.00
0.320980	126.00
0.321000	125.00
0.321020	124.00
0.321040	124.00
0.321060	126.00
0.321080	127.00
0.321100	125.00
0.321120	124.00
0.321140	124.00
0.321160	126.00
0.321180	126.00
0.321200	125.00
0.321220	124.00
0.321240	125.00
0.321260	126.00
0.321280	126.00
0.321300	125.00
0.321320	123.00
0.321340	124.00
0.321360	126.00
0.321380	126.00
0.321400	125.00
0.321420	124.00
0.321440	124.00
0.321460	125.00
0.321480	126.00
0.321500	125.00
0.321520	124.00
0.321540	125.00
0.321560	126.00
0.321580	126.00
0.321600	125.00
0.321620	123.00
0.321640	123.00
0.321660	125.00
0.321680	126.00
0.321700	125.00
0.321720	124.00
0.321740	124.00
0.321760	125.00
0.321780	126.00
0.321800	125.00
0.321820	125.00
0.321840	125.00
0.321860	125.00
0.321880	125.00
0.321900	125.00
0.321920	124.00
0.321940	125.00
0.321960	126.00
0.321980	126.00
0.322000	125.00
0.322020	125.00
0.322040	125.00
0.322060	126.00
0.322080	126.00
0.322100	125.00
0.322120	124.00
0.322140	125.00
0.322160	126.00
0.322180	126.00
0.322200	125.00
0.322220	124.00
0.322240	124.00
0.322260	125.00
0.322280	125.00
0.322300	124.00
0.322320	124.00
0.322340	124.00
0.322360	125.00
0.322380	126.00
0.322400	125.00
0.322420	125.00
0.322440	125.00
0.322460	126.00
0.322480	126.00
0.322500	125.00
0.322520	124.00
0.322540	125.00
0.322560	126.00
0.322580	126.00
0.322600	125.00
0.322620	124.00
0.322640	124.00
0.322660	125.00
0.322680	125.00
0.322700	125.00
0.322720	124.00
0.322740	124.00
0.322760	124.00
0.322780	125.00
0.322800	124.00
0.322820	124.00
0.322840	124.00
0.322860	125.00
0.322880	126.00
0.322900	126.00
0.322920	125.00
0.322940	125.00
0.322960	125.00
0.322980	125.00
0.323000	125.00
0.323020	125.00
0.323040	125.00
0.323060	125.00
0.323080	125.00
0.323100	124.00
0.323120	124.00
0.323140	124.00
0.323160	125.00
0.323180	125.00
0.323200	125.00
0.323220	124.00
0.323240	124.00
0.323260	124.00
0.323280	125.00
0.323300	125.00
0.323320	124.00
0.323340	124.00
0.323360	125.00
0.323380	126.00
0.323400	125.00
0.323420	125.00
0.323440	125.00
0.323460	125.00
0.323480	125.00
0.323500	125.00
0.323520	124.00
0.323540	124.00
0.323560	124.00
0.323580	125.00
0.323600	124.00
0.323620	124.00
0.323640	124.00
0.323660	124.00
0.323680	125.00
0.323700	124.00
0.323720	124.00
0.323740	124.00
0.323760	124.00
0.323780	125.00
0.323800	124.00
0.323820	124.00
0.323840	124.00
0.323860	125.00
0.323880	126.00
0.323900	125.00
0.323920	124.00
0.323940	124.00
0.323960	124.00
0.323980	125.00
0.324000	125.00
0.324020	124.00
0.324040	124.00
0.324060	124.00
0.324080	125.00
0.324100	125.00
0.324120	125.00
0.324140	125.00
0.324160	125.00
0.324180	126.00
0.324200	125.00
0.324220	125.00
0.324240	125.00
0.324260	125.00
0.324280	126.00
0.324300	125.00
0.324320	124.00
0.324340	124.00
0.324360	124.00
0.324380	125.00
0.324400	124.00
0.324420	124.00
0.324440	124.00
0.324460	124.00
0.324480	125.00
0.324500	125.00
0.324520	124.00
0.324540	124.00
0.324560	124.00
0.324580	124.00
0.324600	124.00
0.324620	124.00
0.324640	124.00
0.324660	125.00
0.324680	125.00
0.324700	125.00
0.324720	124.00
0.324740	124.00
0.324760	124.00
0.324780	124.00
0.324800	124.00
0.324820	124.00
0.324840	124.00
0.324860	124.00
0.324880	123.00
0.324900	123.00
0.324920	122.00
0.324940	121.00
0.324960	121.00
0.324980	122.00
0.325000	122.00
0.325020	124.00
0.325040	126.00
0.325060	130.00
0.325080	134.00
0.325100	138.00
0.325120	142.00
0.325140	144.00
0.325160	146.00
0.325180	145.00
0.325200	141.00
0.325220	134.00
0.325240	124.00
0.325260	113.00
0.325280	103.00
0.325300	95.00
0.325320	88.00
0.325340	82.00
0.325360	80.00
0.325380	81.00
0.325400	86.00
0.325420	95.00
0.325440	109.00
0.325460	127.00
0.325480	146.00
0.325500	164.00
0.325520	177.00
0.325540	186.00
0.325560	191.00
0.325580	193.00
0.325600	191.00
0.325620	184.00
0.325640	169.00
0.325660	148.00
0.325680	122.00
0.325700	92.00
0.325720	62.00
0.325740	36.00
0.325760	16.00
0.325780	6.00
0.325800	5.00
0.325820	14.00
0.325840	34.00
0.325860	66.00
0.325880	107.00
0.325900	154.00
0.325920	198.00
0.325940	231.00
0.325960	250.00
0.325980	255.00
0.326000	255.00
0.326020	249.00
0.326040	234.00
0.326060	204.00
0.326080	157.00
0.326100	99.00
0.326120	44.00
0.326140	7.00
0.326160	0.00
0.326180	0.00
0.326200	7.00
0.326220	4.00
0.326240	0.00
0.326260	0.00
0.326280	24.00
0.326300	80.00
0.326320	150.00
0.326340	211.00
0.326360	247.00
0.326380	255.00
0.326400	255.00
0.326420	255.00
0.326440	255.00
0.326460	251.00
0.326480	233.00
0.326500	195.00
0.326520	141.00
0.326540	82.00
0.326560	33.00
0.326580	4.00
0.326600	0.00
0.326620	1.00
0.326640	4.00
0.326660	1.00
0.326680	0.00
0.326700	8.00
0.326720	42.00
0.326740	94.00
0.326760	150.00
0.326780	196.00
0.326800	225.00
0.326820	240.00
0.326840	246.00
0.326860	245.00
0.326880	237.00
0.326900	222.00
0.326920	198.00
0.326940	169.00
0.326960	135.00
0.326980	100.00
0.327000	67.00
0.327020	41.00
0.327040	25.00
0.327060	18.00
0.327080	20.00
0.327100	29.00
0.327120	47.00
0.327140	70.00
0.327160	96.00
0.327180	122.00
0.327200	146.00
0.327220	167.00
0.327240	182.00
0.327260	191.00
0.327280	194.00
0.327300	190.00
0.327320	182.00
0.327340	170.00
0.327360	155.00
0.327380	139.00
0.327400	121.00
0.327420	106.00
0.327440	94.00
0.327460	86.00
0.327480	81.00
0.327500	79.00
0.327520	82.00
0.327540	89.00
0.327560	98.00
0.327580	108.00
0.327600	118.00
0.327620	129.00
0.327640	138.00
0.327660	146.00
0.327680	151.00
0.327700	153.00
0.327720	153.00
0.327740	150.00
0.327760	146.00
0.327780	140.00
0.327800	133.00
0.327820	126.00
0.327840	120.00
0.327860	115.00
0.327880	112.00
0.327900	108.00
0.327920	107.00
0.327940	107.00
0.327960	109.00
0.327980	112.00
0.328000	116.00
0.328020	120.00
0.328040	124.00
0.328060	129.00
0.328080	132.00
0.328100	135.00
0.328120	136.00
0.328140	136.00
0.328160	136.00
0.328180	135.00
0.328200	132.00
0.328220	130.00
0.328240	127.00
0.328260	125.00
0.328280	123.00
0.328300	120.00
0.328320	119.00
0.328340	118.00
0.328360	118.00
0.328380	118.00
0.328400	119.00
0.328420	120.00
0.328440	121.00
0.328460	123.00
0.328480	125.00
0.328500	127.00
0.328520	128.00
0.328540	130.00
0.328560	131.00
0.328580	130.00
0.328600	129.00
0.328620	128.00
0.328640	127.00
0.328660	126.00
0.328680	126.00
0.328700	125.00
0.328720	124.00
0.328740	123.00
0.328760	123.00
0.328780	122.00
0.328800	122.00
0.328820	122.00
0.328840	123.00
0.328860	124.00
0.328880	124.00
0.328900	125.00
0.328920	125.00
0.328940	126.00
0.328960	126.00
0.328980	127.00
0.329000	126.00
0.329020	126.00
0.329040	126.00
0.329060	126.00
0.329080	126.00
0.329100	125.00
0.329120	124.00
0.329140	124.00
0.329160	124.00
0.329180	124.00
0.329200	124.00
0.329220	124.00
0.329240	124.00
0.329260	125.00
0.329280	126.00
0.329300	126.00
0.329320	126.00
0.329340	126.00
0.329360	126.00
0.329380	127.00
0.329400	126.00
0.329420	126.00
0.329440	125.00
0.329460	125.00
0.329480	124.00
0.329500	124.00
0.329520	124.00
0.329540	124.00
0.329560	124.00
0.329580	124.00
0.329600	124.00
0.329620	124.00
0.329640	125.00
0.329660	126.00
0.329680	126.00
0.329700	126.00
0.329720	126.00
0.329740	126.00
0.329760	126.00
0.329780	126.00
0.329800	126.00
0.329820	126.00
0.329840	126.00
0.329860	126.00
0.329880	126.00
0.329900	125.00
0.329920	125.00
0.329940	124.00
0.329960	124.00
0.329980	124.00
0.330000	124.00
0.330020	124.00
0.330040	124.00
0.330060	124.00
0.330080	124.00
0.330100	124.00
0.330120	124.00
0.330140	124.00
0.330160	125.00
0.330180	126.00
0.330200	126.00
0.330220	126.00
0.330240	126.00
0.330260	126.00
0.330280	126.00
0.330300	126.00
0.330320	125.00
0.330340	125.00
0.330360	125.00
0.330380	124.00
0.330400	124.00
0.330420	124.00
0.330440	125.00
0.330460	125.00
0.330480	125.00
0.330500	124.00
0.330520	124.00
0.330540	125.00
0.330560	126.00
0.330580	126.00
0.330600	126.00
0.330620	125.00
0.330640	125.00
0.330660	125.00
0.330680	125.00
0.330700	125.00
0.330720	125.00
0.330740	125.00
0.330760	125.00
0.330780	125.00
0.330800	125.00
0.330820	125.00
0.330840	125.00
0.330860	125.00
0.330880	125.00
0.330900	125.00
0.330920	125.00
0.330940	126.00
0.330960	126.00
0.330980	127.00
0.331000	126.00
0.331020	126.00
0.331040	126.00
0.331060	126.00
0.331080	126.00
0.331100	126.00
0.331120	126.00
0.331140	126.00
0.331160	126.00
0.331180	126.00
0.331200	126.00
0.331220	125.00
0.331240	125.00
0.331260	125.00
0.331280	125.00
0.331300	124.00
0.331320	123.00
0.331340	122.00
0.331360	122.00
0.331380	121.00
0.331400	121.00
0.331420	122.00
0.331440	123.00
0.331460	125.00
0.331480	126.00
0.331500	128.00
0.331520	130.00
0.331540	131.00
0.331560	132.00
0.331580	133.00
0.331600	133.00
0.331620	132.00
0.331640	131.00
0.331660	128.00
0.331680	125.00
0.331700	121.00
0.331720	118.00
0.331740	115.00
0.331760	114.00
0.331780	113.00
0.331800	112.00
0.331820	113.00
0.331840	114.00
0.331860	117.00
0.331880	120.00
0.331900	125.00
0.331920	130.00
0.331940	136.00
0.331960	141.00
0.331980	145.00
0.332000	147.00
0.332020	147.00
0.332040	145.00
0.332060	142.00
0.332080	137.00
0.332100	129.00
0.332120	121.00
0.332140	112.00
0.332160	104.00
0.332180	96.00
0.332200	91.00
0.332220	89.00
0.332240	91.00
0.332260	96.00
0.332280	105.00
0.332300	115.00
0.332320	127.00
0.332340	139.00
0.332360	150.00
0.332380	160.00
0.332400	166.00
0.332420	169.00
0.332440	168.00
0.332460	164.00
0.332480	155.00
0.332500	144.00
0.332520	131.00
0.332540	117.00
0.332560	105.00
0.332580	93.00
0.332600	84.00
0.332620	78.00
0.332640	77.00
0.332660	80.00
0.332680	87.00
0.332700	97.00
0.332720	110.00
0.332740	123.00
0.332760	135.00
0.332780	147.00
0.332800	156.00
0.332820	162.00
0.332840	165.00
0.332860	164.00
0.332880	160.00
0.332900	154.00
0.332920	145.00
0.332940	135.00
0.332960	125.00
0.332980	114.00
0.333000	105.00
0.333020	99.00
0.333040	95.00
0.333060	94.00
0.333080	96.00
0.333100	99.00
0.333120	105.00
0.333140	112.00
0.333160	120.00
0.333180	127.00
0.333200	134.00
0.333220	139.00
0.333240	143.00
0.333260	146.00
0.333280	146.00
0.333300	145.00
0.333320	142.00
0.333340	137.00
0.333360	132.00
0.333380	127.00
0.333400	122.00
0.333420	118.00
0.333440	114.00
0.333460	112.00
0.333480	111.00
0.333500	111.00
0.333520	112.00
0.333540	114.00
0.333560	117.00
0.333580	120.00
0.333600	124.00
0.333620	127.00
0.333640	130.00
0.333660	132.00
0.333680	133.00
0.333700	134.00
0.333720	133.00
0.333740	133.00
0.333760	131.00
0.333780	130.00
0.333800	128.00
0.333820	126.00
0.333840	124.00
0.333860	122.00
0.333880	121.00
0.333900	120.00
0.333920	120.00
0.333940	120.00
0.333960	120.00
0.333980	121.00
0.334000	122.00
0.334020	123.00
0.334040	124.00
0.334060	125.00
0.334080	126.00
0.334100	127.00
0.334120	128.00
0.334140	129.00
0.334160	129.00
0.334180	128.00
0.334200	128.00
0.334220	127.00
0.334240	126.00
0.334260	125.00
0.334280	124.00
0.334300	123.00
0.334320	123.00
0.334340	123.00
0.334360	123.00
0.334380	123.00
0.334400	123.00
0.334420	123.00
0.334440	123.00
0.334460	123.00
0.334480	124.00
0.334500	124.00
0.334520	125.00
0.334540	126.00
0.334560	126.00
0.334580	126.00
0.334600	126.00
0.334620	126.00
0.334640	126.00
0.334660	126.00
0.334680	126.00
0.334700	126.00
0.334720	125.00
0.334740	125.00
0.334760	125.00
0.334780	124.00
0.334800	124.00
0.334820	123.00
0.334840	123.00
0.334860	123.00
0.334880	123.00
0.334900	124.00
0.334920	124.00
0.334940	124.00
0.334960	125.00
0.334980	125.00
0.335000	126.00
0.335020	126.00
0.335040	126.00
0.335060	126.00
0.335080	126.00
0.335100	125.00
0.335120	125.00
0.335140	125.00
0.335160	125.00
0.335180	125.00
0.335200	125.00
0.335220	124.00
0.335240	124.00
0.335260	124.00
0.335280	124.00
0.335300	124.00
0.335320	124.00
0.335340	125.00
0.335360	125.00
0.335380	126.00
0.335400	126.00
0.335420	126.00
0.335440	126.00
0.335460	127.00
0.335480	127.00
0.335500	126.00
0.335520	126.00
0.335540	125.00
0.335560	125.00
0.335580	124.00
0.335600	124.00
0.335620	123.00
0.335640	123.00
0.335660	123.00
0.335680	124.00
0.335700	124.00
0.335720	124.00
0.335740	125.00
0.335760	125.00
0.335780	126.00
0.335800	125.00
0.335820	125.00
0.335840	125.00
0.335860	126.00
0.335880	126.00
0.335900	126.00
0.335920	126.00
0.335940	126.00
0.335960	126.00
0.335980	125.00
0.336000	125.00
0.336020	125.00
0.336040	125.00
0.336060	125.00
0.336080	125.00
0.336100	124.00
0.336120	123.00
0.336140	123.00
0.336160	124.00
0.336180	124.00
0.336200	124.00
0.336220	124.00
0.336240	124.00
0.336260	124.00
0.336280	125.00
0.336300	125.00
0.336320	125.00
0.336340	126.00
0.336360	126.00
0.336380	126.00
0.336400	126.00
0.336420	125.00
0.336440	125.00
0.336460	125.00
0.336480	125.00
0.336500	125.00
0.336520	125.00
0.336540	125.00
0.336560	125.00
0.336580	125.00
0.336600	125.00
0.336620	124.00
0.336640	124.00
0.336660	124.00
0.336680	124.00
0.336700	124.00
0.336720	124.00
0.336740	125.00
0.336760	125.00
0.336780	125.00
0.336800	125.00
0.336820	125.00
0.336840	125.00
0.336860	125.00
0.336880	125.00
0.336900	125.00
0.336920	125.00
0.336940	125.00
0.336960	126.00
0.336980	126.00
0.337000	125.00
0.337020	125.00
0.337040	125.00
0.337060	125.00
0.337080	125.00
0.337100	125.00
0.337120	124.00
0.337140	125.00
0.337160	125.00
0.337180	125.00
0.337200	125.00
0.337220	125.00
0.337240	125.00
0.337260	126.00
0.337280	126.00
0.337300	126.00
0.337320	125.00
0.337340	125.00
0.337360	125.00
0.337380	125.00
0.337400	126.00
0.337420	126.00
0.337440	125.00
0.337460	125.00
0.337480	125.00
0.337500	124.00
0.337520	124.00
0.337540	124.00
0.337560	124.00
0.337580	124.00
0.337600	123.00
0.337620	123.00
0.337640	123.00
0.337660	124.00
0.337680	124.00
0.337700	125.00
0.337720	126.00
0.337740	127.00
0.337760	127.00
0.337780	128.00
0.337800	128.00
0.337820	128.00
0.337840	128.00
0.337860	127.00
0.337880	126.00
0.337900	125.00
0.337920	123.00
0.337940	122.00
0.337960	120.00
0.337980	119.00
0.338000	119.00
0.338020	119.00
0.338040	119.00
0.338060	119.00
0.338080	120.00
0.338100	121.00
0.338120	123.00
0.338140	126.00
0.338160	129.00
0.338180	131.00
0.338200	134.00
0.338220	135.00
0.338240	136.00
0.338260	136.00
0.338280	134.00
0.338300	132.00
0.338320	129.00
0.338340	125.00
0.338360	121.00
0.338380	117.00
0.338400	113.00
0.338420	110.00
0.338440	108.00
0.338460	108.00
0.338480	110.00
0.338500	112.00
0.338520	117.00
0.338540	122.00
0.338560	128.00
0.338580	134.00
0.338600	139.00
0.338620	143.00
0.338640	146.00
0.338660	147.00
0.338680	146.00
0.338700	142.00
0.338720	138.00
0.338740	132.00
0.338760	126.00
0.338780	119.00
0.338800	113.00
0.338820	108.00
0.338840	105.00
0.338860	103.00
0.338880	103.00
0.338900	105.00
0.338920	108.00
0.338940	113.00
0.338960	119.00
0.338980	125.00
0.339000	132.00
0.339020	137.00
0.339040	141.00
0.339060	144.00
0.339080	144.00
0.339100	143.00
0.339120	141.00
0.339140	138.00
0.339160	134.00
0.339180	129.00
0.339200	124.00
0.339220	119.00
0.339240	115.00
0.339260	112.00
0.339280	111.00
0.339300	110.00
0.339320	111.00
0.339340	113.00
0.339360	116.00
0.339380	120.00
0.339400	123.00
0.339420	126.00
0.339440	129.00
0.339460	131.00
0.339480	133.00
0.339500	134.00
0.339520	134.00
0.339540	133.00
0.339560	132.00
0.339580	130.00
0.339600	128.00
0.339620	126.00
0.339640	124.00
0.339660	122.00
0.339680	121.00
0.339700	119.00
0.339720	119.00
0.339740	119.00
0.339760	120.00
0.339780	121.00
0.339800	122.00
0.339820	123.00
0.339840	125.00
0.339860	126.00
0.339880	127.00
0.339900	128.00
0.339920	128.00
0.339940	128.00
0.339960	128.00
0.339980	128.00
0.340000	127.00
0.340020	127.00
0.340040	126.00
0.340060	126.00
0.340080	125.00
0.340100	124.00
0.340120	124.00
0.340140	123.00
0.340160	123.00
0.340180	123.00
0.340200	124.00
0.340220	124.00
0.340240	125.00
0.340260	125.00
0.340280	125.00
0.340300	126.00
0.340320	126.00
0.340340	126.00
0.340360	126.00
0.340380	126.00
0.340400	126.00
0.340420	126.00
0.340440	126.00
0.340460	126.00
0.340480	125.00
0.340500	124.00
0.340520	124.00
0.340540	124.00
0.340560	124.00
0.340580	124.00
0.340600	124.00
0.340620	124.00
0.340640	124.00
0.340660	125.00
0.340680	125.00
0.340700	125.00
0.340720	125.00
0.340740	125.00
0.340760	126.00
0.340780	126.00
0.340800	126.00
0.340820	126.00
0.340840	126.00
0.340860	126.00
0.340880	126.00
0.340900	125.00
0.340920	125.00
0.340940	125.00
0.340960	124.00
0.340980	124.00
0.341000	123.00
0.341020	123.00
0.341040	123.00
0.341060	124.00
0.341080	124.00
0.341100	125.00
0.341120	125.00
0.341140	125.00
0.341160	126.00
0.341180	126.00
0.341200	126.00
0.341220	126.00
0.341240	126.00
0.341260	126.00
0.341280	126.00
0.341300	126.00
0.341320	125.00
0.341340	124.00
0.341360	124.00
0.341380	124.00
0.341400	124.00
0.341420	123.00
0.341440	123.00
0.341460	123.00
0.341480	124.00
0.341500	125.00
0.341520	126.00
0.341540	126.00
0.341560	126.00
0.341580	126.00
0.341600	126.00
0.341620	126.00
0.341640	126.00
0.341660	126.00
0.341680	125.00
0.341700	125.00
0.341720	124.00
0.341740	124.00
0.341760	124.00
0.341780	124.00
0.341800	124.00
0.341820	124.00
0.341840	124.00
0.341860	125.00
0.341880	125.00
0.341900	125.00
0.341920	126.00
0.341940	126.00
0.341960	126.00
0.341980	125.00
0.342000	125.00
0.342020	125.00
0.342040	125.00
0.342060	125.00
0.342080	125.00
0.342100	125.00
0.342120	124.00
0.342140	124.00
0.342160	124.00
0.342180	124.00
0.342200	124.00
0.342220	125.00
0.342240	125.00
0.342260	125.00
0.342280	125.00
0.342300	125.00
0.342320	125.00
0.342340	126.00
0.342360	126.00
0.342380	126.00
0.342400	125.00
0.342420	125.00
0.342440	125.00
0.342460	125.00
0.342480	125.00
0.342500	124.00
0.342520	124.00
0.342540	124.00
0.342560	125.00
0.342580	126.00
0.342600	126.00
0.342620	126.00
0.342640	126.00
0.342660	126.00
0.342680	126.00
0.342700	126.00
0.342720	126.00
0.342740	125.00
0.342760	125.00
0.342780	125.00
0.342800	124.00
0.342820	124.00
0.342840	124.00
0.342860	124.00
0.342880	124.00
0.342900	124.00
0.342920	124.00
0.342940	124.00
0.342960	124.00
0.342980	124.00
0.343000	125.00
0.343020	125.00
0.343040	125.00
0.343060	125.00
0.343080	125.00
0.343100	125.00
0.343120	125.00
0.343140	125.00
0.343160	125.00
0.343180	125.00
0.343200	125.00
0.343220	125.00
0.343240	124.00
0.343260	124.00
0.343280	124.00
0.343300	124.00
0.343320	124.00
0.343340	124.00
0.343360	124.00
0.343380	124.00
0.343400	124.00
0.343420	124.00
0.343440	124.00
0.343460	125.00
0.343480	125.00
0.343500	125.00
0.343520	126.00
0.343540	126.00
0.343560	126.00
0.343580	126.00
0.343600	126.00
0.343620	125.00
0.343640	125.00
0.343660	125.00
0.343680	125.00
0.343700	125.00
0.343720	124.00
0.343740	124.00
0.343760	124.00
0.343780	124.00
0.343800	124.00
0.343820	124.00
0.343840	124.00
0.343860	124.00
0.343880	124.00
0.343900	125.00
0.343920	125.00
0.343940	125.00
0.343960	126.00
0.343980	126.00
0.344000	127.00
0.344020	127.00
0.344040	127.00
0.344060	127.00
0.344080	127.00
0.344100	127.00
0.344120	126.00
0.344140	125.00
0.344160	124.00
0.344180	123.00
0.344200	123.00
0.344220	122.00
0.344240	122.00
0.344260	122.00
0.344280	122.00
0.344300	122.00
0.344320	123.00
0.344340	123.00
0.344360	125.00
0.344380	126.00
0.344400	127.00
0.344420	129.00
0.344440	130.00
0.344460	130.00
0.344480	131.00
0.344500	131.00
0.344520	130.00
0.344540	129.00
0.344560	126.00
0.344580	124.00
0.344600	121.00
0.344620	119.00
0.344640	117.00
0.344660	116.00
0.344680	115.00
0.344700	115.00
0.344720	116.00
0.344740	118.00
0.344760	121.00
0.344780	124.00
0.344800	127.00
0.344820	131.00
0.344840	134.00
0.344860	136.00
0.344880	137.00
0.344900	137.00
0.344920	136.00
0.344940	135.00
0.344960	132.00
0.344980	129.00
0.345000	125.00
0.345020	122.00
0.345040	118.00
0.345060	115.00
0.345080	113.00
0.345100	112.00
0.345120	112.00
0.345140	113.00
0.345160	115.00
0.345180	117.00
0.345200	121.00
0.345220	124.00
0.345240	128.00
0.345260	131.00
0.345280	134.00
0.345300	136.00
0.345320	137.00
0.345340	137.00
0.345360	136.00
0.345380	133.00
0.345400	130.00
0.345420	127.00
0.345440	125.00
0.345460	122.00
0.345480	120.00
0.345500	118.00
0.345520	117.00
0.345540	117.00
0.345560	117.00
0.345580	117.00
0.345600	119.00
0.345620	121.00
0.345640	123.00
0.345660	125.00
0.345680	126.00
0.345700	128.00
0.345720	130.00
0.345740	131.00
0.345760	131.00
0.345780	131.00
0.345800	130.00
0.345820	129.00
0.345840	128.00
0.345860	127.00
0.345880	125.00
0.345900	124.00
0.345920	123.00
0.345940	122.00
0.345960	122.00
0.345980	121.00
0.346000	121.00
0.346020	121.00
0.346040	122.00
0.346060	123.00
0.346080	124.00
0.346100	124.00
0.346120	125.00
0.346140	126.00
0.346160	127.00
0.346180	127.00
0.346200	127.00
0.346220	127.00
0.346240	127.00
0.346260	127.00
0.346280	126.00
0.346300	125.00
0.346320	124.00
0.346340	124.00
0.346360	124.00
0.346380	124.00
0.346400	124.00
0.346420	123.00
0.346440	123.00
0.346460	124.00
0.346480	124.00
0.346500	125.00
0.346520	125.00
0.346540	126.00
0.346560	126.00
0.346580	126.00
0.346600	126.00
0.346620	126.00
0.346640	126.00
0.346660	126.00
0.346680	126.00
0.346700	126.00
0.346720	125.00
0.346740	124.00
0.346760	124.00
0.346780	124.00
0.346800	124.00
0.346820	124.00
0.346840	124.00
0.346860	124.00
0.346880	124.00
0.346900	124.00
0.346920	124.00
0.346940	125.00
0.346960	126.00
0.346980	126.00
0.347000	126.00
0.347020	125.00
0.347040	125.00
0.347060	125.00
0.347080	125.00
0.347100	125.00
0.347120	125.00
0.347140	125.00
0.347160	125.00
0.347180	124.00
0.347200	124.00
0.347220	124.00
0.347240	124.00
0.347260	124.00
0.347280	124.00
0.347300	124.00
0.347320	124.00
0.347340	125.00
0.347360	125.00
0.347380	125.00
0.347400	126.00
0.347420	126.00
0.347440	126.00
0.347460	126.00
0.347480	125.00
0.347500	125.00
0.347520	124.00
0.347540	125.00
0.347560	125.00
0.347580	125.00
0.347600	125.00
0.347620	124.00
0.347640	124.00
0.347660	124.00
0.347680	125.00
0.347700	125.00
0.347720	125.00
0.347740	125.00
0.347760	125.00
0.347780	126.00
0.347800	126.00
0.347820	126.00
0.347840	126.00
0.347860	126.00
0.347880	125.00
0.347900	124.00
0.347920	124.00
0.347940	124.00
0.347960	125.00
0.347980	125.00
0.348000	125.00
0.348020	125.00
0.348040	126.00
0.348060	126.00
0.348080	126.00
0.348100	126.00
0.348120	125.00
0.348140	125.00
0.348160	125.00
0.348180	125.00
0.348200	125.00
0.348220	124.00
0.348240	124.00
0.348260	124.00
0.348280	124.00
0.348300	124.00
0.348320	124.00
0.348340	124.00
0.348360	124.00
0.348380	125.00
0.348400	125.00
0.348420	125.00
0.348440	125.00
0.348460	125.00
0.348480	125.00
0.348500	125.00
0.348520	125.00
0.348540	125.00
0.348560	125.00
0.348580	125.00
0.348600	125.00
0.348620	124.00
0.348640	124.00
0.348660	124.00
0.348680	124.00
0.348700	124.00
0.348720	124.00
0.348740	124.00
0.348760	125.00
0.348780	125.00
0.348800	125.00
0.348820	125.00
0.348840	125.00
0.348860	125.00
0.348880	126.00
0.348900	126.00
0.348920	125.00
0.348940	125.00
0.348960	125.00
0.348980	125.00
0.349000	125.00
0.349020	124.00
0.349040	124.00
0.349060	124.00
0.349080	124.00
0.349100	124.00
0.349120	124.00
0.349140	124.00
0.349160	125.00
0.349180	125.00
0.349200	126.00
0.349220	126.00
0.349240	126.00
0.349260	126.00
0.349280	126.00
0.349300	126.00
0.349320	126.00
0.349340	126.00
0.349360	126.00
0.349380	125.00
0.349400	125.00
0.349420	125.00
0.349440	124.00
0.349460	124.00
0.349480	124.00
0.349500	124.00
0.349520	125.00
0.349540	125.00
0.349560	125.00
0.349580	125.00
0.349600	125.00
0.349620	125.00
0.349640	125.00
0.349660	125.00
0.349680	125.00
0.349700	125.00
0.349720	125.00
0.349740	125.00
0.349760	125.00
0.349780	125.00
0.349800	125.00
0.349820	125.00
0.349840	125.00
0.349860	125.00
0.349880	125.00
0.349900	125.00
0.349920	125.00
0.349940	125.00
0.349960	124.00
0.349980	124.00
0.350000	124.00
0.350020	124.00
0.350040	124.00
0.350060	124.00
0.350080	124.00
0.350100	124.00
0.350120	124.00
0.350140	125.00
0.350160	125.00
0.350180	125.00
0.350200	125.00
0.350220	125.00
0.350240	126.00
0.350260	126.00
0.350280	126.00
0.350300	126.00
0.350320	126.00
0.350340	125.00
0.350360	124.00
0.350380	124.00
0.350400	124.00
0.350420	123.00
0.350440	123.00
0.350460	123.00
0.350480	123.00
0.350500	123.00
0.350520	122.00
0.350540	123.00
0.350560	123.00
0.350580	124.00
0.350600	125.00
0.350620	126.00
0.350640	126.00
0.350660	127.00
0.350680	128.00
0.350700	129.00
0.350720	129.00
0.350740	129.00
0.350760	128.00
0.350780	127.00
0.350800	126.00
0.350820	124.00
0.350840	123.00
0.350860	121.00
0.350880	120.00
0.350900	119.00
0.350920	119.00
0.350940	119.00
0.350960	120.00
0.350980	121.00
0.351000	123.00
0.351020	125.00
0.351040	127.00
0.351060	129.00
0.351080	131.00
0.351100	132.00
0.351120	133.00
0.351140	133.00
0.351160	132.00
0.351180	131.00
0.351200	129.00
0.351220	127.00
0.351240	124.00
0.351260	122.00
0.351280	119.00
0.351300	118.00
0.351320	117.00
0.351340	116.00
0.351360	116.00
0.351380	117.00
0.351400	119.00
0.351420	121.00
0.351440	124.00
0.351460	126.00
0.351480	128.00
0.351500	130.00
0.351520	132.00
0.351540	133.00
0.351560	134.00
0.351580	134.00
0.351600	132.00
0.351620	130.00
0.351640	129.00
0.351660	127.00
0.351680	125.00
0.351700	123.00
0.351720	121.00
0.351740	119.00
0.351760	118.00
0.351780	118.00
0.351800	118.00
0.351820	119.00
0.351840	120.00
0.351860	122.00
0.351880	124.00
0.351900	125.00
0.351920	126.00
0.351940	127.00
0.351960	128.00
0.351980	129.00
0.352000	129.00
0.352020	129.00
0.352040	129.00
0.352060	128.00
0.352080	127.00
0.352100	126.00
0.352120	125.00
0.352140	123.00
0.352160	122.00
0.352180	122.00
0.352200	122.00
0.352220	122.00
0.352240	122.00
0.352260	122.00
0.352280	123.00
0.352300	124.00
0.352320	124.00
0.352340	125.00
0.352360	126.00
0.352380	126.00
0.352400	126.00
0.352420	126.00
0.352440	126.00
0.352460	126.00
0.352480	126.00
0.352500	126.00
0.352520	126.00
0.352540	126.00
0.352560	125.00
0.352580	124.00
0.352600	124.00
0.352620	124.00
0.352640	124.00
0.352660	124.00
0.352680	124.00
0.352700	124.00
0.352720	124.00
0.352740	125.00
0.352760	126.00
0.352780	126.00
0.352800	126.00
0.352820	126.00
0.352840	126.00
0.352860	126.00
0.352880	125.00
0.352900	125.00
0.352920	124.00
0.352940	124.00
0.352960	124.00
0.352980	124.00
0.353000	124.00
0.353020	124.00
0.353040	124.00
0.353060	124.00
0.353080	124.00
0.353100	124.00
0.353120	124.00
0.353140	125.00
0.353160	126.00
0.353180	126.00
0.353200	126.00
0.353220	125.00
0.353240	125.00
0.353260	125.00
0.353280	125.00
0.353300	125.00
0.353320	125.00
0.353340	125.00
0.353360	125.00
0.353380	125.00
0.353400	125.00
0.353420	124.00
0.353440	124.00
0.353460	124.00
0.353480	125.00
0.353500	125.00
0.353520	125.00
0.353540	125.00
0.353560	126.00
0.353580	126.00
0.353600	126.00
0.353620	126.00
0.353640	126.00
0.353660	126.00
0.353680	126.00
0.353700	126.00
0.353720	125.00
0.353740	125.00
0.353760	125.00
0.353780	124.00
0.353800	124.00
0.353820	124.00
0.353840	124.00
0.353860	124.00
0.353880	124.00
0.353900	124.00
0.353920	124.00
0.353940	124.00
0.353960	125.00
0.353980	125.00
0.354000	125.00
0.354020	125.00
0.354040	125.00
0.354060	125.00
0.354080	125.00
0.354100	125.00
0.354120	125.00
0.354140	124.00
0.354160	124.00
0.354180	124.00
0.354200	124.00
0.354220	124.00
0.354240	125.00
0.354260	125.00
0.354280	125.00
0.354300	125.00
0.354320	125.00
0.354340	124.00
0.354360	124.00
0.354380	124.00
0.354400	125.00
0.354420	125.00
0.354440	125.00
0.354460	125.00
0.354480	125.00
0.354500	124.00
0.354520	124.00
0.354540	124.00
0.354560	125.00
0.354580	125.00
0.354600	125.00
0.354620	125.00
0.354640	126.00
0.354660	126.00
0.354680	126.00
0.354700	126.00
0.354720	125.00
0.354740	125.00
0.354760	125.00
0.354780	125.00
0.354800	125.00
0.354820	124.00
0.354840	124.00
0.354860	124.00
0.354880	124.00
0.354900	124.00
0.354920	124.00
0.354940	124.00
0.354960	124.00
0.354980	125.00
0.355000	125.00
0.355020	126.00
0.355040	126.00
0.355060	126.00
0.355080	126.00
0.355100	125.00
0.355120	125.00
0.355140	125.00
0.355160	125.00
0.355180	125.00
0.355200	124.00
0.355220	123.00
0.355240	123.00
0.355260	123.00
0.355280	124.00
0.355300	124.00
0.355320	124.00
0.355340	124.00
0.355360	125.00
0.355380	125.00
0.355400	126.00
0.355420	126.00
0.355440	126.00
0.355460	126.00
0.355480	126.00
0.355500	126.00
0.355520	126.00
0.355540	126.00
0.355560	126.00
0.355580	126.00
0.355600	126.00
0.355620	125.00
0.355640	124.00
0.355660	123.00
0.355680	123.00
0.355700	123.00
0.355720	123.00
0.355740	123.00
0.355760	124.00
0.355780	124.00
0.355800	125.00
0.355820	125.00
0.355840	125.00
0.355860	125.00
0.355880	126.00
0.355900	126.00
0.355920	125.00
0.355940	125.00
0.355960	125.00
0.355980	125.00
0.356000	125.00
0.356020	125.00
0.356040	125.00
0.356060	125.00
0.356080	125.00
0.356100	125.00
0.356120	125.00
0.356140	124.00
0.356160	124.00
0.356180	124.00
0.356200	124.00
0.356220	124.00
0.356240	124.00
0.356260	124.00
0.356280	124.00
0.356300	124.00
0.356320	124.00
0.356340	125.00
0.356360	125.00
0.356380	125.00
0.356400	126.00
0.356420	126.00
0.356440	126.00
0.356460	126.00
0.356480	125.00
0.356500	125.00
0.356520	125.00
0.356540	125.00
0.356560	125.00
0.356580	125.00
0.356600	124.00
0.356620	124.00
0.356640	124.00
0.356660	124.00
0.356680	124.00
0.356700	124.00
0.356720	124.00
0.356740	124.00
0.356760	124.00
0.356780	124.00
0.356800	124.00
0.356820	125.00
0.356840	125.00
0.356860	125.00
0.356880	126.00
0.356900	126.00
0.356920	127.00
0.356940	127.00
0.356960	127.00
0.356980	127.00
0.357000	126.00
0.357020	126.00
0.357040	125.00
0.357060	124.00
0.357080	123.00
0.357100	122.00
0.357120	122.00
0.357140	121.00
0.357160	121.00
0.357180	122.00
0.357200	122.00
0.357220	123.00
0.357240	124.00
0.357260	126.00
0.357280	127.00
0.357300	128.00
0.357320	129.00
0.357340	130.00
0.357360	130.00
0.357380	130.00
0.357400	129.00
0.357420	127.00
0.357440	126.00
0.357460	124.00
0.357480	123.00
0.357500	122.00
0.357520	121.00
0.357540	120.00
0.357560	119.00
0.357580	119.00
0.357600	119.00
0.357620	121.00
0.357640	122.00
0.357660	123.00
0.357680	125.00
0.357700	127.00
0.357720	128.00
0.357740	130.00
0.357760	131.00
0.357780	131.00
0.357800	131.00
0.357820	130.00
0.357840	129.00
0.357860	127.00
0.357880	126.00
0.357900	124.00
0.357920	123.00
0.357940	122.00
0.357960	121.00
0.357980	120.00
0.358000	120.00
0.358020	120.00
0.358040	121.00
0.358060	122.00
0.358080	123.00
0.358100	125.00
0.358120	126.00
0.358140	127.00
0.358160	128.00
0.358180	128.00
0.358200	128.00
0.358220	128.00
0.358240	128.00
0.358260	127.00
0.358280	126.00
0.358300	125.00
0.358320	125.00
0.358340	124.00
0.358360	124.00
0.358380	123.00
0.358400	123.00
0.358420	123.00
0.358440	123.00
0.358460	123.00
0.358480	123.00
0.358500	123.00
0.358520	124.00
0.358540	125.00
0.358560	126.00
0.358580	126.00
0.358600	126.00
0.358620	126.00
0.358640	126.00
0.358660	126.00
0.358680	126.00
0.358700	126.00
0.358720	125.00
0.358740	124.00
0.358760	124.00
0.358780	124.00
0.358800	124.00
0.358820	124.00
0.358840	124.00
0.358860	124.00
0.358880	124.00
0.358900	124.00
0.358920	125.00
0.358940	125.00
0.358960	125.00
0.358980	125.00
0.359000	125.00
0.359020	125.00
0.359040	125.00
0.359060	125.00
0.359080	125.00
0.359100	125.00
0.359120	125.00
0.359140	125.00
0.359160	125.00
0.359180	124.00
0.359200	124.00
0.359220	124.00
0.359240	124.00
0.359260	124.00
0.359280	124.00
0.359300	124.00
0.359320	124.00
0.359340	125.00
0.359360	125.00
0.359380	125.00
0.359400	126.00
0.359420	126.00
0.359440	125.00
0.359460	125.00
0.359480	125.00
0.359500	125.00
0.359520	125.00
0.359540	125.00
0.359560	125.00
0.359580	124.00
0.359600	124.00
0.359620	124.00
0.359640	124.00
0.359660	124.00
0.359680	124.00
0.359700	124.00
0.359720	124.00
0.359740	124.00
0.359760	125.00
0.359780	125.00
0.359800	125.00
0.359820	125.00
0.359840	125.00
0.359860	126.00
0.359880	126.00
0.359900	126.00
0.359920	125.00
0.359940	124.00
0.359960	124.00
0.359980	125.00
