0.320000	101.00
0.320020	49.00
0.320040	102.00
0.320060	141.00
0.320080	144.00
0.320100	125.00
0.320120	112.00
0.320140	117.00
0.320160	130.00
0.320180	133.00
0.320200	125.00
0.320220	118.00
0.320240	121.00
0.320260	128.00
0.320280	130.00
0.320300	125.00
0.320320	121.00
0.320340	123.00
0.320360	128.00
0.320380	129.00
0.320400	124.00
0.320420	120.00
0.320440	122.00
0.320460	127.00
0.320480	128.00
0.320500	125.00
0.320520	122.00
0.320540	123.00
0.320560	127.00
0.320580	128.00
0.320600	125.00
0.320620	122.00
0.320640	123.00
0.320660	126.00
0.320680	127.00
0.320700	125.00
0.320720	123.00
0.320740	123.00
0.320760	125.00
0.320780	126.00
0.320800	124.00
0.320820	123.00
0.320840	123.00
0.320860	125.00
0.320880	126.00
0.320900	125.00
0.320920	123.00
0.320940	123.00
0.320960	125.00
0.320980	126.00
0.321000	125.00
0.321020	124.00
0.321040	124.00
0.321060	125.00
0.321080	125.00
0.321100	124.00
0.321120	123.00
0.321140	124.00
0.321160	126.00
0.321180	126.00
0.321200	124.00
0.321220	123.00
0.321240	124.00
0.321260	125.00
0.321280	125.00
0.321300	124.00
0.321320	123.00
0.321340	124.00
0.321360	125.00
0.321380	126.00
0.321400	125.00
0.321420	124.00
0.321440	124.00
0.321460	125.00
0.321480	126.00
0.321500	125.00
0.321520	124.00
0.321540	124.00
0.321560	125.00
0.321580	126.00
0.321600	125.00
0.321620	124.00
0.321640	124.00
0.321660	125.00
0.321680	125.00
0.321700	125.00
0.321720	124.00
0.321740	125.00
0.321760	125.00
0.321780	125.00
0.321800	124.00
0.321820	124.00
0.321840	124.00
0.321860	126.00
0.321880	125.00
0.321900	124.00
0.321920	123.00
0.321940	124.00
0.321960	125.00
0.321980	125.00
0.322000	124.00
0.322020	123.00
0.322040	124.00
0.322060	125.00
0.322080	125.00
0.322100	125.00
0.322120	125.00
0.322140	125.00
0.322160	126.00
0.322180	126.00
0.322200	125.00
0.322220	125.00
0.322240	125.00
0.322260	126.00
0.322280	125.00
0.322300	125.00
0.322320	124.00
0.322340	124.00
0.322360	125.00
0.322380	125.00
0.322400	124.00
0.322420	124.00
0.322440	124.00
0.322460	125.00
0.322480	125.00
0.322500	125.00
0.322520	124.00
0.322540	125.00
0.322560	126.00
0.322580	126.00
0.322600	125.00
0.322620	125.00
0.322640	125.00
0.322660	126.00
0.322680	126.00
0.322700	125.00
0.322720	124.00
0.322740	125.00
0.322760	125.00
0.322780	126.00
0.322800	125.00
0.322820	125.00
0.322840	125.00
0.322860	126.00
0.322880	125.00
0.322900	124.00
0.322920	124.00
0.322940	124.00
0.322960	125.00
0.322980	125.00
0.323000	124.00
0.323020	124.00
0.323040	124.00
0.323060	125.00
0.323080	125.00
0.323100	125.00
0.323120	124.00
0.323140	124.00
0.323160	124.00
0.323180	125.00
0.323200	125.00
0.323220	124.00
0.323240	124.00
0.323260	125.00
0.323280	124.00
0.323300	124.00
0.323320	124.00
0.323340	124.00
0.323360	125.00
0.323380	125.00
0.323400	124.00
0.323420	124.00
0.323440	124.00
0.323460	124.00
0.323480	125.00
0.323500	124.00
0.323520	124.00
0.323540	124.00
0.323560	124.00
0.323580	125.00
0.323600	125.00
0.323620	125.00
0.323640	125.00
0.323660	126.00
0.323680	125.00
0.323700	125.00
0.323720	125.00
0.323740	125.00
0.323760	126.00
0.323780	125.00
0.323800	125.00
0.323820	125.00
0.323840	125.00
0.323860	126.00
0.323880	126.00
0.323900	126.00
0.323920	125.00
0.323940	125.00
0.323960	125.00
0.323980	125.00
0.324000	125.00
0.324020	125.00
0.324040	125.00
0.324060	125.00
0.324080	125.00
0.324100	124.00
0.324120	124.00
0.324140	125.00
0.324160	125.00
0.324180	125.00
0.324200	124.00
0.324220	124.00
0.324240	124.00
0.324260	124.00
0.324280	124.00
0.324300	124.00
0.324320	124.00
0.324340	125.00
0.324360	125.00
0.324380	125.00
0.324400	124.00
0.324420	124.00
0.324440	124.00
0.324460	125.00
0.324480	125.00
0.324500	124.00
0.324520	124.00
0.324540	124.00
0.324560	125.00
0.324580	125.00
0.324600	125.00
0.324620	124.00
0.324640	124.00
0.324660	125.00
0.324680	125.00
0.324700	125.00
0.324720	125.00
0.324740	125.00
0.324760	125.00
0.324780	125.00
0.324800	124.00
0.324820	124.00
0.324840	124.00
0.324860	124.00
0.324880	124.00
0.324900	123.00
0.324920	122.00
0.324940	122.00
0.324960	122.00
0.324980	121.00
0.325000	121.00
0.325020	122.00
0.325040	124.00
0.325060	127.00
0.325080	131.00
0.325100	134.00
0.325120	138.00
0.325140	142.00
0.325160	145.00
0.325180	146.00
0.325200	144.00
0.325220	139.00
0.325240	131.00
0.325260	121.00
0.325280	110.00
0.325300	100.00
0.325320	92.00
0.325340	86.00
0.325360	81.00
0.325380	79.00
0.325400	80.00
0.325420	86.00
0.325440	97.00
0.325460	113.00
0.325480	132.00
0.325500	150.00
0.325520	166.00
0.325540	179.00
0.325560	188.00
0.325580	193.00
0.325600	194.00
0.325620	190.00
0.325640	180.00
0.325660	164.00
0.325680	141.00
0.325700	113.00
0.325720	83.00
0.325740	54.00
0.325760	29.00
0.325780	12.00
0.325800	4.00
0.325820	7.00
0.325840	19.00
0.325860	42.00
0.325880	76.00
0.325900	120.00
0.325920	167.00
0.325940	209.00
0.325960	239.00
0.325980	253.00
0.326000	255.00
0.326020	254.00
0.326040	246.00
0.326060	228.00
0.326080	193.00
0.326100	142.00
0.326120	83.00
0.326140	32.00
0.326160	2.00
0.326180	0.00
0.326200	2.00
0.326220	6.00
0.326240	2.00
0.326260	0.00
0.326280	2.00
0.326300	37.00
0.326320	98.00
0.326340	167.00
0.326360	223.00
0.326380	251.00
0.326400	255.00
0.326420	255.00
0.326440	255.00
0.326460	255.00
0.326480	248.00
0.326500	225.00
0.326520	182.00
0.326540	126.00
0.326560	68.00
0.326580	23.00
0.326600	0.00
0.326620	0.00
0.326640	3.00
0.326660	4.00
0.326680	0.00
0.326700	0.00
0.326720	14.00
0.326740	54.00
0.326760	109.00
0.326780	164.00
0.326800	205.00
0.326820	229.00
0.326840	242.00
0.326860	246.00
0.326880	244.00
0.326900	234.00
0.326920	216.00
0.326940	191.00
0.326960	160.00
0.326980	125.00
0.327000	90.00
0.327020	59.00
0.327040	36.00
0.327060	22.00
0.327080	18.00
0.327100	21.00
0.327120	33.00
0.327140	52.00
0.327160	77.00
0.327180	104.00
0.327200	129.00
0.327220	152.00
0.327240	172.00
0.327260	186.00
0.327280	194.00
0.327300	194.00
0.327320	189.00
0.327340	179.00
0.327360	167.00
0.327380	152.00
0.327400	134.00
0.327420	117.00
0.327440	103.00
0.327460	92.00
0.327480	84.00
0.327500	80.00
0.327520	80.00
0.327540	85.00
0.327560	92.00
0.327580	102.00
0.327600	111.00
0.327620	121.00
0.327640	131.00
0.327660	141.00
0.327680	149.00
0.327700	153.00
0.327720	153.00
0.327740	152.00
0.327760	149.00
0.327780	145.00
0.327800	139.00
0.327820	132.00
0.327840	125.00
0.327860	119.00
0.327880	113.00
0.327900	109.00
0.327920	107.00
0.327940	106.00
0.327960	107.00
0.327980	110.00
0.328000	113.00
0.328020	117.00
0.328040	121.00
0.328060	126.00
0.328080	130.00
0.328100	132.00
0.328120	135.00
0.328140	136.00
0.328160	137.00
0.328180	136.00
0.328200	134.00
0.328220	132.00
0.328240	129.00
0.328260	127.00
0.328280	125.00
0.328300	122.00
0.328320	120.00
0.328340	119.00
0.328360	119.00
0.328380	118.00
0.328400	118.00
0.328420	119.00
0.328440	120.00
0.328460	122.00
0.328480	125.00
0.328500	126.00
0.328520	127.00
0.328540	128.00
0.328560	129.00
0.328580	130.00
0.328600	129.00
0.328620	129.00
0.328640	128.00
0.328660	128.00
0.328680	127.00
0.328700	125.00
0.328720	124.00
0.328740	123.00
0.328760	123.00
0.328780	123.00
0.328800	123.00
0.328820	122.00
0.328840	122.00
0.328860	123.00
0.328880	124.00
0.328900	124.00
0.328920	125.00
0.328940	125.00
0.328960	126.00
0.328980	127.00
0.329000	126.00
0.329020	126.00
0.329040	126.00
0.329060	126.00
0.329080	126.00
0.329100	126.00
0.329120	125.00
0.329140	124.00
0.329160	124.00
0.329180	124.00
0.329200	124.00
0.329220	124.00
0.329240	124.00
0.329260	125.00
0.329280	125.00
0.329300	125.00
0.329320	125.00
0.329340	125.00
0.329360	126.00
0.329380	126.00
0.329400	126.00
0.329420	125.00
0.329440	125.00
0.329460	125.00
0.329480	126.00
0.329500	125.00
0.329520	124.00
0.329540	124.00
0.329560	123.00
0.329580	124.00
0.329600	124.00
0.329620	124.00
0.329640	124.00
0.329660	125.00
0.329680	125.00
0.329700	125.00
0.329720	126.00
0.329740	126.00
0.329760	127.00
0.329780	127.00
0.329800	127.00
0.329820	126.00
0.329840	126.00
0.329860	126.00
0.329880	126.00
0.329900	126.00
0.329920	125.00
0.329940	124.00
0.329960	124.00
0.329980	124.00
0.330000	124.00
0.330020	124.00
0.330040	124.00
0.330060	124.00
0.330080	124.00
0.330100	124.00
0.330120	124.00
0.330140	124.00
0.330160	125.00
0.330180	125.00
0.330200	126.00
0.330220	126.00
0.330240	126.00
0.330260	126.00
0.330280	126.00
0.330300	125.00
0.330320	125.00
0.330340	125.00
0.330360	125.00
0.330380	125.00
0.330400	125.00
0.330420	125.00
0.330440	125.00
0.330460	125.00
0.330480	125.00
0.330500	125.00
0.330520	124.00
0.330540	124.00
0.330560	125.00
0.330580	125.00
0.330600	125.00
0.330620	125.00
0.330640	125.00
0.330660	125.00
0.330680	125.00
0.330700	125.00
0.330720	125.00
0.330740	125.00
0.330760	125.00
0.330780	125.00
0.330800	125.00
0.330820	124.00
0.330840	124.00
0.330860	124.00
0.330880	124.00
0.330900	124.00
0.330920	124.00
0.330940	124.00
0.330960	125.00
0.330980	125.00
0.331000	125.00
0.331020	125.00
0.331040	125.00
0.331060	125.00
0.331080	126.00
0.331100	125.00
0.331120	125.00
0.331140	125.00
0.331160	125.00
0.331180	125.00
0.331200	125.00
0.331220	125.00
0.331240	125.00
0.331260	125.00
0.331280	125.00
0.331300	124.00
0.331320	123.00
0.331340	123.00
0.331360	122.00
0.331380	122.00
0.331400	121.00
0.331420	121.00
0.331440	122.00
0.331460	124.00
0.331480	125.00
0.331500	127.00
0.331520	129.00
0.331540	131.00
0.331560	132.00
0.331580	133.00
0.331600	133.00
0.331620	133.00
0.331640	132.00
0.331660	131.00
0.331680	128.00
0.331700	125.00
0.331720	121.00
0.331740	117.00
0.331760	115.00
0.331780	114.00
0.331800	112.00
0.331820	112.00
0.331840	112.00
0.331860	114.00
0.331880	117.00
0.331900	121.00
0.331920	126.00
0.331940	131.00
0.331960	137.00
0.331980	142.00
0.332000	145.00
0.332020	147.00
0.332040	148.00
0.332060	146.00
0.332080	142.00
0.332100	136.00
0.332120	128.00
0.332140	119.00
0.332160	110.00
0.332180	101.00
0.332200	94.00
0.332220	89.00
0.332240	88.00
0.332260	91.00
0.332280	97.00
0.332300	105.00
0.332320	116.00
0.332340	129.00
0.332360	142.00
0.332380	154.00
0.332400	162.00
0.332420	168.00
0.332440	170.00
0.332460	169.00
0.332480	163.00
0.332500	154.00
0.332520	142.00
0.332540	129.00
0.332560	115.00
0.332580	102.00
0.332600	91.00
0.332620	83.00
0.332640	78.00
0.332660	78.00
0.332680	82.00
0.332700	88.00
0.332720	98.00
0.332740	110.00
0.332760	124.00
0.332780	137.00
0.332800	149.00
0.332820	158.00
0.332840	164.00
0.332860	166.00
0.332880	165.00
0.332900	160.00
0.332920	152.00
0.332940	143.00
0.332960	133.00
0.332980	123.00
0.333000	113.00
0.333020	105.00
0.333040	99.00
0.333060	95.00
0.333080	95.00
0.333100	96.00
0.333120	100.00
0.333140	106.00
0.333160	113.00
0.333180	121.00
0.333200	129.00
0.333220	135.00
0.333240	140.00
0.333260	144.00
0.333280	146.00
0.333300	146.00
0.333320	144.00
0.333340	140.00
0.333360	136.00
0.333380	132.00
0.333400	126.00
0.333420	121.00
0.333440	117.00
0.333460	114.00
0.333480	113.00
0.333500	111.00
0.333520	111.00
0.333540	112.00
0.333560	115.00
0.333580	119.00
0.333600	122.00
0.333620	125.00
0.333640	128.00
0.333660	131.00
0.333680	133.00
0.333700	134.00
0.333720	134.00
0.333740	133.00
0.333760	132.00
0.333780	131.00
0.333800	129.00
0.333820	127.00
0.333840	125.00
0.333860	123.00
0.333880	122.00
0.333900	120.00
0.333920	119.00
0.333940	119.00
0.333960	119.00
0.333980	121.00
0.334000	122.00
0.334020	122.00
0.334040	123.00
0.334060	125.00
0.334080	126.00
0.334100	127.00
0.334120	128.00
0.334140	128.00
0.334160	128.00
0.334180	128.00
0.334200	128.00
0.334220	127.00
0.334240	126.00
0.334260	126.00
0.334280	125.00
0.334300	125.00
0.334320	124.00
0.334340	123.00
0.334360	123.00
0.334380	122.00
0.334400	123.00
0.334420	123.00
0.334440	123.00
0.334460	124.00
0.334480	124.00
0.334500	125.00
0.334520	126.00
0.334540	126.00
0.334560	126.00
0.334580	126.00
0.334600	126.00
0.334620	126.00
0.334640	127.00
0.334660	127.00
0.334680	127.00
0.334700	126.00
0.334720	125.00
0.334740	124.00
0.334760	124.00
0.334780	124.00
0.334800	123.00
0.334820	123.00
0.334840	123.00
0.334860	124.00
0.334880	124.00
0.334900	124.00
0.334920	124.00
0.334940	125.00
0.334960	125.00
0.334980	126.00
0.335000	126.00
0.335020	126.00
0.335040	126.00
0.335060	126.00
0.335080	126.00
0.335100	126.00
0.335120	125.00
0.335140	125.00
0.335160	125.00
0.335180	124.00
0.335200	123.00
0.335220	123.00
0.335240	123.00
0.335260	124.00
0.335280	124.00
0.335300	125.00
0.335320	125.00
0.335340	125.00
0.335360	125.00
0.335380	126.00
0.335400	126.00
0.335420	126.00
0.335440	126.00
0.335460	126.00
0.335480	126.00
0.335500	126.00
0.335520	125.00
0.335540	125.00
0.335560	125.00
0.335580	125.00
0.335600	125.00
0.335620	124.00
0.335640	123.00
0.335660	123.00
0.335680	123.00
0.335700	123.00
0.335720	123.00
0.335740	123.00
0.335760	124.00
0.335780	125.00
0.335800	125.00
0.335820	125.00
0.335840	125.00
0.335860	126.00
0.335880	126.00
0.335900	126.00
0.335920	126.00
0.335940	126.00
0.335960	125.00
0.335980	125.00
0.336000	125.00
0.336020	125.00
0.336040	125.00
0.336060	125.00
0.336080	125.00
0.336100	125.00
0.336120	124.00
0.336140	124.00
0.336160	124.00
0.336180	124.00
0.336200	124.00
0.336220	124.00
0.336240	124.00
0.336260	125.00
0.336280	125.00
0.336300	126.00
0.336320	126.00
0.336340	125.00
0.336360	125.00
0.336380	126.00
0.336400	126.00
0.336420	126.00
0.336440	126.00
0.336460	125.00
0.336480	125.00
0.336500	124.00
0.336520	124.00
0.336540	124.00
0.336560	125.00
0.336580	125.00
0.336600	125.00
0.336620	124.00
0.336640	125.00
0.336660	125.00
0.336680	125.00
0.336700	125.00
0.336720	125.00
0.336740	125.00
0.336760	125.00
0.336780	125.00
0.336800	125.00
0.336820	125.00
0.336840	125.00
0.336860	125.00
0.336880	125.00
0.336900	125.00
0.336920	125.00
0.336940	125.00
0.336960	125.00
0.336980	125.00
0.337000	124.00
0.337020	124.00
0.337040	124.00
0.337060	125.00
0.337080	125.00
0.337100	124.00
0.337120	124.00
0.337140	125.00
0.337160	125.00
0.337180	126.00
0.337200	125.00
0.337220	125.00
0.337240	125.00
0.337260	125.00
0.337280	125.00
0.337300	125.00
0.337320	125.00
0.337340	125.00
0.337360	126.00
0.337380	126.00
0.337400	126.00
0.337420	126.00
0.337440	125.00
0.337460	125.00
0.337480	125.00
0.337500	125.00
0.337520	124.00
0.337540	123.00
0.337560	123.00
0.337580	123.00
0.337600	123.00
0.337620	123.00
0.337640	123.00
0.337660	124.00
0.337680	125.00
0.337700	125.00
0.337720	126.00
0.337740	127.00
0.337760	128.00
0.337780	129.00
0.337800	129.00
0.337820	129.00
0.337840	129.00
0.337860	129.00
0.337880	128.00
0.337900	127.00
0.337920	125.00
0.337940	124.00
0.337960	122.00
0.337980	121.00
0.338000	119.00
0.338020	118.00
0.338040	118.00
0.338060	118.00
0.338080	119.00
0.338100	120.00
0.338120	121.00
0.338140	123.00
0.338160	126.00
0.338180	129.00
0.338200	132.00
0.338220	134.00
0.338240	135.00
0.338260	136.00
0.338280	136.00
0.338300	135.00
0.338320	132.00
0.338340	129.00
0.338360	125.00
0.338380	120.00
0.338400	115.00
0.338420	111.00
0.338440	108.00
0.338460	107.00
0.338480	107.00
0.338500	109.00
0.338520	112.00
0.338540	117.00
0.338560	123.00
0.338580	130.00
0.338600	136.00
0.338620	141.00
0.338640	144.00
0.338660	147.00
0.338680	148.00
0.338700	146.00
0.338720	143.00
0.338740	137.00
0.338760	131.00
0.338780	124.00
0.338800	118.00
0.338820	112.00
0.338840	107.00
0.338860	104.00
0.338880	102.00
0.338900	102.00
0.338920	103.00
0.338940	107.00
0.338960	113.00
0.338980	120.00
0.339000	126.00
0.339020	132.00
0.339040	137.00
0.339060	141.00
0.339080	144.00
0.339100	145.00
0.339120	144.00
0.339140	142.00
0.339160	138.00
0.339180	133.00
0.339200	129.00
0.339220	124.00
0.339240	120.00
0.339260	116.00
0.339280	113.00
0.339300	112.00
0.339320	111.00
0.339340	111.00
0.339360	113.00
0.339380	115.00
0.339400	119.00
0.339420	122.00
0.339440	125.00
0.339460	128.00
0.339480	131.00
0.339500	133.00
0.339520	134.00
0.339540	134.00
0.339560	133.00
0.339580	132.00
0.339600	130.00
0.339620	128.00
0.339640	126.00
0.339660	124.00
0.339680	122.00
0.339700	121.00
0.339720	120.00
0.339740	120.00
0.339760	120.00
0.339780	120.00
0.339800	120.00
0.339820	121.00
0.339840	123.00
0.339860	125.00
0.339880	126.00
0.339900	127.00
0.339920	127.00
0.339940	128.00
0.339960	128.00
0.339980	128.00
0.340000	128.00
0.340020	127.00
0.340040	126.00
0.340060	126.00
0.340080	125.00
0.340100	124.00
0.340120	123.00
0.340140	123.00
0.340160	123.00
0.340180	123.00
0.340200	123.00
0.340220	123.00
0.340240	123.00
0.340260	124.00
0.340280	125.00
0.340300	126.00
0.340320	126.00
0.340340	126.00
0.340360	126.00
0.340380	126.00
0.340400	126.00
0.340420	126.00
0.340440	126.00
0.340460	126.00
0.340480	125.00
0.340500	125.00
0.340520	125.00
0.340540	125.00
0.340560	124.00
0.340580	124.00
0.340600	123.00
0.340620	123.00
0.340640	123.00
0.340660	123.00
0.340680	124.00
0.340700	124.00
0.340720	125.00
0.340740	125.00
0.340760	125.00
0.340780	126.00
0.340800	126.00
0.340820	126.00
0.340840	126.00
0.340860	126.00
0.340880	126.00
0.340900	125.00
0.340920	125.00
0.340940	125.00
0.340960	124.00
0.340980	124.00
0.341000	123.00
0.341020	124.00
0.341040	124.00
0.341060	125.00
0.341080	124.00
0.341100	124.00
0.341120	124.00
0.341140	124.00
0.341160	125.00
0.341180	126.00
0.341200	126.00
0.341220	126.00
0.341240	126.00
0.341260	126.00
0.341280	126.00
0.341300	126.00
0.341320	125.00
0.341340	125.00
0.341360	124.00
0.341380	124.00
0.341400	124.00
0.341420	124.00
0.341440	124.00
0.341460	124.00
0.341480	125.00
0.341500	125.00
0.341520	125.00
0.341540	125.00
0.341560	125.00
0.341580	125.00
0.341600	125.00
0.341620	125.00
0.341640	125.00
0.341660	125.00
0.341680	125.00
0.341700	125.00
0.341720	125.00
0.341740	125.00
0.341760	125.00
0.341780	125.00
0.341800	125.00
0.341820	124.00
0.341840	124.00
0.341860	124.00
0.341880	125.00
0.341900	125.00
0.341920	125.00
0.341940	125.00
0.341960	125.00
0.341980	124.00
0.342000	124.00
0.342020	125.00
0.342040	125.00
0.342060	126.00
0.342080	125.00
0.342100	125.00
0.342120	124.00
0.342140	124.00
0.342160	125.00
0.342180	125.00
0.342200	125.00
0.342220	125.00
0.342240	125.00
0.342260	125.00
0.342280	126.00
0.342300	126.00
0.342320	125.00
0.342340	125.00
0.342360	125.00
0.342380	125.00
0.342400	125.00
0.342420	125.00
0.342440	124.00
0.342460	124.00
0.342480	124.00
0.342500	124.00
0.342520	124.00
0.342540	124.00
0.342560	124.00
0.342580	124.00
0.342600	125.00
0.342620	126.00
0.342640	126.00
0.342660	126.00
0.342680	126.00
0.342700	126.00
0.342720	126.00
0.342740	126.00
0.342760	126.00
0.342780	126.00
0.342800	125.00
0.342820	124.00
0.342840	124.00
0.342860	124.00
0.342880	124.00
0.342900	124.00
0.342920	124.00
0.342940	124.00
0.342960	124.00
0.342980	125.00
0.343000	125.00
0.343020	125.00
0.343040	125.00
0.343060	125.00
0.343080	125.00
0.343100	125.00
0.343120	125.00
0.343140	125.00
0.343160	125.00
0.343180	125.00
0.343200	125.00
0.343220	125.00
0.343240	125.00
0.343260	125.00
0.343280	125.00
0.343300	124.00
0.343320	124.00
0.343340	124.00
0.343360	125.00
0.343380	125.00
0.343400	125.00
0.343420	124.00
0.343440	124.00
0.343460	124.00
0.343480	125.00
0.343500	126.00
0.343520	126.00
0.343540	126.00
0.343560	126.00
0.343580	126.00
0.343600	125.00
0.343620	125.00
0.343640	125.00
0.343660	125.00
0.343680	125.00
0.343700	125.00
0.343720	124.00
0.343740	124.00
0.343760	124.00
0.343780	124.00
0.343800	124.00
0.343820	123.00
0.343840	123.00
0.343860	123.00
0.343880	124.00
0.343900	125.00
0.343920	125.00
0.343940	126.00
0.343960	126.00
0.343980	126.00
0.344000	127.00
0.344020	127.00
0.344040	127.00
0.344060	127.00
0.344080	127.00
0.344100	127.00
0.344120	127.00
0.344140	126.00
0.344160	125.00
0.344180	124.00
0.344200	122.00
0.344220	121.00
0.344240	120.00
0.344260	120.00
0.344280	121.00
0.344300	121.00
0.344320	122.00
0.344340	122.00
0.344360	123.00
0.344380	124.00
0.344400	126.00
0.344420	127.00
0.344440	129.00
0.344460	130.00
0.344480	132.00
0.344500	132.00
0.344520	132.00
0.344540	131.00
0.344560	129.00
0.344580	127.00
0.344600	125.00
0.344620	122.00
0.344640	119.00
0.344660	116.00
0.344680	114.00
0.344700	114.00
0.344720	115.00
0.344740	116.00
0.344760	118.00
0.344780	121.00
0.344800	124.00
0.344820	127.00
0.344840	131.00
0.344860	134.00
0.344880	137.00
0.344900	138.00
0.344920	138.00
0.344940	137.00
0.344960	136.00
0.344980	133.00
0.345000	129.00
0.345020	125.00
0.345040	121.00
0.345060	117.00
0.345080	114.00
0.345100	111.00
0.345120	110.00
0.345140	110.00
0.345160	111.00
0.345180	114.00
0.345200	117.00
0.345220	120.00
0.345240	124.00
0.345260	128.00
0.345280	132.00
0.345300	135.00
0.345320	137.00
0.345340	138.00
0.345360	138.00
0.345380	137.00
0.345400	135.00
0.345420	133.00
0.345440	130.00
0.345460	126.00
0.345480	123.00
0.345500	120.00
0.345520	118.00
0.345540	116.00
0.345560	115.00
0.345580	115.00
0.345600	116.00
0.345620	117.00
0.345640	119.00
0.345660	121.00
0.345680	123.00
0.345700	126.00
0.345720	128.00
0.345740	130.00
0.345760	131.00
0.345780	132.00
0.345800	132.00
0.345820	131.00
0.345840	130.00
0.345860	129.00
0.345880	127.00
0.345900	125.00
0.345920	124.00
0.345940	123.00
0.345960	122.00
0.345980	121.00
0.346000	120.00
0.346020	120.00
0.346040	121.00
0.346060	122.00
0.346080	123.00
0.346100	123.00
0.346120	124.00
0.346140	125.00
0.346160	126.00
0.346180	127.00
0.346200	127.00
0.346220	127.00
0.346240	128.00
0.346260	128.00
0.346280	128.00
0.346300	127.00
0.346320	126.00
0.346340	125.00
0.346360	124.00
0.346380	124.00
0.346400	123.00
0.346420	123.00
0.346440	123.00
0.346460	124.00
0.346480	124.00
0.346500	124.00
0.346520	124.00
0.346540	125.00
0.346560	125.00
0.346580	126.00
0.346600	126.00
0.346620	126.00
0.346640	126.00
0.346660	126.00
0.346680	126.00
0.346700	126.00
0.346720	125.00
0.346740	124.00
0.346760	124.00
0.346780	124.00
0.346800	124.00
0.346820	124.00
0.346840	124.00
0.346860	124.00
0.346880	124.00
0.346900	124.00
0.346920	124.00
0.346940	124.00
0.346960	124.00
0.346980	125.00
0.347000	125.00
0.347020	125.00
0.347040	125.00
0.347060	125.00
0.347080	125.00
0.347100	125.00
0.347120	125.00
0.347140	125.00
0.347160	125.00
0.347180	124.00
0.347200	124.00
0.347220	124.00
0.347240	124.00
0.347260	124.00
0.347280	124.00
0.347300	125.00
0.347320	125.00
0.347340	125.00
0.347360	125.00
0.347380	125.00
0.347400	125.00
0.347420	126.00
0.347440	126.00
0.347460	126.00
0.347480	126.00
0.347500	126.00
0.347520	125.00
0.347540	125.00
0.347560	125.00
0.347580	124.00
0.347600	124.00
0.347620	124.00
0.347640	124.00
0.347660	125.00
0.347680	125.00
0.347700	125.00
0.347720	125.00
0.347740	126.00
0.347760	126.00
0.347780	126.00
0.347800	126.00
0.347820	125.00
0.347840	125.00
0.347860	125.00
0.347880	125.00
0.347900	125.00
0.347920	124.00
0.347940	124.00
0.347960	124.00
0.347980	124.00
0.348000	125.00
0.348020	125.00
0.348040	125.00
0.348060	125.00
0.348080	125.00
0.348100	126.00
0.348120	126.00
0.348140	126.00
0.348160	126.00
0.348180	126.00
0.348200	125.00
0.348220	125.00
0.348240	125.00
0.348260	125.00
0.348280	125.00
0.348300	125.00
0.348320	125.00
0.348340	125.00
0.348360	125.00
0.348380	126.00
0.348400	126.00
0.348420	126.00
0.348440	126.00
0.348460	125.00
0.348480	125.00
0.348500	125.00
0.348520	125.00
0.348540	125.00
0.348560	124.00
0.348580	124.00
0.348600	124.00
0.348620	124.00
0.348640	124.00
0.348660	124.00
0.348680	124.00
0.348700	124.00
0.348720	125.00
0.348740	125.00
0.348760	125.00
0.348780	126.00
0.348800	126.00
0.348820	126.00
0.348840	126.00
0.348860	126.00
0.348880	126.00
0.348900	126.00
0.348920	126.00
0.348940	126.00
0.348960	125.00
0.348980	124.00
0.349000	124.00
0.349020	124.00
0.349040	125.00
0.349060	125.00
0.349080	125.00
0.349100	125.00
0.349120	125.00
0.349140	124.00
0.349160	124.00
0.349180	124.00
0.349200	124.00
0.349220	125.00
0.349240	125.00
0.349260	125.00
0.349280	125.00
0.349300	125.00
0.349320	125.00
0.349340	126.00
0.349360	126.00
0.349380	125.00
0.349400	125.00
0.349420	124.00
0.349440	124.00
0.349460	124.00
0.349480	124.00
0.349500	124.00
0.349520	124.00
0.349540	124.00
0.349560	124.00
0.349580	125.00
0.349600	125.00
0.349620	125.00
0.349640	125.00
0.349660	125.00
0.349680	125.00
0.349700	125.00
0.349720	125.00
0.349740	125.00
0.349760	125.00
0.349780	125.00
0.349800	125.00
0.349820	125.00
0.349840	125.00
0.349860	125.00
0.349880	125.00
0.349900	125.00
0.349920	125.00
0.349940	125.00
0.349960	125.00
0.349980	125.00
0.350000	124.00
0.350020	124.00
0.350040	124.00
0.350060	125.00
0.350080	125.00
0.350100	125.00
0.350120	125.00
0.350140	125.00
0.350160	125.00
0.350180	125.00
0.350200	125.00
0.350220	126.00
0.350240	126.00
0.350260	126.00
0.350280	126.00
0.350300	126.00
0.350320	126.00
0.350340	126.00
0.350360	126.00
0.350380	126.00
0.350400	125.00
0.350420	124.00
0.350440	124.00
0.350460	123.00
0.350480	123.00
0.350500	123.00
0.350520	123.00
0.350540	122.00
0.350560	123.00
0.350580	123.00
0.350600	124.00
0.350620	125.00
0.350640	126.00
0.350660	127.00
0.350680	128.00
0.350700	129.00
0.350720	129.00
0.350740	129.00
0.350760	129.00
0.350780	128.00
0.350800	127.00
0.350820	126.00
0.350840	125.00
0.350860	123.00
0.350880	121.00
0.350900	119.00
0.350920	118.00
0.350940	118.00
0.350960	119.00
0.350980	120.00
0.351000	121.00
0.351020	123.00
0.351040	125.00
0.351060	127.00
0.351080	129.00
0.351100	131.00
0.351120	133.00
0.351140	134.00
0.351160	135.00
0.351180	134.00
0.351200	132.00
0.351220	130.00
0.351240	127.00
0.351260	124.00
0.351280	121.00
0.351300	119.00
0.351320	117.00
0.351340	115.00
0.351360	115.00
0.351380	115.00
0.351400	115.00
0.351420	117.00
0.351440	119.00
0.351460	122.00
0.351480	125.00
0.351500	128.00
0.351520	130.00
0.351540	132.00
0.351560	134.00
0.351580	135.00
0.351600	135.00
0.351620	134.00
0.351640	132.00
0.351660	130.00
0.351680	127.00
0.351700	125.00
0.351720	123.00
0.351740	120.00
0.351760	119.00
0.351780	117.00
0.351800	117.00
0.351820	117.00
0.351840	118.00
0.351860	119.00
0.351880	121.00
0.351900	123.00
0.351920	125.00
0.351940	127.00
0.351960	128.00
0.351980	129.00
0.352000	130.00
0.352020	130.00
0.352040	130.00
0.352060	129.00
0.352080	129.00
0.352100	127.00
0.352120	126.00
0.352140	124.00
0.352160	123.00
0.352180	122.00
0.352200	122.00
0.352220	121.00
0.352240	121.00
0.352260	121.00
0.352280	122.00
0.352300	123.00
0.352320	123.00
0.352340	124.00
0.352360	125.00
0.352380	126.00
0.352400	127.00
0.352420	128.00
0.352440	128.00
0.352460	128.00
0.352480	127.00
0.352500	126.00
0.352520	126.00
0.352540	126.00
0.352560	125.00
0.352580	124.00
0.352600	124.00
0.352620	124.00
0.352640	124.00
0.352660	123.00
0.352680	123.00
0.352700	123.00
0.352720	123.00
0.352740	124.00
0.352760	124.00
0.352780	125.00
0.352800	125.00
0.352820	126.00
0.352840	126.00
0.352860	126.00
0.352880	126.00
0.352900	126.00
0.352920	126.00
0.352940	126.00
0.352960	125.00
0.352980	124.00
0.353000	124.00
0.353020	124.00
0.353040	124.00
0.353060	124.00
0.353080	124.00
0.353100	124.00
0.353120	124.00
0.353140	125.00
0.353160	125.00
0.353180	125.00
0.353200	125.00
0.353220	125.00
0.353240	125.00
0.353260	125.00
0.353280	125.00
0.353300	125.00
0.353320	125.00
0.353340	125.00
0.353360	125.00
0.353380	125.00
0.353400	125.00
0.353420	125.00
0.353440	125.00
0.353460	125.00
0.353480	124.00
0.353500	125.00
0.353520	125.00
0.353540	125.00
0.353560	125.00
0.353580	125.00
0.353600	125.00
0.353620	125.00
0.353640	125.00
0.353660	126.00
0.353680	126.00
0.353700	125.00
0.353720	125.00
0.353740	124.00
0.353760	124.00
0.353780	124.00
0.353800	124.00
0.353820	124.00
0.353840	124.00
0.353860	124.00
0.353880	124.00
0.353900	124.00
0.353920	124.00
0.353940	124.00
0.353960	125.00
0.353980	125.00
0.354000	125.00
0.354020	125.00
0.354040	125.00
0.354060	125.00
0.354080	125.00
0.354100	125.00
0.354120	125.00
0.354140	125.00
0.354160	125.00
0.354180	125.00
0.354200	125.00
0.354220	125.00
0.354240	125.00
0.354260	125.00
0.354280	125.00
0.354300	125.00
0.354320	126.00
0.354340	126.00
0.354360	125.00
0.354380	125.00
0.354400	124.00
0.354420	124.00
0.354440	125.00
0.354460	125.00
0.354480	125.00
0.354500	125.00
0.354520	125.00
0.354540	125.00
0.354560	126.00
0.354580	126.00
0.354600	126.00
0.354620	125.00
0.354640	125.00
0.354660	125.00
0.354680	125.00
0.354700	125.00
0.354720	125.00
0.354740	125.00
0.354760	125.00
0.354780	124.00
0.354800	124.00
0.354820	123.00
0.354840	123.00
0.354860	123.00
0.354880	124.00
0.354900	124.00
0.354920	125.00
0.354940	125.00
0.354960	125.00
0.354980	125.00
0.355000	125.00
0.355020	126.00
0.355040	126.00
0.355060	126.00
0.355080	126.00
0.355100	126.00
0.355120	125.00
0.355140	124.00
0.355160	124.00
0.355180	124.00
0.355200	124.00
0.355220	124.00
0.355240	124.00
0.355260	124.00
0.355280	124.00
0.355300	124.00
0.355320	125.00
0.355340	125.00
0.355360	125.00
0.355380	125.00
0.355400	126.00
0.355420	126.00
0.355440	126.00
0.355460	126.00
0.355480	126.00
0.355500	126.00
0.355520	126.00
0.355540	126.00
0.355560	126.00
0.355580	125.00
0.355600	125.00
0.355620	124.00
0.355640	124.00
0.355660	124.00
0.355680	124.00
0.355700	124.00
0.355720	124.00
0.355740	123.00
0.355760	124.00
0.355780	124.00
0.355800	125.00
0.355820	125.00
0.355840	125.00
0.355860	125.00
0.355880	126.00
0.355900	126.00
0.355920	126.00
0.355940	126.00
0.355960	126.00
0.355980	126.00
0.356000	125.00
0.356020	125.00
0.356040	124.00
0.356060	124.00
0.356080	124.00
0.356100	125.00
0.356120	125.00
0.356140	124.00
0.356160	124.00
0.356180	124.00
0.356200	124.00
0.356220	124.00
0.356240	124.00
0.356260	125.00
0.356280	125.00
0.356300	124.00
0.356320	124.00
0.356340	124.00
0.356360	125.00
0.356380	125.00
0.356400	125.00
0.356420	125.00
0.356440	124.00
0.356460	124.00
0.356480	124.00
0.356500	125.00
0.356520	125.00
0.356540	125.00
0.356560	125.00
0.356580	125.00
0.356600	125.00
0.356620	124.00
0.356640	124.00
0.356660	124.00
0.356680	124.00
0.356700	124.00
0.356720	124.00
0.356740	124.00
0.356760	124.00
0.356780	124.00
0.356800	124.00
0.356820	124.00
0.356840	125.00
0.356860	126.00
0.356880	126.00
0.356900	127.00
0.356920	127.00
0.356940	127.00
0.356960	127.00
0.356980	127.00
0.357000	127.00
0.357020	126.00
0.357040	126.00
0.357060	125.00
0.357080	123.00
0.357100	122.00
0.357120	121.00
0.357140	120.00
0.357160	120.00
0.357180	120.00
0.357200	120.00
0.357220	121.00
0.357240	122.00
0.357260	124.00
0.357280	126.00
0.357300	127.00
0.357320	129.00
0.357340	130.00
0.357360	131.00
0.357380	131.00
0.357400	131.00
0.357420	130.00
0.357440	129.00
0.357460	127.00
0.357480	125.00
0.357500	123.00
0.357520	121.00
0.357540	119.00
0.357560	118.00
0.357580	117.00
0.357600	117.00
0.357620	118.00
0.357640	119.00
0.357660	121.00
0.357680	124.00
0.357700	126.00
0.357720	127.00
0.357740	129.00
0.357760	131.00
0.357780	132.00
0.357800	133.00
0.357820	133.00
0.357840	131.00
0.357860	130.00
0.357880	128.00
0.357900	126.00
0.357920	124.00
0.357940	122.00
0.357960	121.00
0.357980	120.00
0.358000	119.00
0.358020	119.00
0.358040	119.00
0.358060	120.00
0.358080	122.00
0.358100	123.00
0.358120	124.00
0.358140	126.00
0.358160	127.00
0.358180	128.00
0.358200	129.00
0.358220	130.00
0.358240	129.00
0.358260	128.00
0.358280	127.00
0.358300	126.00
0.358320	125.00
0.358340	124.00
0.358360	124.00
0.358380	124.00
0.358400	123.00
0.358420	123.00
0.358440	122.00
0.358460	122.00
0.358480	122.00
0.358500	123.00
0.358520	124.00
0.358540	124.00
0.358560	125.00
0.358580	125.00
0.358600	126.00
0.358620	126.00
0.358640	126.00
0.358660	126.00
0.358680	126.00
0.358700	126.00
0.358720	126.00
0.358740	125.00
0.358760	125.00
0.358780	124.00
0.358800	124.00
0.358820	124.00
0.358840	124.00
0.358860	124.00
0.358880	124.00
0.358900	124.00
0.358920	124.00
0.358940	125.00
0.358960	125.00
0.358980	125.00
0.359000	126.00
0.359020	126.00
0.359040	126.00
0.359060	126.00
0.359080	126.00
0.359100	126.00
0.359120	126.00
0.359140	125.00
0.359160	125.00
0.359180	125.00
0.359200	124.00
0.359220	124.00
0.359240	124.00
0.359260	124.00
0.359280	124.00
0.359300	124.00
0.359320	124.00
0.359340	124.00
0.359360	125.00
0.359380	126.00
0.359400	126.00
0.359420	126.00
0.359440	125.00
0.359460	125.00
0.359480	125.00
0.359500	125.00
0.359520	125.00
0.359540	124.00
0.359560	124.00
0.359580	124.00
0.359600	124.00
0.359620	124.00
0.359640	124.00
0.359660	124.00
0.359680	124.00
0.359700	124.00
0.359720	124.00
0.359740	124.00
0.359760	124.00
0.359780	124.00
0.359800	125.00
0.359820	125.00
0.359840	126.00
0.359860	126.00
0.359880	126.00
0.359900	126.00
0.359920	125.00
0.359940	125.00
0.359960	125.00
0.359980	126.00
