0.320000	101.00
0.320020	49.00
0.320040	102.00
0.320060	141.00
0.320080	144.00
0.320100	124.00
0.320120	112.00
0.320140	117.00
0.320160	130.00
0.320180	133.00
0.320200	124.00
0.320220	117.00
0.320240	121.00
0.320260	129.00
0.320280	131.00
0.320300	125.00
0.320320	120.00
0.320340	122.00
0.320360	127.00
0.320380	128.00
0.320400	124.00
0.320420	121.00
0.320440	123.00
0.320460	127.00
0.320480	128.00
0.320500	125.00
0.320520	122.00
0.320540	124.00
0.320560	127.00
0.320580	128.00
0.320600	125.00
0.320620	122.00
0.320640	123.00
0.320660	126.00
0.320680	127.00
0.320700	125.00
0.320720	122.00
0.320740	123.00
0.320760	126.00
0.320780	127.00
0.320800	125.00
0.320820	123.00
0.320840	124.00
0.320860	126.00
0.320880	126.00
0.320900	124.00
0.320920	123.00
0.320940	124.00
0.320960	126.00
0.320980	126.00
0.321000	125.00
0.321020	123.00
0.321040	124.00
0.321060	125.00
0.321080	126.00
0.321100	124.00
0.321120	123.00
0.321140	123.00
0.321160	125.00
0.321180	126.00
0.321200	125.00
0.321220	123.00
0.321240	124.00
0.321260	125.00
0.321280	126.00
0.321300	125.00
0.321320	124.00
0.321340	124.00
0.321360	125.00
0.321380	125.00
0.321400	124.00
0.321420	123.00
0.321440	125.00
0.321460	126.00
0.321480	126.00
0.321500	125.00
0.321520	124.00
0.321540	124.00
0.321560	126.00
0.321580	126.00
0.321600	125.00
0.321620	124.00
0.321640	124.00
0.321660	125.00
0.321680	126.00
0.321700	125.00
0.321720	124.00
0.321740	125.00
0.321760	126.00
0.321780	126.00
0.321800	125.00
0.321820	124.00
0.321840	124.00
0.321860	125.00
0.321880	125.00
0.321900	125.00
0.321920	124.00
0.321940	125.00
0.321960	125.00
0.321980	125.00
0.322000	125.00
0.322020	124.00
0.322040	125.00
0.322060	126.00
0.322080	126.00
0.322100	125.00
0.322120	124.00
0.322140	124.00
0.322160	125.00
0.322180	125.00
0.322200	124.00
0.322220	124.00
0.322240	125.00
0.322260	126.00
0.322280	126.00
0.322300	125.00
0.322320	125.00
0.322340	125.00
0.322360	126.00
0.322380	126.00
0.322400	125.00
0.322420	124.00
0.322440	125.00
0.322460	126.00
0.322480	126.00
0.322500	125.00
0.322520	124.00
0.322540	124.00
0.322560	125.00
0.322580	125.00
0.322600	124.00
0.322620	124.00
0.322640	124.00
0.322660	125.00
0.322680	125.00
0.322700	125.00
0.322720	124.00
0.322740	125.00
0.322760	126.00
0.322780	126.00
0.322800	124.00
0.322820	123.00
0.322840	124.00
0.322860	125.00
0.322880	126.00
0.322900	125.00
0.322920	124.00
0.322940	124.00
0.322960	124.00
0.322980	125.00
0.323000	124.00
0.323020	124.00
0.323040	124.00
0.323060	125.00
0.323080	125.00
0.323100	124.00
0.323120	124.00
0.323140	124.00
0.323160	125.00
0.323180	125.00
0.323200	124.00
0.323220	124.00
0.323240	124.00
0.323260	125.00
0.323280	125.00
0.323300	125.00
0.323320	125.00
0.323340	125.00
0.323360	125.00
0.323380	125.00
0.323400	125.00
0.323420	125.00
0.323440	125.00
0.323460	125.00
0.323480	125.00
0.323500	124.00
0.323520	124.00
0.323540	124.00
0.323560	125.00
0.323580	125.00
0.323600	124.00
0.323620	124.00
0.323640	125.00
0.323660	126.00
0.323680	126.00
0.323700	125.00
0.323720	125.00
0.323740	125.00
0.323760	125.00
0.323780	125.00
0.323800	124.00
0.323820	124.00
0.323840	125.00
0.323860	126.00
0.323880	126.00
0.323900	125.00
0.323920	124.00
0.323940	125.00
0.323960	125.00
0.323980	125.00
0.324000	125.00
0.324020	125.00
0.324040	125.00
0.324060	126.00
0.324080	126.00
0.324100	125.00
0.324120	125.00
0.324140	125.00
0.324160	126.00
0.324180	126.00
0.324200	125.00
0.324220	124.00
0.324240	124.00
0.324260	125.00
0.324280	125.00
0.324300	125.00
0.324320	124.00
0.324340	124.00
0.324360	125.00
0.324380	125.00
0.324400	124.00
0.324420	124.00
0.324440	124.00
0.324460	125.00
0.324480	125.00
0.324500	124.00
0.324520	124.00
0.324540	124.00
0.324560	125.00
0.324580	125.00
0.324600	124.00
0.324620	124.00
0.324640	125.00
0.324660	126.00
0.324680	125.00
0.324700	125.00
0.324720	125.00
0.324740	125.00
0.324760	125.00
0.324780	125.00
0.324800	124.00
0.324820	123.00
0.324840	122.00
0.324860	121.00
0.324880	121.00
0.324900	120.00
0.324920	121.00
0.324940	122.00
0.324960	124.00
0.324980	127.00
0.325000	129.00
0.325020	133.00
0.325040	137.00
0.325060	142.00
0.325080	145.00
0.325100	147.00
0.325120	146.00
0.325140	142.00
0.325160	136.00
0.325180	126.00
0.325200	115.00
0.325220	105.00
0.325240	95.00
0.325260	88.00
0.325280	82.00
0.325300	79.00
0.325320	79.00
0.325340	84.00
0.325360	94.00
0.325380	108.00
0.325400	125.00
0.325420	143.00
0.325440	162.00
0.325460	177.00
0.325480	187.00
0.325500	193.00
0.325520	195.00
0.325540	193.00
0.325560	187.00
0.325580	173.00
0.325600	151.00
0.325620	124.00
0.325640	95.00
0.325660	65.00
0.325680	37.00
0.325700	16.00
0.325720	3.00
0.325740	1.00
0.325760	10.00
0.325780	29.00
0.325800	60.00
0.325820	101.00
0.325840	149.00
0.325860	195.00
0.325880	230.00
0.325900	249.00
0.325920	255.00
0.325940	255.00
0.325960	251.00
0.325980	237.00
0.326000	210.00
0.326020	165.00
0.326040	107.00
0.326060	50.00
0.326080	9.00
0.326100	0.00
0.326120	0.00
0.326140	7.00
0.326160	6.00
0.326180	0.00
0.326200	0.00
0.326220	16.00
0.326240	70.00
0.326260	141.00
0.326280	205.00
0.326300	244.00
0.326320	255.00
0.326340	255.00
0.326360	255.00
0.326380	255.00
0.326400	253.00
0.326420	236.00
0.326440	200.00
0.326460	148.00
0.326480	89.00
0.326500	37.00
0.326520	5.00
0.326540	0.00
0.326560	1.00
0.326580	5.00
0.326600	1.00
0.326620	0.00
0.326640	5.00
0.326660	37.00
0.326680	87.00
0.326700	144.00
0.326720	191.00
0.326740	223.00
0.326760	239.00
0.326780	246.00
0.326800	246.00
0.326820	239.00
0.326840	224.00
0.326860	202.00
0.326880	173.00
0.326900	139.00
0.326920	103.00
0.326940	70.00
0.326960	43.00
0.326980	25.00
0.327000	16.00
0.327020	16.00
0.327040	26.00
0.327060	44.00
0.327080	67.00
0.327100	93.00
0.327120	120.00
0.327140	144.00
0.327160	166.00
0.327180	182.00
0.327200	192.00
0.327220	195.00
0.327240	192.00
0.327260	184.00
0.327280	172.00
0.327300	157.00
0.327320	140.00
0.327340	123.00
0.327360	108.00
0.327380	95.00
0.327400	85.00
0.327420	80.00
0.327440	78.00
0.327460	81.00
0.327480	87.00
0.327500	96.00
0.327520	106.00
0.327540	117.00
0.327560	128.00
0.327580	138.00
0.327600	146.00
0.327620	151.00
0.327640	154.00
0.327660	154.00
0.327680	152.00
0.327700	147.00
0.327720	141.00
0.327740	134.00
0.327760	128.00
0.327780	122.00
0.327800	116.00
0.327820	111.00
0.327840	108.00
0.327860	107.00
0.327880	107.00
0.327900	109.00
0.327920	112.00
0.327940	115.00
0.327960	119.00
0.327980	124.00
0.328000	129.00
0.328020	132.00
0.328040	134.00
0.328060	136.00
0.328080	137.00
0.328100	136.00
0.328120	135.00
0.328140	133.00
0.328160	130.00
0.328180	128.00
0.328200	126.00
0.328220	123.00
0.328240	120.00
0.328260	119.00
0.328280	118.00
0.328300	118.00
0.328320	118.00
0.328340	119.00
0.328360	120.00
0.328380	121.00
0.328400	123.00
0.328420	125.00
0.328440	126.00
0.328460	128.00
0.328480	129.00
0.328500	130.00
0.328520	130.00
0.328540	129.00
0.328560	129.00
0.328580	128.00
0.328600	127.00
0.328620	126.00
0.328640	124.00
0.328660	123.00
0.328680	123.00
0.328700	122.00
0.328720	122.00
0.328740	122.00
0.328760	122.00
0.328780	123.00
0.328800	123.00
0.328820	123.00
0.328840	124.00
0.328860	125.00
0.328880	126.00
0.328900	126.00
0.328920	126.00
0.328940	126.00
0.328960	126.00
0.328980	126.00
0.329000	126.00
0.329020	126.00
0.329040	125.00
0.329060	125.00
0.329080	125.00
0.329100	125.00
0.329120	124.00
0.329140	124.00
0.329160	124.00
0.329180	125.00
0.329200	125.00
0.329220	125.00
0.329240	126.00
0.329260	126.00
0.329280	125.00
0.329300	125.00
0.329320	125.00
0.329340	125.00
0.329360	125.00
0.329380	125.00
0.329400	125.00
0.329420	125.00
0.329440	125.00
0.329460	125.00
0.329480	125.00
0.329500	124.00
0.329520	124.00
0.329540	124.00
0.329560	124.00
0.329580	125.00
0.329600	125.00
0.329620	125.00
0.329640	126.00
0.329660	126.00
0.329680	126.00
0.329700	126.00
0.329720	126.00
0.329740	126.00
0.329760	126.00
0.329780	126.00
0.329800	125.00
0.329820	124.00
0.329840	124.00
0.329860	125.00
0.329880	125.00
0.329900	124.00
0.329920	124.00
0.329940	124.00
0.329960	124.00
0.329980	124.00
0.330000	124.00
0.330020	124.00
0.330040	124.00
0.330060	124.00
0.330080	125.00
0.330100	125.00
0.330120	125.00
0.330140	125.00
0.330160	125.00
0.330180	126.00
0.330200	126.00
0.330220	125.00
0.330240	125.00
0.330260	125.00
0.330280	125.00
0.330300	125.00
0.330320	125.00
0.330340	125.00
0.330360	125.00
0.330380	125.00
0.330400	125.00
0.330420	125.00
0.330440	125.00
0.330460	125.00
0.330480	126.00
0.330500	126.00
0.330520	126.00
0.330540	125.00
0.330560	125.00
0.330580	125.00
0.330600	125.00
0.330620	125.00
0.330640	125.00
0.330660	125.00
0.330680	125.00
0.330700	125.00
0.330720	124.00
0.330740	124.00
0.330760	124.00
0.330780	124.00
0.330800	125.00
0.330820	125.00
0.330840	125.00
0.330860	125.00
0.330880	125.00
0.330900	125.00
0.330920	125.00
0.330940	125.00
0.330960	125.00
0.330980	125.00
0.331000	126.00
0.331020	126.00
0.331040	126.00
0.331060	126.00
0.331080	126.00
0.331100	126.00
0.331120	126.00
0.331140	126.00
0.331160	126.00
0.331180	126.00
0.331200	125.00
0.331220	124.00
0.331240	124.00
0.331260	123.00
0.331280	122.00
0.331300	121.00
0.331320	121.00
0.331340	121.00
0.331360	121.00
0.331380	123.00
0.331400	124.00
0.331420	126.00
0.331440	128.00
0.331460	130.00
0.331480	132.00
0.331500	133.00
0.331520	134.00
0.331540	134.00
0.331560	133.00
0.331580	131.00
0.331600	128.00
0.331620	125.00
0.331640	121.00
0.331660	118.00
0.331680	115.00
0.331700	113.00
0.331720	112.00
0.331740	111.00
0.331760	111.00
0.331780	112.00
0.331800	114.00
0.331820	117.00
0.331840	122.00
0.331860	129.00
0.331880	136.00
0.331900	141.00
0.331920	146.00
0.331940	149.00
0.331960	150.00
0.331980	150.00
0.332000	146.00
0.332020	140.00
0.332040	132.00
0.332060	123.00
0.332080	113.00
0.332100	103.00
0.332120	94.00
0.332140	88.00
0.332160	85.00
0.332180	86.00
0.332200	91.00
0.332220	99.00
0.332240	110.00
0.332260	123.00
0.332280	137.00
0.332300	150.00
0.332320	160.00
0.332340	168.00
0.332360	173.00
0.332380	174.00
0.332400	170.00
0.332420	161.00
0.332440	149.00
0.332460	135.00
0.332480	121.00
0.332500	106.00
0.332520	94.00
0.332540	83.00
0.332560	77.00
0.332580	75.00
0.332600	77.00
0.332620	83.00
0.332640	92.00
0.332660	104.00
0.332680	118.00
0.332700	132.00
0.332720	144.00
0.332740	154.00
0.332760	161.00
0.332780	166.00
0.332800	167.00
0.332820	164.00
0.332840	157.00
0.332860	148.00
0.332880	138.00
0.332900	127.00
0.332920	117.00
0.332940	108.00
0.332960	101.00
0.332980	96.00
0.333000	94.00
0.333020	95.00
0.333040	98.00
0.333060	103.00
0.333080	110.00
0.333100	118.00
0.333120	125.00
0.333140	132.00
0.333160	138.00
0.333180	142.00
0.333200	145.00
0.333220	146.00
0.333240	145.00
0.333260	142.00
0.333280	138.00
0.333300	133.00
0.333320	128.00
0.333340	123.00
0.333360	118.00
0.333380	115.00
0.333400	113.00
0.333420	111.00
0.333440	111.00
0.333460	112.00
0.333480	115.00
0.333500	118.00
0.333520	121.00
0.333540	124.00
0.333560	127.00
0.333580	130.00
0.333600	132.00
0.333620	133.00
0.333640	134.00
0.333660	134.00
0.333680	133.00
0.333700	131.00
0.333720	129.00
0.333740	127.00
0.333760	125.00
0.333780	124.00
0.333800	122.00
0.333820	121.00
0.333840	120.00
0.333860	119.00
0.333880	120.00
0.333900	120.00
0.333920	121.00
0.333940	122.00
0.333960	124.00
0.333980	125.00
0.334000	126.00
0.334020	127.00
0.334040	128.00
0.334060	128.00
0.334080	128.00
0.334100	128.00
0.334120	128.00
0.334140	127.00
0.334160	127.00
0.334180	126.00
0.334200	125.00
0.334220	124.00
0.334240	124.00
0.334260	123.00
0.334280	122.00
0.334300	122.00
0.334320	122.00
0.334340	122.00
0.334360	123.00
0.334380	123.00
0.334400	124.00
0.334420	125.00
0.334440	125.00
0.334460	126.00
0.334480	126.00
0.334500	126.00
0.334520	126.00
0.334540	126.00
0.334560	126.00
0.334580	126.00
0.334600	126.00
0.334620	126.00
0.334640	125.00
0.334660	125.00
0.334680	125.00
0.334700	124.00
0.334720	124.00
0.334740	124.00
0.334760	124.00
0.334780	124.00
0.334800	124.00
0.334820	124.00
0.334840	124.00
0.334860	124.00
0.334880	125.00
0.334900	125.00
0.334920	125.00
0.334940	126.00
0.334960	126.00
0.334980	126.00
0.335000	126.00
0.335020	126.00
0.335040	126.00
0.335060	126.00
0.335080	126.00
0.335100	125.00
0.335120	124.00
0.335140	124.00
0.335160	123.00
0.335180	123.00
0.335200	123.00
0.335220	123.00
0.335240	124.00
0.335260	124.00
0.335280	125.00
0.335300	125.00
0.335320	126.00
0.335340	126.00
0.335360	126.00
0.335380	126.00
0.335400	126.00
0.335420	126.00
0.335440	126.00
0.335460	126.00
0.335480	125.00
0.335500	125.00
0.335520	124.00
0.335540	124.00
0.335560	124.00
0.335580	124.00
0.335600	124.00
0.335620	124.00
0.335640	124.00
0.335660	124.00
0.335680	124.00
0.335700	124.00
0.335720	125.00
0.335740	125.00
0.335760	125.00
0.335780	125.00
0.335800	126.00
0.335820	126.00
0.335840	126.00
0.335860	127.00
0.335880	126.00
0.335900	126.00
0.335920	126.00
0.335940	126.00
0.335960	126.00
0.335980	126.00
0.336000	125.00
0.336020	125.00
0.336040	124.00
0.336060	124.00
0.336080	124.00
0.336100	124.00
0.336120	124.00
0.336140	124.00
0.336160	124.00
0.336180	124.00
0.336200	124.00
0.336220	124.00
0.336240	124.00
0.336260	125.00
0.336280	125.00
0.336300	125.00
0.336320	125.00
0.336340	125.00
0.336360	125.00
0.336380	125.00
0.336400	125.00
0.336420	125.00
0.336440	125.00
0.336460	125.00
0.336480	124.00
0.336500	124.00
0.336520	124.00
0.336540	124.00
0.336560	125.00
0.336580	125.00
0.336600	125.00
0.336620	125.00
0.336640	125.00
0.336660	125.00
0.336680	126.00
0.336700	126.00
0.336720	126.00
0.336740	126.00
0.336760	126.00
0.336780	125.00
0.336800	125.00
0.336820	126.00
0.336840	126.00
0.336860	125.00
0.336880	125.00
0.336900	125.00
0.336920	125.00
0.336940	124.00
0.336960	124.00
0.336980	124.00
0.337000	124.00
0.337020	124.00
0.337040	125.00
0.337060	125.00
0.337080	125.00
0.337100	125.00
0.337120	125.00
0.337140	125.00
0.337160	125.00
0.337180	125.00
0.337200	125.00
0.337220	125.00
0.337240	125.00
0.337260	125.00
0.337280	125.00
0.337300	126.00
0.337320	126.00
0.337340	125.00
0.337360	125.00
0.337380	125.00
0.337400	125.00
0.337420	125.00
0.337440	125.00
0.337460	125.00
0.337480	124.00
0.337500	124.00
0.337520	123.00
0.337540	122.00
0.337560	122.00
0.337580	123.00
0.337600	124.00
0.337620	124.00
0.337640	125.00
0.337660	126.00
0.337680	128.00
0.337700	129.00
0.337720	130.00
0.337740	130.00
0.337760	130.00
0.337780	130.00
0.337800	130.00
0.337820	129.00
0.337840	127.00
0.337860	124.00
0.337880	122.00
0.337900	120.00
0.337920	119.00
0.337940	118.00
0.337960	118.00
0.337980	117.00
0.338000	117.00
0.338020	118.00
0.338040	119.00
0.338060	121.00
0.338080	124.00
0.338100	128.00
0.338120	131.00
0.338140	134.00
0.338160	137.00
0.338180	138.00
0.338200	138.00
0.338220	137.00
0.338240	135.00
0.338260	132.00
0.338280	128.00
0.338300	122.00
0.338320	117.00
0.338340	112.00
0.338360	108.00
0.338380	105.00
0.338400	104.00
0.338420	105.00
0.338440	108.00
0.338460	113.00
0.338480	119.00
0.338500	126.00
0.338520	133.00
0.338540	139.00
0.338560	144.00
0.338580	148.00
0.338600	150.00
0.338620	150.00
0.338640	147.00
0.338660	143.00
0.338680	138.00
0.338700	131.00
0.338720	123.00
0.338740	116.00
0.338760	109.00
0.338780	104.00
0.338800	101.00
0.338820	100.00
0.338840	100.00
0.338860	103.00
0.338880	107.00
0.338900	113.00
0.338920	120.00
0.338940	127.00
0.338960	133.00
0.338980	138.00
0.339000	142.00
0.339020	145.00
0.339040	146.00
0.339060	145.00
0.339080	143.00
0.339100	139.00
0.339120	134.00
0.339140	129.00
0.339160	125.00
0.339180	120.00
0.339200	116.00
0.339220	113.00
0.339240	110.00
0.339260	110.00
0.339280	110.00
0.339300	112.00
0.339320	115.00
0.339340	118.00
0.339360	122.00
0.339380	125.00
0.339400	128.00
0.339420	130.00
0.339440	132.00
0.339460	134.00
0.339480	134.00
0.339500	134.00
0.339520	132.00
0.339540	130.00
0.339560	128.00
0.339580	126.00
0.339600	124.00
0.339620	122.00
0.339640	120.00
0.339660	119.00
0.339680	119.00
0.339700	119.00
0.339720	119.00
0.339740	120.00
0.339760	121.00
0.339780	123.00
0.339800	124.00
0.339820	125.00
0.339840	126.00
0.339860	127.00
0.339880	128.00
0.339900	128.00
0.339920	128.00
0.339940	128.00
0.339960	128.00
0.339980	127.00
0.340000	126.00
0.340020	125.00
0.340040	124.00
0.340060	123.00
0.340080	123.00
0.340100	123.00
0.340120	123.00
0.340140	123.00
0.340160	124.00
0.340180	124.00
0.340200	125.00
0.340220	125.00
0.340240	125.00
0.340260	126.00
0.340280	126.00
0.340300	126.00
0.340320	126.00
0.340340	126.00
0.340360	126.00
0.340380	126.00
0.340400	126.00
0.340420	126.00
0.340440	125.00
0.340460	125.00
0.340480	124.00
0.340500	124.00
0.340520	124.00
0.340540	124.00
0.340560	124.00
0.340580	124.00
0.340600	124.00
0.340620	125.00
0.340640	125.00
0.340660	125.00
0.340680	126.00
0.340700	126.00
0.340720	126.00
0.340740	126.00
0.340760	126.00
0.340780	126.00
0.340800	126.00
0.340820	126.00
0.340840	125.00
0.340860	124.00
0.340880	124.00
0.340900	124.00
0.340920	124.00
0.340940	124.00
0.340960	124.00
0.340980	125.00
0.341000	125.00
0.341020	125.00
0.341040	124.00
0.341060	124.00
0.341080	125.00
0.341100	125.00
0.341120	126.00
0.341140	126.00
0.341160	125.00
0.341180	125.00
0.341200	125.00
0.341220	125.00
0.341240	125.00
0.341260	125.00
0.341280	124.00
0.341300	124.00
0.341320	124.00
0.341340	124.00
0.341360	124.00
0.341380	124.00
0.341400	123.00
0.341420	123.00
0.341440	124.00
0.341460	124.00
0.341480	125.00
0.341500	125.00
0.341520	126.00
0.341540	126.00
0.341560	126.00
0.341580	126.00
0.341600	126.00
0.341620	125.00
0.341640	125.00
0.341660	125.00
0.341680	125.00
0.341700	125.00
0.341720	124.00
0.341740	124.00
0.341760	124.00
0.341780	124.00
0.341800	125.00
0.341820	125.00
0.341840	124.00
0.341860	124.00
0.341880	124.00
0.341900	125.00
0.341920	125.00
0.341940	125.00
0.341960	125.00
0.341980	125.00
0.342000	125.00
0.342020	125.00
0.342040	125.00
0.342060	125.00
0.342080	125.00
0.342100	125.00
0.342120	125.00
0.342140	125.00
0.342160	125.00
0.342180	125.00
0.342200	125.00
0.342220	125.00
0.342240	125.00
0.342260	124.00
0.342280	124.00
0.342300	124.00
0.342320	124.00
0.342340	124.00
0.342360	124.00
0.342380	124.00
0.342400	125.00
0.342420	125.00
0.342440	125.00
0.342460	125.00
0.342480	125.00
0.342500	125.00
0.342520	126.00
0.342540	126.00
0.342560	126.00
0.342580	126.00
0.342600	126.00
0.342620	125.00
0.342640	125.00
0.342660	125.00
0.342680	125.00
0.342700	125.00
0.342720	125.00
0.342740	125.00
0.342760	125.00
0.342780	124.00
0.342800	124.00
0.342820	124.00
0.342840	125.00
0.342860	125.00
0.342880	124.00
0.342900	124.00
0.342920	124.00
0.342940	125.00
0.342960	125.00
0.342980	125.00
0.343000	125.00
0.343020	125.00
0.343040	125.00
0.343060	125.00
0.343080	125.00
0.343100	125.00
0.343120	124.00
0.343140	124.00
0.343160	124.00
0.343180	125.00
0.343200	125.00
0.343220	124.00
0.343240	124.00
0.343260	124.00
0.343280	124.00
0.343300	124.00
0.343320	124.00
0.343340	124.00
0.343360	124.00
0.343380	125.00
0.343400	125.00
0.343420	126.00
0.343440	126.00
0.343460	126.00
0.343480	126.00
0.343500	125.00
0.343520	124.00
0.343540	124.00
0.343560	124.00
0.343580	124.00
0.343600	124.00
0.343620	124.00
0.343640	124.00
0.343660	124.00
0.343680	124.00
0.343700	124.00
0.343720	124.00
0.343740	124.00
0.343760	123.00
0.343780	123.00
0.343800	124.00
0.343820	124.00
0.343840	124.00
0.343860	125.00
0.343880	125.00
0.343900	126.00
0.343920	127.00
0.343940	127.00
0.343960	127.00
0.343980	127.00
0.344000	127.00
0.344020	127.00
0.344040	127.00
0.344060	127.00
0.344080	126.00
0.344100	125.00
0.344120	123.00
0.344140	122.00
0.344160	121.00
0.344180	121.00
0.344200	120.00
0.344220	120.00
0.344240	120.00
0.344260	121.00
0.344280	122.00
0.344300	123.00
0.344320	125.00
0.344340	127.00
0.344360	129.00
0.344380	131.00
0.344400	133.00
0.344420	133.00
0.344440	133.00
0.344460	132.00
0.344480	131.00
0.344500	129.00
0.344520	126.00
0.344540	123.00
0.344560	119.00
0.344580	116.00
0.344600	114.00
0.344620	113.00
0.344640	112.00
0.344660	113.00
0.344680	114.00
0.344700	117.00
0.344720	121.00
0.344740	125.00
0.344760	129.00
0.344780	133.00
0.344800	137.00
0.344820	140.00
0.344840	142.00
0.344860	142.00
0.344880	140.00
0.344900	137.00
0.344920	133.00
0.344940	129.00
0.344960	124.00
0.344980	119.00
0.345000	115.00
0.345020	111.00
0.345040	108.00
0.345060	107.00
0.345080	107.00
0.345100	108.00
0.345120	111.00
0.345140	115.00
0.345160	119.00
0.345180	124.00
0.345200	129.00
0.345220	134.00
0.345240	138.00
0.345260	141.00
0.345280	141.00
0.345300	141.00
0.345320	139.00
0.345340	137.00
0.345360	134.00
0.345380	130.00
0.345400	125.00
0.345420	121.00
0.345440	117.00
0.345460	115.00
0.345480	113.00
0.345500	112.00
0.345520	113.00
0.345540	114.00
0.345560	116.00
0.345580	119.00
0.345600	121.00
0.345620	124.00
0.345640	127.00
0.345660	130.00
0.345680	132.00
0.345700	133.00
0.345720	133.00
0.345740	133.00
0.345760	133.00
0.345780	131.00
0.345800	129.00
0.345820	127.00
0.345840	125.00
0.345860	124.00
0.345880	122.00
0.345900	121.00
0.345920	120.00
0.345940	119.00
0.345960	119.00
0.345980	120.00
0.346000	121.00
0.346020	122.00
0.346040	123.00
0.346060	125.00
0.346080	126.00
0.346100	127.00
0.346120	128.00
0.346140	128.00
0.346160	129.00
0.346180	129.00
0.346200	128.00
0.346220	127.00
0.346240	126.00
0.346260	126.00
0.346280	125.00
0.346300	124.00
0.346320	123.00
0.346340	123.00
0.346360	123.00
0.346380	123.00
0.346400	123.00
0.346420	123.00
0.346440	123.00
0.346460	124.00
0.346480	125.00
0.346500	126.00
0.346520	126.00
0.346540	126.00
0.346560	126.00
0.346580	126.00
0.346600	126.00
0.346620	126.00
0.346640	126.00
0.346660	125.00
0.346680	125.00
0.346700	125.00
0.346720	125.00
0.346740	124.00
0.346760	124.00
0.346780	124.00
0.346800	124.00
0.346820	124.00
0.346840	125.00
0.346860	125.00
0.346880	125.00
0.346900	125.00
0.346920	125.00
0.346940	125.00
0.346960	125.00
0.346980	126.00
0.347000	126.00
0.347020	126.00
0.347040	126.00
0.347060	125.00
0.347080	125.00
0.347100	125.00
0.347120	124.00
0.347140	124.00
0.347160	124.00
0.347180	124.00
0.347200	124.00
0.347220	124.00
0.347240	125.00
0.347260	125.00
0.347280	126.00
0.347300	126.00
0.347320	126.00
0.347340	126.00
0.347360	125.00
0.347380	125.00
0.347400	126.00
0.347420	126.00
0.347440	126.00
0.347460	125.00
0.347480	124.00
0.347500	124.00
0.347520	124.00
0.347540	124.00
0.347560	124.00
0.347580	124.00
0.347600	124.00
0.347620	124.00
0.347640	125.00
0.347660	125.00
0.347680	125.00
0.347700	125.00
0.347720	126.00
0.347740	126.00
0.347760	126.00
0.347780	125.00
0.347800	125.00
0.347820	125.00
0.347840	125.00
0.347860	125.00
0.347880	125.00
0.347900	125.00
0.347920	125.00
0.347940	125.00
0.347960	125.00
0.347980	125.00
0.348000	125.00
0.348020	125.00
0.348040	125.00
0.348060	125.00
0.348080	125.00
0.348100	124.00
0.348120	124.00
0.348140	125.00
0.348160	125.00
0.348180	125.00
0.348200	125.00
0.348220	125.00
0.348240	125.00
0.348260	125.00
0.348280	125.00
0.348300	125.00
0.348320	125.00
0.348340	125.00
0.348360	126.00
0.348380	126.00
0.348400	126.00
0.348420	125.00
0.348440	125.00
0.348460	125.00
0.348480	125.00
0.348500	125.00
0.348520	124.00
0.348540	124.00
0.348560	124.00
0.348580	125.00
0.348600	125.00
0.348620	125.00
0.348640	125.00
0.348660	125.00
0.348680	126.00
0.348700	126.00
0.348720	126.00
0.348740	126.00
0.348760	126.00
0.348780	126.00
0.348800	126.00
0.348820	126.00
0.348840	126.00
0.348860	125.00
0.348880	125.00
0.348900	125.00
0.348920	125.00
0.348940	124.00
0.348960	125.00
0.348980	125.00
0.349000	125.00
0.349020	125.00
0.349040	125.00
0.349060	125.00
0.349080	125.00
0.349100	125.00
0.349120	125.00
0.349140	125.00
0.349160	125.00
0.349180	126.00
0.349200	126.00
0.349220	126.00
0.349240	126.00
0.349260	125.00
0.349280	125.00
0.349300	125.00
0.349320	125.00
0.349340	125.00
0.349360	124.00
0.349380	124.00
0.349400	124.00
0.349420	124.00
0.349440	124.00
0.349460	124.00
0.349480	125.00
0.349500	125.00
0.349520	125.00
0.349540	125.00
0.349560	125.00
0.349580	125.00
0.349600	126.00
0.349620	126.00
0.349640	126.00
0.349660	126.00
0.349680	126.00
0.349700	125.00
0.349720	125.00
0.349740	125.00
0.349760	124.00
0.349780	124.00
0.349800	124.00
0.349820	124.00
0.349840	124.00
0.349860	124.00
0.349880	124.00
0.349900	125.00
0.349920	125.00
0.349940	126.00
0.349960	125.00
0.349980	125.00
0.350000	124.00
0.350020	125.00
0.350040	125.00
0.350060	125.00
0.350080	125.00
0.350100	125.00
0.350120	125.00
0.350140	125.00
0.350160	126.00
0.350180	126.00
0.350200	126.00
0.350220	126.00
0.350240	126.00
0.350260	126.00
0.350280	126.00
0.350300	126.00
0.350320	125.00
0.350340	124.00
0.350360	123.00
0.350380	122.00
0.350400	122.00
0.350420	121.00
0.350440	121.00
0.350460	121.00
0.350480	121.00
0.350500	122.00
0.350520	123.00
0.350540	125.00
0.350560	126.00
0.350580	128.00
0.350600	129.00
0.350620	130.00
0.350640	130.00
0.350660	130.00
0.350680	130.00
0.350700	129.00
0.350720	128.00
0.350740	127.00
0.350760	125.00
0.350780	123.00
0.350800	121.00
0.350820	119.00
0.350840	117.00
0.350860	116.00
0.350880	116.00
0.350900	116.00
0.350920	117.00
0.350940	119.00
0.350960	122.00
0.350980	125.00
0.351000	128.00
0.351020	131.00
0.351040	134.00
0.351060	136.00
0.351080	137.00
0.351100	137.00
0.351120	136.00
0.351140	134.00
0.351160	131.00
0.351180	127.00
0.351200	123.00
0.351220	119.00
0.351240	116.00
0.351260	113.00
0.351280	111.00
0.351300	110.00
0.351320	111.00
0.351340	113.00
0.351360	116.00
0.351380	120.00
0.351400	124.00
0.351420	128.00
0.351440	131.00
0.351460	134.00
0.351480	137.00
0.351500	138.00
0.351520	138.00
0.351540	138.00
0.351560	136.00
0.351580	133.00
0.351600	129.00
0.351620	126.00
0.351640	123.00
0.351660	121.00
0.351680	118.00
0.351700	116.00
0.351720	115.00
0.351740	114.00
0.351760	115.00
0.351780	117.00
0.351800	119.00
0.351820	122.00
0.351840	124.00
0.351860	126.00
0.351880	128.00
0.351900	130.00
0.351920	131.00
0.351940	132.00
0.351960	132.00
0.351980	131.00
0.352000	130.00
0.352020	128.00
0.352040	127.00
0.352060	125.00
0.352080	124.00
0.352100	122.00
0.352120	121.00
0.352140	120.00
0.352160	121.00
0.352180	121.00
0.352200	122.00
0.352220	122.00
0.352240	123.00
0.352260	124.00
0.352280	125.00
0.352300	126.00
0.352320	127.00
0.352340	127.00
0.352360	127.00
0.352380	127.00
0.352400	127.00
0.352420	127.00
0.352440	127.00
0.352460	126.00
0.352480	125.00
0.352500	125.00
0.352520	125.00
0.352540	124.00
0.352560	124.00
0.352580	123.00
0.352600	123.00
0.352620	123.00
0.352640	124.00
0.352660	124.00
0.352680	125.00
0.352700	125.00
0.352720	125.00
0.352740	126.00
0.352760	126.00
0.352780	126.00
0.352800	126.00
0.352820	125.00
0.352840	125.00
0.352860	125.00
0.352880	125.00
0.352900	125.00
0.352920	125.00
0.352940	125.00
0.352960	124.00
0.352980	124.00
0.353000	124.00
0.353020	125.00
0.353040	125.00
0.353060	125.00
0.353080	126.00
0.353100	126.00
0.353120	126.00
0.353140	125.00
0.353160	125.00
0.353180	126.00
0.353200	126.00
0.353220	126.00
0.353240	126.00
0.353260	125.00
0.353280	125.00
0.353300	125.00
0.353320	125.00
0.353340	125.00
0.353360	125.00
0.353380	124.00
0.353400	124.00
0.353420	124.00
0.353440	125.00
0.353460	125.00
0.353480	124.00
0.353500	124.00
0.353520	124.00
0.353540	125.00
0.353560	125.00
0.353580	125.00
0.353600	125.00
0.353620	125.00
0.353640	125.00
0.353660	125.00
0.353680	125.00
0.353700	125.00
0.353720	124.00
0.353740	124.00
0.353760	124.00
0.353780	124.00
0.353800	124.00
0.353820	124.00
0.353840	124.00
0.353860	124.00
0.353880	125.00
0.353900	125.00
0.353920	126.00
0.353940	126.00
0.353960	126.00
0.353980	125.00
0.354000	125.00
0.354020	125.00
0.354040	125.00
0.354060	125.00
0.354080	125.00
0.354100	125.00
0.354120	125.00
0.354140	125.00
0.354160	125.00
0.354180	124.00
0.354200	124.00
0.354220	124.00
0.354240	125.00
0.354260	125.00
0.354280	125.00
0.354300	125.00
0.354320	124.00
0.354340	125.00
0.354360	125.00
0.354380	125.00
0.354400	125.00
0.354420	125.00
0.354440	125.00
0.354460	125.00
0.354480	125.00
0.354500	125.00
0.354520	125.00
0.354540	125.00
0.354560	125.00
0.354580	125.00
0.354600	125.00
0.354620	125.00
0.354640	124.00
0.354660	124.00
0.354680	124.00
0.354700	124.00
0.354720	125.00
0.354740	125.00
0.354760	125.00
0.354780	125.00
0.354800	125.00
0.354820	125.00
0.354840	125.00
0.354860	125.00
0.354880	126.00
0.354900	126.00
0.354920	126.00
0.354940	125.00
0.354960	125.00
0.354980	125.00
0.355000	125.00
0.355020	125.00
0.355040	125.00
0.355060	124.00
0.355080	124.00
0.355100	124.00
0.355120	123.00
0.355140	123.00
0.355160	123.00
0.355180	124.00
0.355200	124.00
0.355220	124.00
0.355240	125.00
0.355260	125.00
0.355280	125.00
0.355300	125.00
0.355320	125.00
0.355340	126.00
0.355360	126.00
0.355380	126.00
0.355400	126.00
0.355420	126.00
0.355440	126.00
0.355460	126.00
0.355480	125.00
0.355500	125.00
0.355520	125.00
0.355540	125.00
0.355560	125.00
0.355580	125.00
0.355600	124.00
0.355620	124.00
0.355640	125.00
0.355660	125.00
0.355680	125.00
0.355700	125.00
0.355720	125.00
0.355740	125.00
0.355760	125.00
0.355780	125.00
0.355800	125.00
0.355820	125.00
0.355840	124.00
0.355860	125.00
0.355880	125.00
0.355900	125.00
0.355920	125.00
0.355940	125.00
0.355960	125.00
0.355980	124.00
0.356000	124.00
0.356020	124.00
0.356040	124.00
0.356060	125.00
0.356080	125.00
0.356100	125.00
0.356120	125.00
0.356140	124.00
0.356160	125.00
0.356180	125.00
0.356200	125.00
0.356220	125.00
0.356240	125.00
0.356260	125.00
0.356280	125.00
0.356300	125.00
0.356320	125.00
0.356340	125.00
0.356360	125.00
0.356380	126.00
0.356400	126.00
0.356420	126.00
0.356440	126.00
0.356460	126.00
0.356480	126.00
0.356500	126.00
0.356520	126.00
0.356540	125.00
0.356560	125.00
0.356580	124.00
0.356600	124.00
0.356620	124.00
0.356640	123.00
0.356660	123.00
0.356680	123.00
0.356700	123.00
0.356720	123.00
0.356740	124.00
0.356760	124.00
0.356780	125.00
0.356800	126.00
0.356820	127.00
0.356840	128.00
0.356860	128.00
0.356880	128.00
0.356900	129.00
0.356920	129.00
0.356940	128.00
0.356960	127.00
0.356980	126.00
0.357000	125.00
0.357020	123.00
0.357040	121.00
0.357060	120.00
0.357080	119.00
0.357100	119.00
0.357120	119.00
0.357140	119.00
0.357160	120.00
0.357180	122.00
0.357200	124.00
0.357220	127.00
0.357240	129.00
0.357260	131.00
0.357280	133.00
0.357300	134.00
0.357320	134.00
0.357340	134.00
0.357360	132.00
0.357380	130.00
0.357400	127.00
0.357420	124.00
0.357440	121.00
0.357460	118.00
0.357480	116.00
0.357500	115.00
0.357520	115.00
0.357540	115.00
0.357560	116.00
0.357580	118.00
0.357600	121.00
0.357620	124.00
0.357640	127.00
0.357660	130.00
0.357680	132.00
0.357700	133.00
0.357720	134.00
0.357740	134.00
0.357760	134.00
0.357780	133.00
0.357800	131.00
0.357820	129.00
0.357840	126.00
0.357860	123.00
0.357880	121.00
0.357900	118.00
0.357920	117.00
0.357940	117.00
0.357960	117.00
0.357980	118.00
0.358000	119.00
0.358020	120.00
0.358040	122.00
0.358060	124.00
0.358080	126.00
0.358100	128.00
0.358120	129.00
0.358140	130.00
0.358160	130.00
0.358180	130.00
0.358200	130.00
0.358220	129.00
0.358240	127.00
0.358260	126.00
0.358280	125.00
0.358300	124.00
0.358320	123.00
0.358340	122.00
0.358360	121.00
0.358380	121.00
0.358400	122.00
0.358420	122.00
0.358440	123.00
0.358460	123.00
0.358480	124.00
0.358500	125.00
0.358520	126.00
0.358540	126.00
0.358560	127.00
0.358580	127.00
0.358600	127.00
0.358620	127.00
0.358640	127.00
0.358660	126.00
0.358680	126.00
0.358700	125.00
0.358720	125.00
0.358740	125.00
0.358760	124.00
0.358780	124.00
0.358800	124.00
0.358820	124.00
0.358840	124.00
0.358860	125.00
0.358880	125.00
0.358900	125.00
0.358920	125.00
0.358940	125.00
0.358960	125.00
0.358980	125.00
0.359000	125.00
0.359020	125.00
0.359040	125.00
0.359060	125.00
0.359080	125.00
0.359100	125.00
0.359120	124.00
0.359140	124.00
0.359160	124.00
0.359180	124.00
0.359200	124.00
0.359220	124.00
0.359240	124.00
0.359260	124.00
0.359280	125.00
0.359300	125.00
0.359320	125.00
0.359340	126.00
0.359360	126.00
0.359380	126.00
0.359400	126.00
0.359420	125.00
0.359440	125.00
0.359460	125.00
0.359480	125.00
0.359500	125.00
0.359520	125.00
0.359540	124.00
0.359560	124.00
0.359580	124.00
0.359600	124.00
0.359620	124.00
0.359640	124.00
0.359660	124.00
0.359680	125.00
0.359700	125.00
0.359720	125.00
0.359740	125.00
0.359760	125.00
0.359780	125.00
0.359800	125.00
0.359820	125.00
0.359840	125.00
0.359860	125.00
0.359880	125.00
0.359900	125.00
0.359920	124.00
0.359940	124.00
0.359960	124.00
0.359980	125.00
