0.320000	101.00
0.320020	49.00
0.320040	101.00
0.320060	140.00
0.320080	144.00
0.320100	125.00
0.320120	113.00
0.320140	118.00
0.320160	130.00
0.320180	133.00
0.320200	124.00
0.320220	118.00
0.320240	121.00
0.320260	129.00
0.320280	130.00
0.320300	124.00
0.320320	120.00
0.320340	122.00
0.320360	128.00
0.320380	129.00
0.320400	124.00
0.320420	120.00
0.320440	122.00
0.320460	127.00
0.320480	128.00
0.320500	125.00
0.320520	122.00
0.320540	124.00
0.320560	127.00
0.320580	128.00
0.320600	125.00
0.320620	123.00
0.320640	124.00
0.320660	126.00
0.320680	127.00
0.320700	124.00
0.320720	122.00
0.320740	123.00
0.320760	126.00
0.320780	127.00
0.320800	125.00
0.320820	123.00
0.320840	124.00
0.320860	126.00
0.320880	127.00
0.320900	125.00
0.320920	124.00
0.320940	124.00
0.320960	126.00
0.320980	126.00
0.321000	124.00
0.321020	123.00
0.321040	123.00
0.321060	125.00
0.321080	126.00
0.321100	124.00
0.321120	123.00
0.321140	124.00
0.321160	126.00
0.321180	126.00
0.321200	125.00
0.321220	123.00
0.321240	124.00
0.321260	125.00
0.321280	126.00
0.321300	125.00
0.321320	124.00
0.321340	125.00
0.321360	126.00
0.321380	126.00
0.321400	125.00
0.321420	124.00
0.321440	125.00
0.321460	126.00
0.321480	126.00
0.321500	125.00
0.321520	124.00
0.321540	124.00
0.321560	125.00
0.321580	125.00
0.321600	124.00
0.321620	123.00
0.321640	124.00
0.321660	125.00
0.321680	125.00
0.321700	124.00
0.321720	124.00
0.321740	124.00
0.321760	126.00
0.321780	126.00
0.321800	125.00
0.321820	124.00
0.321840	125.00
0.321860	126.00
0.321880	126.00
0.321900	124.00
0.321920	124.00
0.321940	124.00
0.321960	126.00
0.321980	126.00
0.322000	125.00
0.322020	124.00
0.322040	124.00
0.322060	125.00
0.322080	125.00
0.322100	124.00
0.322120	124.00
0.322140	124.00
0.322160	125.00
0.322180	125.00
0.322200	124.00
0.322220	123.00
0.322240	124.00
0.322260	125.00
0.322280	126.00
0.322300	125.00
0.322320	125.00
0.322340	125.00
0.322360	126.00
0.322380	126.00
0.322400	125.00
0.322420	125.00
0.322440	125.00
0.322460	126.00
0.322480	126.00
0.322500	125.00
0.322520	124.00
0.322540	125.00
0.322560	126.00
0.322580	126.00
0.322600	125.00
0.322620	124.00
0.322640	124.00
0.322660	125.00
0.322680	125.00
0.322700	124.00
0.322720	123.00
0.322740	124.00
0.322760	125.00
0.322780	126.00
0.322800	125.00
0.322820	124.00
0.322840	124.00
0.322860	124.00
0.322880	125.00
0.322900	124.00
0.322920	124.00
0.322940	125.00
0.322960	126.00
0.322980	126.00
0.323000	125.00
0.323020	125.00
0.323040	125.00
0.323060	126.00
0.323080	126.00
0.323100	125.00
0.323120	124.00
0.323140	124.00
0.323160	125.00
0.323180	125.00
0.323200	125.00
0.323220	124.00
0.323240	124.00
0.323260	125.00
0.323280	126.00
0.323300	125.00
0.323320	125.00
0.323340	124.00
0.323360	124.00
0.323380	125.00
0.323400	124.00
0.323420	124.00
0.323440	124.00
0.323460	125.00
0.323480	125.00
0.323500	125.00
0.323520	125.00
0.323540	125.00
0.323560	125.00
0.323580	125.00
0.323600	124.00
0.323620	124.00
0.323640	125.00
0.323660	126.00
0.323680	125.00
0.323700	125.00
0.323720	124.00
0.323740	124.00
0.323760	125.00
0.323780	125.00
0.323800	124.00
0.323820	124.00
0.323840	124.00
0.323860	124.00
0.323880	125.00
0.323900	124.00
0.323920	124.00
0.323940	124.00
0.323960	125.00
0.323980	125.00
0.324000	124.00
0.324020	124.00
0.324040	124.00
0.324060	125.00
0.324080	125.00
0.324100	124.00
0.324120	124.00
0.324140	124.00
0.324160	125.00
0.324180	125.00
0.324200	124.00
0.324220	124.00
0.324240	124.00
0.324260	125.00
0.324280	125.00
0.324300	125.00
0.324320	125.00
0.324340	125.00
0.324360	125.00
0.324380	125.00
0.324400	124.00
0.324420	124.00
0.324440	125.00
0.324460	126.00
0.324480	126.00
0.324500	125.00
0.324520	124.00
0.324540	124.00
0.324560	124.00
0.324580	125.00
0.324600	124.00
0.324620	124.00
0.324640	125.00
0.324660	126.00
0.324680	126.00
0.324700	125.00
0.324720	124.00
0.324740	124.00
0.324760	125.00
0.324780	125.00
0.324800	124.00
0.324820	123.00
0.324840	123.00
0.324860	123.00
0.324880	122.00
0.324900	120.00
0.324920	120.00
0.324940	121.00
0.324960	123.00
0.324980	126.00
0.325000	128.00
0.325020	131.00
0.325040	135.00
0.325060	140.00
0.325080	144.00
0.325100	147.00
0.325120	147.00
0.325140	144.00
0.325160	139.00
0.325180	131.00
0.325200	120.00
0.325220	108.00
0.325240	99.00
0.325260	91.00
0.325280	84.00
0.325300	80.00
0.325320	78.00
0.325340	80.00
0.325360	88.00
0.325380	101.00
0.325400	117.00
0.325420	136.00
0.325440	155.00
0.325460	171.00
0.325480	183.00
0.325500	191.00
0.325520	195.00
0.325540	195.00
0.325560	191.00
0.325580	180.00
0.325600	161.00
0.325620	136.00
0.325640	107.00
0.325660	77.00
0.325680	49.00
0.325700	24.00
0.325720	7.00
0.325740	1.00
0.325760	6.00
0.325780	21.00
0.325800	46.00
0.325820	83.00
0.325840	129.00
0.325860	176.00
0.325880	216.00
0.325900	242.00
0.325920	254.00
0.325940	255.00
0.325960	253.00
0.325980	244.00
0.326000	223.00
0.326020	185.00
0.326040	131.00
0.326060	72.00
0.326080	24.00
0.326100	0.00
0.326120	0.00
0.326140	3.00
0.326160	7.00
0.326180	0.00
0.326200	0.00
0.326220	5.00
0.326240	47.00
0.326260	112.00
0.326280	180.00
0.326300	230.00
0.326320	254.00
0.326340	255.00
0.326360	255.00
0.326380	255.00
0.326400	254.00
0.326420	244.00
0.326440	218.00
0.326460	172.00
0.326480	113.00
0.326500	55.00
0.326520	14.00
0.326540	0.00
0.326560	0.00
0.326580	4.00
0.326600	4.00
0.326620	0.00
0.326640	0.00
0.326660	21.00
0.326680	65.00
0.326700	121.00
0.326720	173.00
0.326740	211.00
0.326760	234.00
0.326780	244.00
0.326800	246.00
0.326820	243.00
0.326840	232.00
0.326860	213.00
0.326880	186.00
0.326900	153.00
0.326920	118.00
0.326940	83.00
0.326960	54.00
0.326980	32.00
0.327000	19.00
0.327020	16.00
0.327040	21.00
0.327060	35.00
0.327080	56.00
0.327100	81.00
0.327120	108.00
0.327140	134.00
0.327160	157.00
0.327180	176.00
0.327200	188.00
0.327220	194.00
0.327240	194.00
0.327260	188.00
0.327280	178.00
0.327300	164.00
0.327320	147.00
0.327340	130.00
0.327360	114.00
0.327380	100.00
0.327400	89.00
0.327420	81.00
0.327440	78.00
0.327460	79.00
0.327480	85.00
0.327500	93.00
0.327520	102.00
0.327540	113.00
0.327560	124.00
0.327580	134.00
0.327600	143.00
0.327620	149.00
0.327640	152.00
0.327660	153.00
0.327680	152.00
0.327700	148.00
0.327720	143.00
0.327740	137.00
0.327760	131.00
0.327780	124.00
0.327800	118.00
0.327820	113.00
0.327840	109.00
0.327860	107.00
0.327880	107.00
0.327900	109.00
0.327920	111.00
0.327940	114.00
0.327960	118.00
0.327980	122.00
0.328000	127.00
0.328020	130.00
0.328040	132.00
0.328060	134.00
0.328080	136.00
0.328100	136.00
0.328120	136.00
0.328140	134.00
0.328160	132.00
0.328180	130.00
0.328200	127.00
0.328220	124.00
0.328240	122.00
0.328260	120.00
0.328280	119.00
0.328300	118.00
0.328320	118.00
0.328340	118.00
0.328360	119.00
0.328380	121.00
0.328400	123.00
0.328420	125.00
0.328440	126.00
0.328460	127.00
0.328480	128.00
0.328500	129.00
0.328520	130.00
0.328540	130.00
0.328560	129.00
0.328580	128.00
0.328600	127.00
0.328620	126.00
0.328640	125.00
0.328660	124.00
0.328680	124.00
0.328700	123.00
0.328720	122.00
0.328740	122.00
0.328760	123.00
0.328780	123.00
0.328800	123.00
0.328820	124.00
0.328840	125.00
0.328860	126.00
0.328880	126.00
0.328900	126.00
0.328920	126.00
0.328940	126.00
0.328960	126.00
0.328980	126.00
0.329000	126.00
0.329020	126.00
0.329040	125.00
0.329060	125.00
0.329080	125.00
0.329100	125.00
0.329120	125.00
0.329140	124.00
0.329160	124.00
0.329180	124.00
0.329200	124.00
0.329220	124.00
0.329240	125.00
0.329260	125.00
0.329280	126.00
0.329300	126.00
0.329320	126.00
0.329340	126.00
0.329360	126.00
0.329380	126.00
0.329400	125.00
0.329420	124.00
0.329440	124.00
0.329460	124.00
0.329480	124.00
0.329500	124.00
0.329520	124.00
0.329540	124.00
0.329560	124.00
0.329580	124.00
0.329600	124.00
0.329620	125.00
0.329640	125.00
0.329660	125.00
0.329680	125.00
0.329700	125.00
0.329720	125.00
0.329740	125.00
0.329760	125.00
0.329780	126.00
0.329800	126.00
0.329820	126.00
0.329840	126.00
0.329860	126.00
0.329880	125.00
0.329900	125.00
0.329920	124.00
0.329940	124.00
0.329960	124.00
0.329980	124.00
0.330000	124.00
0.330020	124.00
0.330040	124.00
0.330060	125.00
0.330080	125.00
0.330100	125.00
0.330120	125.00
0.330140	125.00
0.330160	125.00
0.330180	125.00
0.330200	125.00
0.330220	125.00
0.330240	125.00
0.330260	125.00
0.330280	125.00
0.330300	125.00
0.330320	125.00
0.330340	125.00
0.330360	125.00
0.330380	125.00
0.330400	125.00
0.330420	125.00
0.330440	125.00
0.330460	125.00
0.330480	125.00
0.330500	125.00
0.330520	125.00
0.330540	125.00
0.330560	125.00
0.330580	125.00
0.330600	125.00
0.330620	125.00
0.330640	125.00
0.330660	125.00
0.330680	125.00
0.330700	126.00
0.330720	125.00
0.330740	125.00
0.330760	125.00
0.330780	124.00
0.330800	124.00
0.330820	125.00
0.330840	125.00
0.330860	125.00
0.330880	125.00
0.330900	125.00
0.330920	125.00
0.330940	125.00
0.330960	125.00
0.330980	125.00
0.331000	125.00
0.331020	125.00
0.331040	126.00
0.331060	126.00
0.331080	126.00
0.331100	126.00
0.331120	125.00
0.331140	125.00
0.331160	125.00
0.331180	125.00
0.331200	125.00
0.331220	125.00
0.331240	124.00
0.331260	123.00
0.331280	122.00
0.331300	121.00
0.331320	121.00
0.331340	121.00
0.331360	121.00
0.331380	122.00
0.331400	123.00
0.331420	125.00
0.331440	127.00
0.331460	129.00
0.331480	131.00
0.331500	133.00
0.331520	134.00
0.331540	134.00
0.331560	134.00
0.331580	133.00
0.331600	130.00
0.331620	127.00
0.331640	123.00
0.331660	119.00
0.331680	116.00
0.331700	113.00
0.331720	111.00
0.331740	110.00
0.331760	110.00
0.331780	111.00
0.331800	113.00
0.331820	116.00
0.331840	121.00
0.331860	126.00
0.331880	133.00
0.331900	139.00
0.331920	144.00
0.331940	148.00
0.331960	150.00
0.331980	150.00
0.332000	147.00
0.332020	142.00
0.332040	135.00
0.332060	127.00
0.332080	117.00
0.332100	107.00
0.332120	97.00
0.332140	90.00
0.332160	86.00
0.332180	86.00
0.332200	89.00
0.332220	95.00
0.332240	105.00
0.332260	118.00
0.332280	131.00
0.332300	145.00
0.332320	156.00
0.332340	166.00
0.332360	172.00
0.332380	174.00
0.332400	171.00
0.332420	164.00
0.332440	154.00
0.332460	142.00
0.332480	128.00
0.332500	113.00
0.332520	99.00
0.332540	87.00
0.332560	80.00
0.332580	76.00
0.332600	76.00
0.332620	80.00
0.332640	88.00
0.332660	99.00
0.332680	112.00
0.332700	126.00
0.332720	139.00
0.332740	150.00
0.332760	159.00
0.332780	164.00
0.332800	166.00
0.332820	165.00
0.332840	160.00
0.332860	152.00
0.332880	143.00
0.332900	132.00
0.332920	121.00
0.332940	111.00
0.332960	103.00
0.332980	97.00
0.333000	94.00
0.333020	94.00
0.333040	97.00
0.333060	101.00
0.333080	108.00
0.333100	115.00
0.333120	122.00
0.333140	129.00
0.333160	136.00
0.333180	141.00
0.333200	145.00
0.333220	146.00
0.333240	146.00
0.333260	144.00
0.333280	141.00
0.333300	136.00
0.333320	131.00
0.333340	126.00
0.333360	121.00
0.333380	117.00
0.333400	114.00
0.333420	112.00
0.333440	111.00
0.333460	111.00
0.333480	113.00
0.333500	116.00
0.333520	119.00
0.333540	122.00
0.333560	125.00
0.333580	128.00
0.333600	131.00
0.333620	132.00
0.333640	133.00
0.333660	134.00
0.333680	134.00
0.333700	132.00
0.333720	130.00
0.333740	128.00
0.333760	126.00
0.333780	124.00
0.333800	122.00
0.333820	121.00
0.333840	120.00
0.333860	119.00
0.333880	119.00
0.333900	120.00
0.333920	121.00
0.333940	122.00
0.333960	123.00
0.333980	124.00
0.334000	125.00
0.334020	126.00
0.334040	127.00
0.334060	128.00
0.334080	128.00
0.334100	128.00
0.334120	128.00
0.334140	128.00
0.334160	128.00
0.334180	127.00
0.334200	126.00
0.334220	125.00
0.334240	124.00
0.334260	124.00
0.334280	123.00
0.334300	123.00
0.334320	122.00
0.334340	122.00
0.334360	122.00
0.334380	123.00
0.334400	124.00
0.334420	125.00
0.334440	125.00
0.334460	125.00
0.334480	126.00
0.334500	126.00
0.334520	127.00
0.334540	127.00
0.334560	127.00
0.334580	127.00
0.334600	126.00
0.334620	126.00
0.334640	125.00
0.334660	125.00
0.334680	125.00
0.334700	124.00
0.334720	124.00
0.334740	124.00
0.334760	124.00
0.334780	124.00
0.334800	124.00
0.334820	124.00
0.334840	124.00
0.334860	124.00
0.334880	124.00
0.334900	125.00
0.334920	125.00
0.334940	126.00
0.334960	126.00
0.334980	126.00
0.335000	126.00
0.335020	125.00
0.335040	125.00
0.335060	125.00
0.335080	125.00
0.335100	125.00
0.335120	125.00
0.335140	124.00
0.335160	123.00
0.335180	123.00
0.335200	123.00
0.335220	124.00
0.335240	124.00
0.335260	124.00
0.335280	125.00
0.335300	125.00
0.335320	125.00
0.335340	126.00
0.335360	126.00
0.335380	126.00
0.335400	126.00
0.335420	126.00
0.335440	126.00
0.335460	126.00
0.335480	125.00
0.335500	125.00
0.335520	125.00
0.335540	125.00
0.335560	125.00
0.335580	125.00
0.335600	124.00
0.335620	123.00
0.335640	123.00
0.335660	123.00
0.335680	124.00
0.335700	125.00
0.335720	125.00
0.335740	125.00
0.335760	125.00
0.335780	125.00
0.335800	125.00
0.335820	126.00
0.335840	126.00
0.335860	126.00
0.335880	126.00
0.335900	126.00
0.335920	126.00
0.335940	126.00
0.335960	126.00
0.335980	125.00
0.336000	125.00
0.336020	125.00
0.336040	124.00
0.336060	124.00
0.336080	123.00
0.336100	123.00
0.336120	123.00
0.336140	124.00
0.336160	124.00
0.336180	124.00
0.336200	124.00
0.336220	124.00
0.336240	124.00
0.336260	124.00
0.336280	125.00
0.336300	126.00
0.336320	126.00
0.336340	126.00
0.336360	126.00
0.336380	125.00
0.336400	125.00
0.336420	125.00
0.336440	125.00
0.336460	125.00
0.336480	125.00
0.336500	124.00
0.336520	124.00
0.336540	125.00
0.336560	125.00
0.336580	125.00
0.336600	124.00
0.336620	124.00
0.336640	124.00
0.336660	124.00
0.336680	125.00
0.336700	125.00
0.336720	125.00
0.336740	125.00
0.336760	126.00
0.336780	126.00
0.336800	126.00
0.336820	126.00
0.336840	125.00
0.336860	125.00
0.336880	125.00
0.336900	125.00
0.336920	125.00
0.336940	125.00
0.336960	125.00
0.336980	125.00
0.337000	125.00
0.337020	125.00
0.337040	125.00
0.337060	125.00
0.337080	124.00
0.337100	124.00
0.337120	124.00
0.337140	124.00
0.337160	125.00
0.337180	125.00
0.337200	125.00
0.337220	125.00
0.337240	125.00
0.337260	125.00
0.337280	126.00
0.337300	126.00
0.337320	126.00
0.337340	126.00
0.337360	126.00
0.337380	126.00
0.337400	126.00
0.337420	125.00
0.337440	124.00
0.337460	124.00
0.337480	124.00
0.337500	124.00
0.337520	123.00
0.337540	122.00
0.337560	122.00
0.337580	123.00
0.337600	123.00
0.337620	124.00
0.337640	124.00
0.337660	125.00
0.337680	127.00
0.337700	128.00
0.337720	129.00
0.337740	129.00
0.337760	129.00
0.337780	129.00
0.337800	129.00
0.337820	129.00
0.337840	127.00
0.337860	125.00
0.337880	123.00
0.337900	121.00
0.337920	120.00
0.337940	119.00
0.337960	118.00
0.337980	117.00
0.338000	117.00
0.338020	118.00
0.338040	119.00
0.338060	121.00
0.338080	123.00
0.338100	126.00
0.338120	130.00
0.338140	133.00
0.338160	136.00
0.338180	138.00
0.338200	139.00
0.338220	138.00
0.338240	137.00
0.338260	134.00
0.338280	130.00
0.338300	125.00
0.338320	119.00
0.338340	114.00
0.338360	109.00
0.338380	107.00
0.338400	105.00
0.338420	105.00
0.338440	107.00
0.338460	111.00
0.338480	116.00
0.338500	123.00
0.338520	130.00
0.338540	136.00
0.338560	142.00
0.338580	147.00
0.338600	149.00
0.338620	150.00
0.338640	148.00
0.338660	144.00
0.338680	139.00
0.338700	133.00
0.338720	126.00
0.338740	119.00
0.338760	112.00
0.338780	106.00
0.338800	102.00
0.338820	100.00
0.338840	100.00
0.338860	102.00
0.338880	106.00
0.338900	111.00
0.338920	117.00
0.338940	124.00
0.338960	130.00
0.338980	136.00
0.339000	140.00
0.339020	143.00
0.339040	145.00
0.339060	145.00
0.339080	144.00
0.339100	141.00
0.339120	137.00
0.339140	132.00
0.339160	127.00
0.339180	122.00
0.339200	117.00
0.339220	114.00
0.339240	112.00
0.339260	111.00
0.339280	111.00
0.339300	112.00
0.339320	114.00
0.339340	117.00
0.339360	121.00
0.339380	124.00
0.339400	127.00
0.339420	130.00
0.339440	133.00
0.339460	134.00
0.339480	135.00
0.339500	134.00
0.339520	133.00
0.339540	131.00
0.339560	129.00
0.339580	127.00
0.339600	125.00
0.339620	123.00
0.339640	122.00
0.339660	120.00
0.339680	120.00
0.339700	120.00
0.339720	120.00
0.339740	121.00
0.339760	122.00
0.339780	122.00
0.339800	123.00
0.339820	125.00
0.339840	126.00
0.339860	127.00
0.339880	127.00
0.339900	127.00
0.339920	127.00
0.339940	127.00
0.339960	127.00
0.339980	127.00
0.340000	126.00
0.340020	125.00
0.340040	125.00
0.340060	124.00
0.340080	124.00
0.340100	123.00
0.340120	123.00
0.340140	123.00
0.340160	124.00
0.340180	124.00
0.340200	124.00
0.340220	125.00
0.340240	125.00
0.340260	125.00
0.340280	126.00
0.340300	127.00
0.340320	127.00
0.340340	127.00
0.340360	127.00
0.340380	126.00
0.340400	126.00
0.340420	126.00
0.340440	126.00
0.340460	125.00
0.340480	125.00
0.340500	125.00
0.340520	124.00
0.340540	124.00
0.340560	124.00
0.340580	123.00
0.340600	123.00
0.340620	123.00
0.340640	124.00
0.340660	125.00
0.340680	125.00
0.340700	125.00
0.340720	125.00
0.340740	126.00
0.340760	126.00
0.340780	126.00
0.340800	126.00
0.340820	126.00
0.340840	125.00
0.340860	125.00
0.340880	125.00
0.340900	124.00
0.340920	124.00
0.340940	124.00
0.340960	124.00
0.340980	124.00
0.341000	124.00
0.341020	124.00
0.341040	124.00
0.341060	125.00
0.341080	125.00
0.341100	125.00
0.341120	126.00
0.341140	126.00
0.341160	126.00
0.341180	126.00
0.341200	126.00
0.341220	126.00
0.341240	126.00
0.341260	126.00
0.341280	125.00
0.341300	124.00
0.341320	124.00
0.341340	124.00
0.341360	124.00
0.341380	124.00
0.341400	125.00
0.341420	125.00
0.341440	125.00
0.341460	125.00
0.341480	125.00
0.341500	125.00
0.341520	125.00
0.341540	125.00
0.341560	125.00
0.341580	125.00
0.341600	125.00
0.341620	125.00
0.341640	125.00
0.341660	125.00
0.341680	125.00
0.341700	124.00
0.341720	124.00
0.341740	124.00
0.341760	125.00
0.341780	125.00
0.341800	125.00
0.341820	125.00
0.341840	124.00
0.341860	125.00
0.341880	125.00
0.341900	125.00
0.341920	125.00
0.341940	125.00
0.341960	125.00
0.341980	125.00
0.342000	125.00
0.342020	125.00
0.342040	125.00
0.342060	125.00
0.342080	125.00
0.342100	125.00
0.342120	125.00
0.342140	125.00
0.342160	125.00
0.342180	125.00
0.342200	125.00
0.342220	124.00
0.342240	124.00
0.342260	124.00
0.342280	125.00
0.342300	125.00
0.342320	125.00
0.342340	124.00
0.342360	124.00
0.342380	124.00
0.342400	124.00
0.342420	124.00
0.342440	124.00
0.342460	125.00
0.342480	125.00
0.342500	125.00
0.342520	125.00
0.342540	125.00
0.342560	125.00
0.342580	125.00
0.342600	125.00
0.342620	125.00
0.342640	125.00
0.342660	125.00
0.342680	125.00
0.342700	125.00
0.342720	124.00
0.342740	124.00
0.342760	124.00
0.342780	124.00
0.342800	124.00
0.342820	124.00
0.342840	124.00
0.342860	124.00
0.342880	124.00
0.342900	125.00
0.342920	125.00
0.342940	125.00
0.342960	124.00
0.342980	124.00
0.343000	125.00
0.343020	126.00
0.343040	126.00
0.343060	126.00
0.343080	126.00
0.343100	125.00
0.343120	125.00
0.343140	125.00
0.343160	125.00
0.343180	125.00
0.343200	125.00
0.343220	125.00
0.343240	125.00
0.343260	125.00
0.343280	125.00
0.343300	124.00
0.343320	124.00
0.343340	125.00
0.343360	125.00
0.343380	125.00
0.343400	125.00
0.343420	125.00
0.343440	125.00
0.343460	125.00
0.343480	125.00
0.343500	125.00
0.343520	125.00
0.343540	125.00
0.343560	125.00
0.343580	125.00
0.343600	124.00
0.343620	124.00
0.343640	124.00
0.343660	124.00
0.343680	125.00
0.343700	125.00
0.343720	124.00
0.343740	124.00
0.343760	124.00
0.343780	124.00
0.343800	124.00
0.343820	124.00
0.343840	124.00
0.343860	125.00
0.343880	126.00
0.343900	126.00
0.343920	126.00
0.343940	127.00
0.343960	127.00
0.343980	127.00
0.344000	127.00
0.344020	127.00
0.344040	127.00
0.344060	127.00
0.344080	126.00
0.344100	125.00
0.344120	124.00
0.344140	123.00
0.344160	122.00
0.344180	122.00
0.344200	121.00
0.344220	120.00
0.344240	120.00
0.344260	120.00
0.344280	121.00
0.344300	123.00
0.344320	124.00
0.344340	126.00
0.344360	129.00
0.344380	131.00
0.344400	132.00
0.344420	133.00
0.344440	134.00
0.344460	133.00
0.344480	132.00
0.344500	130.00
0.344520	127.00
0.344540	124.00
0.344560	121.00
0.344580	118.00
0.344600	116.00
0.344620	113.00
0.344640	112.00
0.344660	112.00
0.344680	114.00
0.344700	116.00
0.344720	119.00
0.344740	123.00
0.344760	127.00
0.344780	132.00
0.344800	136.00
0.344820	139.00
0.344840	141.00
0.344860	141.00
0.344880	141.00
0.344900	139.00
0.344920	135.00
0.344940	131.00
0.344960	126.00
0.344980	121.00
0.345000	116.00
0.345020	112.00
0.345040	109.00
0.345060	106.00
0.345080	106.00
0.345100	107.00
0.345120	110.00
0.345140	113.00
0.345160	118.00
0.345180	123.00
0.345200	128.00
0.345220	132.00
0.345240	136.00
0.345260	139.00
0.345280	141.00
0.345300	142.00
0.345320	141.00
0.345340	138.00
0.345360	135.00
0.345380	131.00
0.345400	127.00
0.345420	123.00
0.345440	119.00
0.345460	116.00
0.345480	113.00
0.345500	112.00
0.345520	112.00
0.345540	113.00
0.345560	115.00
0.345580	118.00
0.345600	120.00
0.345620	123.00
0.345640	126.00
0.345660	128.00
0.345680	131.00
0.345700	132.00
0.345720	133.00
0.345740	133.00
0.345760	133.00
0.345780	132.00
0.345800	130.00
0.345820	128.00
0.345840	126.00
0.345860	124.00
0.345880	123.00
0.345900	121.00
0.345920	120.00
0.345940	119.00
0.345960	119.00
0.345980	120.00
0.346000	121.00
0.346020	122.00
0.346040	123.00
0.346060	124.00
0.346080	125.00
0.346100	126.00
0.346120	127.00
0.346140	128.00
0.346160	128.00
0.346180	128.00
0.346200	128.00
0.346220	127.00
0.346240	127.00
0.346260	127.00
0.346280	126.00
0.346300	125.00
0.346320	124.00
0.346340	123.00
0.346360	123.00
0.346380	122.00
0.346400	122.00
0.346420	122.00
0.346440	123.00
0.346460	123.00
0.346480	124.00
0.346500	125.00
0.346520	125.00
0.346540	125.00
0.346560	126.00
0.346580	126.00
0.346600	126.00
0.346620	126.00
0.346640	126.00
0.346660	125.00
0.346680	125.00
0.346700	125.00
0.346720	125.00
0.346740	125.00
0.346760	125.00
0.346780	124.00
0.346800	124.00
0.346820	124.00
0.346840	124.00
0.346860	124.00
0.346880	125.00
0.346900	125.00
0.346920	125.00
0.346940	126.00
0.346960	126.00
0.346980	126.00
0.347000	126.00
0.347020	126.00
0.347040	126.00
0.347060	126.00
0.347080	125.00
0.347100	124.00
0.347120	124.00
0.347140	123.00
0.347160	123.00
0.347180	123.00
0.347200	124.00
0.347220	124.00
0.347240	125.00
0.347260	125.00
0.347280	125.00
0.347300	125.00
0.347320	126.00
0.347340	126.00
0.347360	126.00
0.347380	126.00
0.347400	125.00
0.347420	125.00
0.347440	125.00
0.347460	125.00
0.347480	125.00
0.347500	125.00
0.347520	124.00
0.347540	124.00
0.347560	124.00
0.347580	124.00
0.347600	125.00
0.347620	125.00
0.347640	125.00
0.347660	125.00
0.347680	125.00
0.347700	125.00
0.347720	125.00
0.347740	125.00
0.347760	125.00
0.347780	125.00
0.347800	126.00
0.347820	126.00
0.347840	126.00
0.347860	125.00
0.347880	125.00
0.347900	125.00
0.347920	125.00
0.347940	125.00
0.347960	125.00
0.347980	124.00
0.348000	124.00
0.348020	124.00
0.348040	124.00
0.348060	124.00
0.348080	124.00
0.348100	124.00
0.348120	124.00
0.348140	124.00
0.348160	124.00
0.348180	125.00
0.348200	125.00
0.348220	125.00
0.348240	125.00
0.348260	125.00
0.348280	125.00
0.348300	125.00
0.348320	125.00
0.348340	125.00
0.348360	125.00
0.348380	125.00
0.348400	125.00
0.348420	125.00
0.348440	124.00
0.348460	124.00
0.348480	124.00
0.348500	124.00
0.348520	124.00
0.348540	124.00
0.348560	124.00
0.348580	124.00
0.348600	124.00
0.348620	124.00
0.348640	125.00
0.348660	126.00
0.348680	126.00
0.348700	126.00
0.348720	126.00
0.348740	127.00
0.348760	127.00
0.348780	127.00
0.348800	127.00
0.348820	126.00
0.348840	125.00
0.348860	125.00
0.348880	125.00
0.348900	124.00
0.348920	124.00
0.348940	124.00
0.348960	124.00
0.348980	124.00
0.349000	124.00
0.349020	124.00
0.349040	125.00
0.349060	125.00
0.349080	125.00
0.349100	125.00
0.349120	125.00
0.349140	125.00
0.349160	126.00
0.349180	126.00
0.349200	126.00
0.349220	126.00
0.349240	125.00
0.349260	125.00
0.349280	124.00
0.349300	124.00
0.349320	124.00
0.349340	124.00
0.349360	124.00
0.349380	124.00
0.349400	124.00
0.349420	124.00
0.349440	125.00
0.349460	125.00
0.349480	125.00
0.349500	125.00
0.349520	125.00
0.349540	125.00
0.349560	126.00
0.349580	126.00
0.349600	126.00
0.349620	126.00
0.349640	125.00
0.349660	125.00
0.349680	125.00
0.349700	125.00
0.349720	125.00
0.349740	125.00
0.349760	125.00
0.349780	125.00
0.349800	125.00
0.349820	125.00
0.349840	125.00
0.349860	125.00
0.349880	124.00
0.349900	124.00
0.349920	124.00
0.349940	124.00
0.349960	124.00
0.349980	124.00
0.350000	124.00
0.350020	124.00
0.350040	124.00
0.350060	124.00
0.350080	124.00
0.350100	124.00
0.350120	125.00
0.350140	125.00
0.350160	126.00
0.350180	126.00
0.350200	126.00
0.350220	126.00
0.350240	127.00
0.350260	127.00
0.350280	127.00
0.350300	126.00
0.350320	126.00
0.350340	125.00
0.350360	124.00
0.350380	124.00
0.350400	123.00
0.350420	123.00
0.350440	122.00
0.350460	122.00
0.350480	122.00
0.350500	122.00
0.350520	123.00
0.350540	124.00
0.350560	125.00
0.350580	126.00
0.350600	127.00
0.350620	129.00
0.350640	130.00
0.350660	131.00
0.350680	131.00
0.350700	130.00
0.350720	129.00
0.350740	128.00
0.350760	126.00
0.350780	124.00
0.350800	121.00
0.350820	119.00
0.350840	117.00
0.350860	116.00
0.350880	116.00
0.350900	116.00
0.350920	117.00
0.350940	119.00
0.350960	122.00
0.350980	125.00
0.351000	127.00
0.351020	130.00
0.351040	133.00
0.351060	135.00
0.351080	136.00
0.351100	136.00
0.351120	135.00
0.351140	134.00
0.351160	132.00
0.351180	129.00
0.351200	125.00
0.351220	121.00
0.351240	117.00
0.351260	114.00
0.351280	112.00
0.351300	111.00
0.351320	111.00
0.351340	112.00
0.351360	115.00
0.351380	118.00
0.351400	122.00
0.351420	126.00
0.351440	130.00
0.351460	133.00
0.351480	136.00
0.351500	138.00
0.351520	138.00
0.351540	138.00
0.351560	137.00
0.351580	134.00
0.351600	131.00
0.351620	128.00
0.351640	124.00
0.351660	121.00
0.351680	118.00
0.351700	116.00
0.351720	115.00
0.351740	114.00
0.351760	115.00
0.351780	116.00
0.351800	118.00
0.351820	120.00
0.351840	123.00
0.351860	125.00
0.351880	128.00
0.351900	130.00
0.351920	131.00
0.351940	132.00
0.351960	132.00
0.351980	132.00
0.352000	131.00
0.352020	129.00
0.352040	128.00
0.352060	126.00
0.352080	124.00
0.352100	123.00
0.352120	122.00
0.352140	121.00
0.352160	120.00
0.352180	120.00
0.352200	120.00
0.352220	121.00
0.352240	122.00
0.352260	123.00
0.352280	124.00
0.352300	125.00
0.352320	126.00
0.352340	127.00
0.352360	128.00
0.352380	128.00
0.352400	128.00
0.352420	128.00
0.352440	128.00
0.352460	127.00
0.352480	126.00
0.352500	125.00
0.352520	124.00
0.352540	124.00
0.352560	123.00
0.352580	123.00
0.352600	123.00
0.352620	123.00
0.352640	124.00
0.352660	124.00
0.352680	125.00
0.352700	125.00
0.352720	125.00
0.352740	126.00
0.352760	126.00
0.352780	126.00
0.352800	126.00
0.352820	126.00
0.352840	126.00
0.352860	125.00
0.352880	125.00
0.352900	125.00
0.352920	125.00
0.352940	125.00
0.352960	125.00
0.352980	125.00
0.353000	125.00
0.353020	125.00
0.353040	124.00
0.353060	124.00
0.353080	125.00
0.353100	125.00
0.353120	125.00
0.353140	126.00
0.353160	126.00
0.353180	125.00
0.353200	125.00
0.353220	125.00
0.353240	126.00
0.353260	126.00
0.353280	126.00
0.353300	126.00
0.353320	125.00
0.353340	124.00
0.353360	124.00
0.353380	124.00
0.353400	124.00
0.353420	125.00
0.353440	125.00
0.353460	125.00
0.353480	125.00
0.353500	125.00
0.353520	125.00
0.353540	125.00
0.353560	126.00
0.353580	126.00
0.353600	126.00
0.353620	125.00
0.353640	125.00
0.353660	124.00
0.353680	124.00
0.353700	124.00
0.353720	124.00
0.353740	124.00
0.353760	124.00
0.353780	124.00
0.353800	124.00
0.353820	124.00
0.353840	124.00
0.353860	124.00
0.353880	125.00
0.353900	125.00
0.353920	126.00
0.353940	126.00
0.353960	126.00
0.353980	126.00
0.354000	126.00
0.354020	125.00
0.354040	125.00
0.354060	125.00
0.354080	125.00
0.354100	125.00
0.354120	124.00
0.354140	124.00
0.354160	124.00
0.354180	125.00
0.354200	125.00
0.354220	125.00
0.354240	125.00
0.354260	125.00
0.354280	125.00
0.354300	125.00
0.354320	125.00
0.354340	125.00
0.354360	124.00
0.354380	124.00
0.354400	124.00
0.354420	125.00
0.354440	125.00
0.354460	125.00
0.354480	125.00
0.354500	125.00
0.354520	125.00
0.354540	125.00
0.354560	125.00
0.354580	125.00
0.354600	125.00
0.354620	124.00
0.354640	124.00
0.354660	123.00
0.354680	123.00
0.354700	124.00
0.354720	124.00
0.354740	124.00
0.354760	124.00
0.354780	124.00
0.354800	124.00
0.354820	125.00
0.354840	126.00
0.354860	126.00
0.354880	126.00
0.354900	126.00
0.354920	126.00
0.354940	126.00
0.354960	126.00
0.354980	126.00
0.355000	126.00
0.355020	125.00
0.355040	125.00
0.355060	125.00
0.355080	124.00
0.355100	124.00
0.355120	124.00
0.355140	124.00
0.355160	124.00
0.355180	124.00
0.355200	124.00
0.355220	124.00
0.355240	124.00
0.355260	125.00
0.355280	125.00
0.355300	125.00
0.355320	125.00
0.355340	125.00
0.355360	125.00
0.355380	126.00
0.355400	126.00
0.355420	126.00
0.355440	125.00
0.355460	125.00
0.355480	125.00
0.355500	125.00
0.355520	125.00
0.355540	125.00
0.355560	124.00
0.355580	124.00
0.355600	124.00
0.355620	124.00
0.355640	124.00
0.355660	124.00
0.355680	124.00
0.355700	124.00
0.355720	125.00
0.355740	125.00
0.355760	125.00
0.355780	125.00
0.355800	125.00
0.355820	125.00
0.355840	125.00
0.355860	125.00
0.355880	125.00
0.355900	125.00
0.355920	125.00
0.355940	125.00
0.355960	125.00
0.355980	125.00
0.356000	125.00
0.356020	125.00
0.356040	125.00
0.356060	125.00
0.356080	125.00
0.356100	125.00
0.356120	125.00
0.356140	125.00
0.356160	125.00
0.356180	125.00
0.356200	125.00
0.356220	125.00
0.356240	125.00
0.356260	125.00
0.356280	125.00
0.356300	125.00
0.356320	125.00
0.356340	125.00
0.356360	125.00
0.356380	125.00
0.356400	125.00
0.356420	126.00
0.356440	126.00
0.356460	126.00
0.356480	126.00
0.356500	126.00
0.356520	125.00
0.356540	125.00
0.356560	125.00
0.356580	125.00
0.356600	124.00
0.356620	123.00
0.356640	123.00
0.356660	122.00
0.356680	122.00
0.356700	123.00
0.356720	123.00
0.356740	123.00
0.356760	124.00
0.356780	125.00
0.356800	126.00
0.356820	127.00
0.356840	128.00
0.356860	128.00
0.356880	128.00
0.356900	129.00
0.356920	129.00
0.356940	128.00
0.356960	128.00
0.356980	126.00
0.357000	125.00
0.357020	123.00
0.357040	122.00
0.357060	120.00
0.357080	119.00
0.357100	119.00
0.357120	119.00
0.357140	119.00
0.357160	120.00
0.357180	121.00
0.357200	123.00
0.357220	126.00
0.357240	128.00
0.357260	130.00
0.357280	132.00
0.357300	133.00
0.357320	134.00
0.357340	134.00
0.357360	133.00
0.357380	131.00
0.357400	128.00
0.357420	125.00
0.357440	122.00
0.357460	120.00
0.357480	117.00
0.357500	116.00
0.357520	115.00
0.357540	114.00
0.357560	115.00
0.357580	117.00
0.357600	119.00
0.357620	122.00
0.357640	125.00
0.357660	128.00
0.357680	131.00
0.357700	133.00
0.357720	134.00
0.357740	135.00
0.357760	134.00
0.357780	133.00
0.357800	132.00
0.357820	130.00
0.357840	127.00
0.357860	124.00
0.357880	122.00
0.357900	120.00
0.357920	118.00
0.357940	117.00
0.357960	117.00
0.357980	117.00
0.358000	118.00
0.358020	120.00
0.358040	122.00
0.358060	124.00
0.358080	126.00
0.358100	127.00
0.358120	128.00
0.358140	129.00
0.358160	130.00
0.358180	130.00
0.358200	130.00
0.358220	129.00
0.358240	128.00
0.358260	126.00
0.358280	125.00
0.358300	124.00
0.358320	122.00
0.358340	122.00
0.358360	121.00
0.358380	122.00
0.358400	122.00
0.358420	122.00
0.358440	123.00
0.358460	123.00
0.358480	124.00
0.358500	125.00
0.358520	126.00
0.358540	127.00
0.358560	127.00
0.358580	127.00
0.358600	127.00
0.358620	127.00
0.358640	126.00
0.358660	126.00
0.358680	126.00
0.358700	126.00
0.358720	125.00
0.358740	125.00
0.358760	124.00
0.358780	124.00
0.358800	124.00
0.358820	124.00
0.358840	124.00
0.358860	124.00
0.358880	124.00
0.358900	125.00
0.358920	126.00
0.358940	126.00
0.358960	126.00
0.358980	126.00
0.359000	126.00
0.359020	126.00
0.359040	126.00
0.359060	125.00
0.359080	125.00
0.359100	124.00
0.359120	124.00
0.359140	124.00
0.359160	124.00
0.359180	124.00
0.359200	124.00
0.359220	124.00
0.359240	124.00
0.359260	124.00
0.359280	124.00
0.359300	124.00
0.359320	125.00
0.359340	125.00
0.359360	125.00
0.359380	125.00
0.359400	126.00
0.359420	126.00
0.359440	126.00
0.359460	126.00
0.359480	125.00
0.359500	124.00
0.359520	124.00
0.359540	124.00
0.359560	124.00
0.359580	124.00
0.359600	124.00
0.359620	124.00
0.359640	124.00
0.359660	125.00
0.359680	125.00
0.359700	125.00
0.359720	125.00
0.359740	125.00
0.359760	125.00
0.359780	126.00
0.359800	126.00
0.359820	125.00
0.359840	125.00
0.359860	125.00
0.359880	125.00
0.359900	124.00
0.359920	124.00
0.359940	124.00
0.359960	124.00
0.359980	125.00
