0.320000	101.00
0.320020	49.00
0.320040	101.00
0.320060	140.00
0.320080	143.00
0.320100	124.00
0.320120	112.00
0.320140	118.00
0.320160	130.00
0.320180	133.00
0.320200	125.00
0.320220	118.00
0.320240	121.00
0.320260	129.00
0.320280	131.00
0.320300	125.00
0.320320	121.00
0.320340	123.00
0.320360	128.00
0.320380	129.00
0.320400	125.00
0.320420	121.00
0.320440	123.00
0.320460	127.00
0.320480	128.00
0.320500	125.00
0.320520	122.00
0.320540	124.00
0.320560	127.00
0.320580	128.00
0.320600	124.00
0.320620	122.00
0.320640	123.00
0.320660	126.00
0.320680	127.00
0.320700	125.00
0.320720	123.00
0.320740	123.00
0.320760	126.00
0.320780	126.00
0.320800	124.00
0.320820	123.00
0.320840	124.00
0.320860	126.00
0.320880	126.00
0.320900	124.00
0.320920	123.00
0.320940	123.00
0.320960	125.00
0.320980	126.00
0.321000	124.00
0.321020	123.00
0.321040	124.00
0.321060	126.00
0.321080	127.00
0.321100	125.00
0.321120	123.00
0.321140	124.00
0.321160	125.00
0.321180	126.00
0.321200	125.00
0.321220	124.00
0.321240	125.00
0.321260	126.00
0.321280	126.00
0.321300	125.00
0.321320	123.00
0.321340	124.00
0.321360	125.00
0.321380	126.00
0.321400	125.00
0.321420	124.00
0.321440	125.00
0.321460	126.00
0.321480	126.00
0.321500	125.00
0.321520	124.00
0.321540	125.00
0.321560	126.00
0.321580	126.00
0.321600	125.00
0.321620	124.00
0.321640	125.00
0.321660	126.00
0.321680	126.00
0.321700	124.00
0.321720	123.00
0.321740	124.00
0.321760	125.00
0.321780	126.00
0.321800	125.00
0.321820	124.00
0.321840	124.00
0.321860	125.00
0.321880	125.00
0.321900	124.00
0.321920	123.00
0.321940	124.00
0.321960	125.00
0.321980	125.00
0.322000	125.00
0.322020	124.00
0.322040	124.00
0.322060	125.00
0.322080	125.00
0.322100	124.00
0.322120	123.00
0.322140	124.00
0.322160	125.00
0.322180	125.00
0.322200	124.00
0.322220	123.00
0.322240	124.00
0.322260	125.00
0.322280	125.00
0.322300	124.00
0.322320	123.00
0.322340	124.00
0.322360	125.00
0.322380	125.00
0.322400	125.00
0.322420	124.00
0.322440	124.00
0.322460	125.00
0.322480	125.00
0.322500	124.00
0.322520	124.00
0.322540	124.00
0.322560	125.00
0.322580	125.00
0.322600	124.00
0.322620	124.00
0.322640	124.00
0.322660	125.00
0.322680	126.00
0.322700	125.00
0.322720	125.00
0.322740	125.00
0.322760	126.00
0.322780	126.00
0.322800	125.00
0.322820	124.00
0.322840	124.00
0.322860	125.00
0.322880	125.00
0.322900	124.00
0.322920	124.00
0.322940	124.00
0.322960	125.00
0.322980	126.00
0.323000	125.00
0.323020	124.00
0.323040	124.00
0.323060	125.00
0.323080	126.00
0.323100	125.00
0.323120	125.00
0.323140	125.00
0.323160	125.00
0.323180	125.00
0.323200	124.00
0.323220	124.00
0.323240	125.00
0.323260	126.00
0.323280	126.00
0.323300	125.00
0.323320	124.00
0.323340	124.00
0.323360	125.00
0.323380	125.00
0.323400	124.00
0.323420	124.00
0.323440	125.00
0.323460	126.00
0.323480	126.00
0.323500	125.00
0.323520	125.00
0.323540	125.00
0.323560	126.00
0.323580	126.00
0.323600	125.00
0.323620	124.00
0.323640	124.00
0.323660	125.00
0.323680	126.00
0.323700	125.00
0.323720	124.00
0.323740	124.00
0.323760	125.00
0.323780	125.00
0.323800	124.00
0.323820	124.00
0.323840	124.00
0.323860	125.00
0.323880	125.00
0.323900	124.00
0.323920	124.00
0.323940	124.00
0.323960	125.00
0.323980	126.00
0.324000	125.00
0.324020	124.00
0.324040	124.00
0.324060	125.00
0.324080	125.00
0.324100	125.00
0.324120	124.00
0.324140	124.00
0.324160	124.00
0.324180	125.00
0.324200	124.00
0.324220	124.00
0.324240	124.00
0.324260	124.00
0.324280	125.00
0.324300	124.00
0.324320	124.00
0.324340	124.00
0.324360	124.00
0.324380	125.00
0.324400	124.00
0.324420	125.00
0.324440	125.00
0.324460	126.00
0.324480	126.00
0.324500	125.00
0.324520	124.00
0.324540	124.00
0.324560	125.00
0.324580	125.00
0.324600	125.00
0.324620	125.00
0.324640	125.00
0.324660	125.00
0.324680	126.00
0.324700	125.00
0.324720	125.00
0.324740	124.00
0.324760	124.00
0.324780	124.00
0.324800	124.00
0.324820	124.00
0.324840	124.00
0.324860	125.00
0.324880	125.00
0.324900	124.00
0.324920	123.00
0.324940	122.00
0.324960	121.00
0.324980	121.00
0.325000	120.00
0.325020	121.00
0.325040	122.00
0.325060	124.00
0.325080	127.00
0.325100	129.00
0.325120	133.00
0.325140	138.00
0.325160	142.00
0.325180	146.00
0.325200	147.00
0.325220	146.00
0.325240	142.00
0.325260	135.00
0.325280	125.00
0.325300	114.00
0.325320	104.00
0.325340	95.00
0.325360	88.00
0.325380	83.00
0.325400	79.00
0.325420	79.00
0.325440	84.00
0.325460	94.00
0.325480	108.00
0.325500	125.00
0.325520	144.00
0.325540	162.00
0.325560	177.00
0.325580	187.00
0.325600	192.00
0.325620	194.00
0.325640	193.00
0.325660	186.00
0.325680	171.00
0.325700	150.00
0.325720	124.00
0.325740	94.00
0.325760	64.00
0.325780	37.00
0.325800	16.00
0.325820	5.00
0.325840	4.00
0.325860	13.00
0.325880	32.00
0.325900	63.00
0.325920	104.00
0.325940	151.00
0.325960	196.00
0.325980	230.00
0.326000	249.00
0.326020	255.00
0.326040	255.00
0.326060	250.00
0.326080	236.00
0.326100	207.00
0.326120	161.00
0.326140	104.00
0.326160	48.00
0.326180	9.00
0.326200	0.00
0.326220	0.00
0.326240	7.00
0.326260	6.00
0.326280	0.00
0.326300	0.00
0.326320	19.00
0.326340	74.00
0.326360	145.00
0.326380	207.00
0.326400	245.00
0.326420	255.00
0.326440	255.00
0.326460	255.00
0.326480	255.00
0.326500	252.00
0.326520	234.00
0.326540	198.00
0.326560	146.00
0.326580	87.00
0.326600	35.00
0.326620	4.00
0.326640	0.00
0.326660	1.00
0.326680	5.00
0.326700	1.00
0.326720	0.00
0.326740	6.00
0.326760	39.00
0.326780	91.00
0.326800	147.00
0.326820	193.00
0.326840	223.00
0.326860	239.00
0.326880	246.00
0.326900	246.00
0.326920	238.00
0.326940	223.00
0.326960	201.00
0.326980	171.00
0.327000	137.00
0.327020	101.00
0.327040	68.00
0.327060	42.00
0.327080	25.00
0.327100	17.00
0.327120	18.00
0.327140	27.00
0.327160	44.00
0.327180	68.00
0.327200	94.00
0.327220	120.00
0.327240	145.00
0.327260	166.00
0.327280	182.00
0.327300	192.00
0.327320	195.00
0.327340	191.00
0.327360	183.00
0.327380	171.00
0.327400	156.00
0.327420	140.00
0.327440	123.00
0.327460	108.00
0.327480	96.00
0.327500	87.00
0.327520	81.00
0.327540	79.00
0.327560	82.00
0.327580	88.00
0.327600	97.00
0.327620	107.00
0.327640	118.00
0.327660	129.00
0.327680	138.00
0.327700	146.00
0.327720	150.00
0.327740	153.00
0.327760	153.00
0.327780	151.00
0.327800	147.00
0.327820	141.00
0.327840	134.00
0.327860	127.00
0.327880	121.00
0.327900	116.00
0.327920	111.00
0.327940	108.00
0.327960	106.00
0.327980	107.00
0.328000	109.00
0.328020	111.00
0.328040	115.00
0.328060	120.00
0.328080	124.00
0.328100	128.00
0.328120	131.00
0.328140	134.00
0.328160	136.00
0.328180	137.00
0.328200	137.00
0.328220	135.00
0.328240	133.00
0.328260	130.00
0.328280	128.00
0.328300	125.00
0.328320	122.00
0.328340	120.00
0.328360	119.00
0.328380	119.00
0.328400	118.00
0.328420	118.00
0.328440	118.00
0.328460	119.00
0.328480	121.00
0.328500	123.00
0.328520	125.00
0.328540	126.00
0.328560	128.00
0.328580	129.00
0.328600	130.00
0.328620	130.00
0.328640	130.00
0.328660	129.00
0.328680	128.00
0.328700	127.00
0.328720	125.00
0.328740	124.00
0.328760	123.00
0.328780	123.00
0.328800	122.00
0.328820	122.00
0.328840	122.00
0.328860	123.00
0.328880	123.00
0.328900	123.00
0.328920	123.00
0.328940	124.00
0.328960	124.00
0.328980	125.00
0.329000	126.00
0.329020	126.00
0.329040	126.00
0.329060	126.00
0.329080	126.00
0.329100	126.00
0.329120	126.00
0.329140	125.00
0.329160	125.00
0.329180	125.00
0.329200	125.00
0.329220	125.00
0.329240	125.00
0.329260	125.00
0.329280	126.00
0.329300	125.00
0.329320	125.00
0.329340	125.00
0.329360	125.00
0.329380	125.00
0.329400	125.00
0.329420	125.00
0.329440	125.00
0.329460	125.00
0.329480	125.00
0.329500	125.00
0.329520	124.00
0.329540	124.00
0.329560	124.00
0.329580	124.00
0.329600	124.00
0.329620	124.00
0.329640	124.00
0.329660	124.00
0.329680	124.00
0.329700	125.00
0.329720	125.00
0.329740	125.00
0.329760	126.00
0.329780	127.00
0.329800	126.00
0.329820	126.00
0.329840	125.00
0.329860	125.00
0.329880	125.00
0.329900	125.00
0.329920	124.00
0.329940	124.00
0.329960	124.00
0.329980	125.00
0.330000	124.00
0.330020	124.00
0.330040	124.00
0.330060	124.00
0.330080	125.00
0.330100	125.00
0.330120	125.00
0.330140	125.00
0.330160	125.00
0.330180	125.00
0.330200	125.00
0.330220	125.00
0.330240	125.00
0.330260	125.00
0.330280	126.00
0.330300	126.00
0.330320	125.00
0.330340	125.00
0.330360	125.00
0.330380	125.00
0.330400	125.00
0.330420	125.00
0.330440	124.00
0.330460	124.00
0.330480	124.00
0.330500	124.00
0.330520	124.00
0.330540	124.00
0.330560	124.00
0.330580	125.00
0.330600	125.00
0.330620	125.00
0.330640	125.00
0.330660	125.00
0.330680	125.00
0.330700	125.00
0.330720	125.00
0.330740	125.00
0.330760	125.00
0.330780	125.00
0.330800	125.00
0.330820	125.00
0.330840	125.00
0.330860	125.00
0.330880	125.00
0.330900	125.00
0.330920	125.00
0.330940	125.00
0.330960	125.00
0.330980	125.00
0.331000	125.00
0.331020	125.00
0.331040	125.00
0.331060	125.00
0.331080	125.00
0.331100	125.00
0.331120	125.00
0.331140	125.00
0.331160	125.00
0.331180	125.00
0.331200	126.00
0.331220	125.00
0.331240	125.00
0.331260	125.00
0.331280	125.00
0.331300	125.00
0.331320	124.00
0.331340	123.00
0.331360	123.00
0.331380	123.00
0.331400	122.00
0.331420	121.00
0.331440	121.00
0.331460	121.00
0.331480	122.00
0.331500	124.00
0.331520	126.00
0.331540	128.00
0.331560	130.00
0.331580	132.00
0.331600	133.00
0.331620	134.00
0.331640	135.00
0.331660	134.00
0.331680	133.00
0.331700	130.00
0.331720	126.00
0.331740	122.00
0.331760	119.00
0.331780	116.00
0.331800	114.00
0.331820	111.00
0.331840	110.00
0.331860	110.00
0.331880	112.00
0.331900	114.00
0.331920	118.00
0.331940	123.00
0.331960	129.00
0.331980	135.00
0.332000	141.00
0.332020	146.00
0.332040	149.00
0.332060	150.00
0.332080	149.00
0.332100	145.00
0.332120	140.00
0.332140	132.00
0.332160	123.00
0.332180	113.00
0.332200	102.00
0.332220	94.00
0.332240	88.00
0.332260	86.00
0.332280	88.00
0.332300	92.00
0.332320	100.00
0.332340	110.00
0.332360	123.00
0.332380	137.00
0.332400	150.00
0.332420	161.00
0.332440	169.00
0.332460	173.00
0.332480	173.00
0.332500	169.00
0.332520	161.00
0.332540	149.00
0.332560	135.00
0.332580	120.00
0.332600	106.00
0.332620	93.00
0.332640	83.00
0.332660	77.00
0.332680	75.00
0.332700	77.00
0.332720	83.00
0.332740	92.00
0.332760	104.00
0.332780	117.00
0.332800	130.00
0.332820	143.00
0.332840	154.00
0.332860	162.00
0.332880	166.00
0.332900	166.00
0.332920	163.00
0.332940	157.00
0.332960	149.00
0.332980	139.00
0.333000	128.00
0.333020	117.00
0.333040	107.00
0.333060	100.00
0.333080	96.00
0.333100	94.00
0.333120	94.00
0.333140	97.00
0.333160	102.00
0.333180	109.00
0.333200	117.00
0.333220	125.00
0.333240	132.00
0.333260	138.00
0.333280	143.00
0.333300	146.00
0.333320	147.00
0.333340	146.00
0.333360	143.00
0.333380	139.00
0.333400	134.00
0.333420	129.00
0.333440	124.00
0.333460	119.00
0.333480	115.00
0.333500	113.00
0.333520	111.00
0.333540	111.00
0.333560	112.00
0.333580	114.00
0.333600	117.00
0.333620	120.00
0.333640	123.00
0.333660	127.00
0.333680	130.00
0.333700	132.00
0.333720	133.00
0.333740	134.00
0.333760	134.00
0.333780	133.00
0.333800	131.00
0.333820	129.00
0.333840	127.00
0.333860	126.00
0.333880	124.00
0.333900	122.00
0.333920	121.00
0.333940	120.00
0.333960	119.00
0.333980	119.00
0.334000	120.00
0.334020	121.00
0.334040	122.00
0.334060	123.00
0.334080	124.00
0.334100	125.00
0.334120	126.00
0.334140	127.00
0.334160	128.00
0.334180	128.00
0.334200	128.00
0.334220	127.00
0.334240	127.00
0.334260	127.00
0.334280	126.00
0.334300	125.00
0.334320	124.00
0.334340	123.00
0.334360	123.00
0.334380	123.00
0.334400	123.00
0.334420	123.00
0.334440	123.00
0.334460	124.00
0.334480	124.00
0.334500	125.00
0.334520	125.00
0.334540	125.00
0.334560	126.00
0.334580	126.00
0.334600	126.00
0.334620	126.00
0.334640	126.00
0.334660	126.00
0.334680	126.00
0.334700	125.00
0.334720	125.00
0.334740	124.00
0.334760	124.00
0.334780	124.00
0.334800	123.00
0.334820	123.00
0.334840	123.00
0.334860	123.00
0.334880	124.00
0.334900	124.00
0.334920	125.00
0.334940	125.00
0.334960	125.00
0.334980	125.00
0.335000	126.00
0.335020	126.00
0.335040	126.00
0.335060	126.00
0.335080	126.00
0.335100	126.00
0.335120	126.00
0.335140	126.00
0.335160	125.00
0.335180	125.00
0.335200	125.00
0.335220	124.00
0.335240	124.00
0.335260	124.00
0.335280	124.00
0.335300	124.00
0.335320	124.00
0.335340	124.00
0.335360	124.00
0.335380	125.00
0.335400	126.00
0.335420	126.00
0.335440	126.00
0.335460	126.00
0.335480	126.00
0.335500	126.00
0.335520	126.00
0.335540	126.00
0.335560	126.00
0.335580	126.00
0.335600	126.00
0.335620	125.00
0.335640	125.00
0.335660	125.00
0.335680	124.00
0.335700	124.00
0.335720	123.00
0.335740	124.00
0.335760	124.00
0.335780	124.00
0.335800	124.00
0.335820	124.00
0.335840	124.00
0.335860	125.00
0.335880	125.00
0.335900	125.00
0.335920	125.00
0.335940	125.00
0.335960	125.00
0.335980	125.00
0.336000	125.00
0.336020	125.00
0.336040	125.00
0.336060	125.00
0.336080	125.00
0.336100	125.00
0.336120	124.00
0.336140	124.00
0.336160	124.00
0.336180	124.00
0.336200	124.00
0.336220	124.00
0.336240	124.00
0.336260	124.00
0.336280	125.00
0.336300	125.00
0.336320	125.00
0.336340	125.00
0.336360	125.00
0.336380	126.00
0.336400	126.00
0.336420	126.00
0.336440	126.00
0.336460	126.00
0.336480	126.00
0.336500	125.00
0.336520	125.00
0.336540	125.00
0.336560	124.00
0.336580	124.00
0.336600	124.00
0.336620	124.00
0.336640	124.00
0.336660	124.00
0.336680	124.00
0.336700	124.00
0.336720	124.00
0.336740	125.00
0.336760	125.00
0.336780	125.00
0.336800	125.00
0.336820	125.00
0.336840	125.00
0.336860	125.00
0.336880	126.00
0.336900	126.00
0.336920	126.00
0.336940	125.00
0.336960	125.00
0.336980	125.00
0.337000	125.00
0.337020	125.00
0.337040	125.00
0.337060	125.00
0.337080	125.00
0.337100	125.00
0.337120	125.00
0.337140	125.00
0.337160	125.00
0.337180	125.00
0.337200	125.00
0.337220	125.00
0.337240	125.00
0.337260	126.00
0.337280	126.00
0.337300	125.00
0.337320	125.00
0.337340	125.00
0.337360	125.00
0.337380	125.00
0.337400	125.00
0.337420	125.00
0.337440	125.00
0.337460	125.00
0.337480	125.00
0.337500	125.00
0.337520	125.00
0.337540	124.00
0.337560	124.00
0.337580	124.00
0.337600	123.00
0.337620	123.00
0.337640	122.00
0.337660	123.00
0.337680	123.00
0.337700	124.00
0.337720	125.00
0.337740	126.00
0.337760	126.00
0.337780	127.00
0.337800	129.00
0.337820	130.00
0.337840	130.00
0.337860	130.00
0.337880	130.00
0.337900	129.00
0.337920	128.00
0.337940	127.00
0.337960	125.00
0.337980	123.00
0.338000	122.00
0.338020	120.00
0.338040	118.00
0.338060	117.00
0.338080	116.00
0.338100	116.00
0.338120	117.00
0.338140	119.00
0.338160	122.00
0.338180	125.00
0.338200	128.00
0.338220	131.00
0.338240	134.00
0.338260	137.00
0.338280	139.00
0.338300	139.00
0.338320	138.00
0.338340	136.00
0.338360	133.00
0.338380	128.00
0.338400	123.00
0.338420	118.00
0.338440	112.00
0.338460	108.00
0.338480	105.00
0.338500	104.00
0.338520	105.00
0.338540	108.00
0.338560	112.00
0.338580	118.00
0.338600	125.00
0.338620	132.00
0.338640	139.00
0.338660	145.00
0.338680	148.00
0.338700	150.00
0.338720	150.00
0.338740	148.00
0.338760	144.00
0.338780	138.00
0.338800	131.00
0.338820	123.00
0.338840	115.00
0.338860	108.00
0.338880	103.00
0.338900	100.00
0.338920	99.00
0.338940	99.00
0.338960	101.00
0.338980	106.00
0.339000	112.00
0.339020	119.00
0.339040	126.00
0.339060	132.00
0.339080	138.00
0.339100	143.00
0.339120	146.00
0.339140	147.00
0.339160	146.00
0.339180	144.00
0.339200	140.00
0.339220	135.00
0.339240	130.00
0.339260	125.00
0.339280	120.00
0.339300	115.00
0.339320	112.00
0.339340	110.00
0.339360	110.00
0.339380	110.00
0.339400	112.00
0.339420	115.00
0.339440	118.00
0.339460	121.00
0.339480	125.00
0.339500	128.00
0.339520	131.00
0.339540	133.00
0.339560	134.00
0.339580	134.00
0.339600	134.00
0.339620	133.00
0.339640	131.00
0.339660	129.00
0.339680	126.00
0.339700	124.00
0.339720	122.00
0.339740	121.00
0.339760	120.00
0.339780	120.00
0.339800	119.00
0.339820	119.00
0.339840	120.00
0.339860	122.00
0.339880	123.00
0.339900	125.00
0.339920	126.00
0.339940	126.00
0.339960	127.00
0.339980	128.00
0.340000	128.00
0.340020	128.00
0.340040	128.00
0.340060	128.00
0.340080	127.00
0.340100	126.00
0.340120	125.00
0.340140	124.00
0.340160	123.00
0.340180	123.00
0.340200	122.00
0.340220	122.00
0.340240	122.00
0.340260	123.00
0.340280	123.00
0.340300	124.00
0.340320	125.00
0.340340	125.00
0.340360	126.00
0.340380	126.00
0.340400	126.00
0.340420	126.00
0.340440	126.00
0.340460	126.00
0.340480	126.00
0.340500	126.00
0.340520	126.00
0.340540	126.00
0.340560	125.00
0.340580	124.00
0.340600	124.00
0.340620	123.00
0.340640	123.00
0.340660	124.00
0.340680	124.00
0.340700	124.00
0.340720	124.00
0.340740	124.00
0.340760	125.00
0.340780	125.00
0.340800	125.00
0.340820	125.00
0.340840	125.00
0.340860	125.00
0.340880	125.00
0.340900	125.00
0.340920	125.00
0.340940	125.00
0.340960	125.00
0.340980	124.00
0.341000	124.00
0.341020	124.00
0.341040	125.00
0.341060	125.00
0.341080	125.00
0.341100	125.00
0.341120	125.00
0.341140	125.00
0.341160	125.00
0.341180	126.00
0.341200	126.00
0.341220	126.00
0.341240	126.00
0.341260	126.00
0.341280	126.00
0.341300	126.00
0.341320	125.00
0.341340	125.00
0.341360	125.00
0.341380	125.00
0.341400	125.00
0.341420	125.00
0.341440	124.00
0.341460	124.00
0.341480	124.00
0.341500	124.00
0.341520	124.00
0.341540	125.00
0.341560	125.00
0.341580	125.00
0.341600	125.00
0.341620	125.00
0.341640	126.00
0.341660	126.00
0.341680	126.00
0.341700	125.00
0.341720	125.00
0.341740	125.00
0.341760	125.00
0.341780	125.00
0.341800	125.00
0.341820	125.00
0.341840	125.00
0.341860	125.00
0.341880	125.00
0.341900	124.00
0.341920	124.00
0.341940	124.00
0.341960	125.00
0.341980	125.00
0.342000	124.00
0.342020	124.00
0.342040	124.00
0.342060	125.00
0.342080	125.00
0.342100	125.00
0.342120	125.00
0.342140	125.00
0.342160	125.00
0.342180	125.00
0.342200	125.00
0.342220	125.00
0.342240	125.00
0.342260	125.00
0.342280	125.00
0.342300	125.00
0.342320	125.00
0.342340	125.00
0.342360	125.00
0.342380	124.00
0.342400	124.00
0.342420	123.00
0.342440	123.00
0.342460	124.00
0.342480	125.00
0.342500	125.00
0.342520	124.00
0.342540	124.00
0.342560	124.00
0.342580	125.00
0.342600	125.00
0.342620	125.00
0.342640	125.00
0.342660	125.00
0.342680	125.00
0.342700	125.00
0.342720	125.00
0.342740	125.00
0.342760	125.00
0.342780	125.00
0.342800	125.00
0.342820	125.00
0.342840	124.00
0.342860	124.00
0.342880	124.00
0.342900	124.00
0.342920	124.00
0.342940	124.00
0.342960	124.00
0.342980	125.00
0.343000	125.00
0.343020	125.00
0.343040	125.00
0.343060	125.00
0.343080	125.00
0.343100	125.00
0.343120	125.00
0.343140	125.00
0.343160	125.00
0.343180	125.00
0.343200	125.00
0.343220	124.00
0.343240	124.00
0.343260	125.00
0.343280	125.00
0.343300	125.00
0.343320	125.00
0.343340	124.00
0.343360	124.00
0.343380	124.00
0.343400	124.00
0.343420	124.00
0.343440	124.00
0.343460	124.00
0.343480	125.00
0.343500	125.00
0.343520	125.00
0.343540	125.00
0.343560	125.00
0.343580	125.00
0.343600	125.00
0.343620	125.00
0.343640	125.00
0.343660	125.00
0.343680	125.00
0.343700	125.00
0.343720	125.00
0.343740	125.00
0.343760	125.00
0.343780	124.00
0.343800	124.00
0.343820	124.00
0.343840	124.00
0.343860	124.00
0.343880	124.00
0.343900	124.00
0.343920	124.00
0.343940	124.00
0.343960	125.00
0.343980	125.00
0.344000	126.00
0.344020	127.00
0.344040	127.00
0.344060	128.00
0.344080	128.00
0.344100	128.00
0.344120	128.00
0.344140	127.00
0.344160	126.00
0.344180	125.00
0.344200	124.00
0.344220	123.00
0.344240	122.00
0.344260	121.00
0.344280	120.00
0.344300	119.00
0.344320	119.00
0.344340	119.00
0.344360	120.00
0.344380	122.00
0.344400	123.00
0.344420	125.00
0.344440	127.00
0.344460	130.00
0.344480	132.00
0.344500	133.00
0.344520	134.00
0.344540	134.00
0.344560	133.00
0.344580	132.00
0.344600	130.00
0.344620	127.00
0.344640	124.00
0.344660	120.00
0.344680	117.00
0.344700	115.00
0.344720	113.00
0.344740	112.00
0.344760	112.00
0.344780	114.00
0.344800	117.00
0.344820	120.00
0.344840	124.00
0.344860	129.00
0.344880	134.00
0.344900	138.00
0.344920	141.00
0.344940	143.00
0.344960	143.00
0.344980	141.00
0.345000	139.00
0.345020	134.00
0.345040	129.00
0.345060	123.00
0.345080	118.00
0.345100	114.00
0.345120	110.00
0.345140	107.00
0.345160	105.00
0.345180	105.00
0.345200	107.00
0.345220	111.00
0.345240	115.00
0.345260	120.00
0.345280	125.00
0.345300	130.00
0.345320	135.00
0.345340	139.00
0.345360	142.00
0.345380	143.00
0.345400	143.00
0.345420	141.00
0.345440	138.00
0.345460	134.00
0.345480	129.00
0.345500	124.00
0.345520	120.00
0.345540	117.00
0.345560	114.00
0.345580	112.00
0.345600	111.00
0.345620	112.00
0.345640	113.00
0.345660	115.00
0.345680	118.00
0.345700	121.00
0.345720	125.00
0.345740	128.00
0.345760	130.00
0.345780	132.00
0.345800	134.00
0.345820	134.00
0.345840	134.00
0.345860	132.00
0.345880	131.00
0.345900	129.00
0.345920	126.00
0.345940	124.00
0.345960	123.00
0.345980	121.00
0.346000	120.00
0.346020	119.00
0.346040	119.00
0.346060	119.00
0.346080	120.00
0.346100	122.00
0.346120	123.00
0.346140	124.00
0.346160	125.00
0.346180	126.00
0.346200	127.00
0.346220	128.00
0.346240	128.00
0.346260	128.00
0.346280	128.00
0.346300	127.00
0.346320	127.00
0.346340	126.00
0.346360	125.00
0.346380	125.00
0.346400	124.00
0.346420	123.00
0.346440	122.00
0.346460	122.00
0.346480	122.00
0.346500	123.00
0.346520	123.00
0.346540	123.00
0.346560	124.00
0.346580	125.00
0.346600	125.00
0.346620	126.00
0.346640	126.00
0.346660	126.00
0.346680	126.00
0.346700	126.00
0.346720	126.00
0.346740	125.00
0.346760	125.00
0.346780	125.00
0.346800	125.00
0.346820	125.00
0.346840	125.00
0.346860	124.00
0.346880	124.00
0.346900	124.00
0.346920	124.00
0.346940	124.00
0.346960	124.00
0.346980	124.00
0.347000	125.00
0.347020	125.00
0.347040	125.00
0.347060	125.00
0.347080	125.00
0.347100	125.00
0.347120	125.00
0.347140	125.00
0.347160	125.00
0.347180	125.00
0.347200	124.00
0.347220	124.00
0.347240	124.00
0.347260	124.00
0.347280	124.00
0.347300	124.00
0.347320	125.00
0.347340	125.00
0.347360	125.00
0.347380	125.00
0.347400	125.00
0.347420	125.00
0.347440	125.00
0.347460	125.00
0.347480	125.00
0.347500	125.00
0.347520	125.00
0.347540	125.00
0.347560	124.00
0.347580	124.00
0.347600	124.00
0.347620	124.00
0.347640	124.00
0.347660	124.00
0.347680	124.00
0.347700	124.00
0.347720	125.00
0.347740	125.00
0.347760	125.00
0.347780	125.00
0.347800	125.00
0.347820	125.00
0.347840	125.00
0.347860	125.00
0.347880	125.00
0.347900	125.00
0.347920	125.00
0.347940	125.00
0.347960	125.00
0.347980	125.00
0.348000	125.00
0.348020	125.00
0.348040	125.00
0.348060	125.00
0.348080	125.00
0.348100	125.00
0.348120	125.00
0.348140	125.00
0.348160	125.00
0.348180	125.00
0.348200	125.00
0.348220	125.00
0.348240	125.00
0.348260	125.00
0.348280	125.00
0.348300	126.00
0.348320	126.00
0.348340	126.00
0.348360	126.00
0.348380	126.00
0.348400	125.00
0.348420	125.00
0.348440	125.00
0.348460	125.00
0.348480	125.00
0.348500	124.00
0.348520	124.00
0.348540	124.00
0.348560	124.00
0.348580	124.00
0.348600	124.00
0.348620	123.00
0.348640	123.00
0.348660	124.00
0.348680	124.00
0.348700	124.00
0.348720	124.00
0.348740	124.00
0.348760	125.00
0.348780	125.00
0.348800	126.00
0.348820	126.00
0.348840	125.00
0.348860	125.00
0.348880	125.00
0.348900	125.00
0.348920	125.00
0.348940	125.00
0.348960	125.00
0.348980	125.00
0.349000	124.00
0.349020	124.00
0.349040	124.00
0.349060	124.00
0.349080	124.00
0.349100	124.00
0.349120	124.00
0.349140	124.00
0.349160	125.00
0.349180	126.00
0.349200	126.00
0.349220	125.00
0.349240	125.00
0.349260	125.00
0.349280	126.00
0.349300	126.00
0.349320	126.00
0.349340	125.00
0.349360	125.00
0.349380	125.00
0.349400	125.00
0.349420	125.00
0.349440	124.00
0.349460	124.00
0.349480	124.00
0.349500	125.00
0.349520	125.00
0.349540	125.00
0.349560	125.00
0.349580	125.00
0.349600	125.00
0.349620	125.00
0.349640	125.00
0.349660	125.00
0.349680	126.00
0.349700	126.00
0.349720	126.00
0.349740	126.00
0.349760	125.00
0.349780	125.00
0.349800	125.00
0.349820	125.00
0.349840	125.00
0.349860	125.00
0.349880	125.00
0.349900	125.00
0.349920	125.00
0.349940	125.00
0.349960	125.00
0.349980	125.00
0.350000	124.00
0.350020	124.00
0.350040	125.00
0.350060	125.00
0.350080	125.00
0.350100	125.00
0.350120	124.00
0.350140	124.00
0.350160	124.00
0.350180	124.00
0.350200	125.00
0.350220	125.00
0.350240	125.00
0.350260	126.00
0.350280	126.00
0.350300	127.00
0.350320	127.00
0.350340	127.00
0.350360	126.00
0.350380	126.00
0.350400	126.00
0.350420	125.00
0.350440	125.00
0.350460	124.00
0.350480	123.00
0.350500	123.00
0.350520	122.00
0.350540	121.00
0.350560	121.00
0.350580	122.00
0.350600	122.00
0.350620	123.00
0.350640	124.00
0.350660	125.00
0.350680	127.00
0.350700	129.00
0.350720	130.00
0.350740	131.00
0.350760	131.00
0.350780	131.00
0.350800	130.00
0.350820	129.00
0.350840	127.00
0.350860	125.00
0.350880	123.00
0.350900	120.00
0.350920	118.00
0.350940	116.00
0.350960	115.00
0.350980	115.00
0.351000	116.00
0.351020	117.00
0.351040	119.00
0.351060	122.00
0.351080	125.00
0.351100	129.00
0.351120	133.00
0.351140	136.00
0.351160	138.00
0.351180	139.00
0.351200	138.00
0.351220	137.00
0.351240	134.00
0.351260	130.00
0.351280	126.00
0.351300	122.00
0.351320	118.00
0.351340	114.00
0.351360	111.00
0.351380	110.00
0.351400	109.00
0.351420	110.00
0.351440	112.00
0.351460	115.00
0.351480	119.00
0.351500	124.00
0.351520	128.00
0.351540	132.00
0.351560	135.00
0.351580	138.00
0.351600	139.00
0.351620	139.00
0.351640	138.00
0.351660	136.00
0.351680	133.00
0.351700	130.00
0.351720	126.00
0.351740	123.00
0.351760	120.00
0.351780	117.00
0.351800	115.00
0.351820	114.00
0.351840	114.00
0.351860	115.00
0.351880	116.00
0.351900	118.00
0.351920	121.00
0.351940	124.00
0.351960	127.00
0.351980	129.00
0.352000	131.00
0.352020	132.00
0.352040	132.00
0.352060	132.00
0.352080	132.00
0.352100	131.00
0.352120	129.00
0.352140	127.00
0.352160	125.00
0.352180	123.00
0.352200	122.00
0.352220	121.00
0.352240	120.00
0.352260	120.00
0.352280	120.00
0.352300	121.00
0.352320	122.00
0.352340	123.00
0.352360	124.00
0.352380	125.00
0.352400	126.00
0.352420	127.00
0.352440	128.00
0.352460	128.00
0.352480	128.00
0.352500	127.00
0.352520	127.00
0.352540	127.00
0.352560	126.00
0.352580	125.00
0.352600	124.00
0.352620	123.00
0.352640	123.00
0.352660	123.00
0.352680	124.00
0.352700	124.00
0.352720	123.00
0.352740	123.00
0.352760	124.00
0.352780	124.00
0.352800	125.00
0.352820	125.00
0.352840	125.00
0.352860	126.00
0.352880	126.00
0.352900	126.00
0.352920	126.00
0.352940	126.00
0.352960	126.00
0.352980	125.00
0.353000	125.00
0.353020	125.00
0.353040	125.00
0.353060	124.00
0.353080	124.00
0.353100	124.00
0.353120	124.00
0.353140	125.00
0.353160	125.00
0.353180	125.00
0.353200	125.00
0.353220	125.00
0.353240	126.00
0.353260	126.00
0.353280	126.00
0.353300	126.00
0.353320	126.00
0.353340	125.00
0.353360	125.00
0.353380	125.00
0.353400	125.00
0.353420	125.00
0.353440	125.00
0.353460	125.00
0.353480	125.00
0.353500	124.00
0.353520	124.00
0.353540	124.00
0.353560	124.00
0.353580	124.00
0.353600	125.00
0.353620	125.00
0.353640	125.00
0.353660	126.00
0.353680	126.00
0.353700	126.00
0.353720	125.00
0.353740	125.00
0.353760	125.00
0.353780	125.00
0.353800	124.00
0.353820	124.00
0.353840	124.00
0.353860	125.00
0.353880	125.00
0.353900	125.00
0.353920	124.00
0.353940	124.00
0.353960	124.00
0.353980	125.00
0.354000	125.00
0.354020	125.00
0.354040	125.00
0.354060	125.00
0.354080	125.00
0.354100	125.00
0.354120	125.00
0.354140	125.00
0.354160	125.00
0.354180	125.00
0.354200	124.00
0.354220	125.00
0.354240	125.00
0.354260	125.00
0.354280	125.00
0.354300	124.00
0.354320	124.00
0.354340	124.00
0.354360	125.00
0.354380	125.00
0.354400	125.00
0.354420	125.00
0.354440	125.00
0.354460	125.00
0.354480	125.00
0.354500	125.00
0.354520	125.00
0.354540	125.00
0.354560	125.00
0.354580	125.00
0.354600	125.00
0.354620	125.00
0.354640	125.00
0.354660	125.00
0.354680	125.00
0.354700	124.00
0.354720	123.00
0.354740	123.00
0.354760	123.00
0.354780	124.00
0.354800	124.00
0.354820	124.00
0.354840	124.00
0.354860	124.00
0.354880	125.00
0.354900	126.00
0.354920	126.00
0.354940	126.00
0.354960	126.00
0.354980	126.00
0.355000	126.00
0.355020	126.00
0.355040	126.00
0.355060	126.00
0.355080	125.00
0.355100	124.00
0.355120	124.00
0.355140	124.00
0.355160	124.00
0.355180	124.00
0.355200	124.00
0.355220	124.00
0.355240	125.00
0.355260	124.00
0.355280	124.00
0.355300	125.00
0.355320	125.00
0.355340	125.00
0.355360	125.00
0.355380	125.00
0.355400	125.00
0.355420	126.00
0.355440	126.00
0.355460	126.00
0.355480	126.00
0.355500	125.00
0.355520	125.00
0.355540	125.00
0.355560	125.00
0.355580	125.00
0.355600	124.00
0.355620	124.00
0.355640	124.00
0.355660	124.00
0.355680	124.00
0.355700	124.00
0.355720	124.00
0.355740	125.00
0.355760	125.00
0.355780	125.00
0.355800	125.00
0.355820	125.00
0.355840	125.00
0.355860	126.00
0.355880	126.00
0.355900	126.00
0.355920	126.00
0.355940	126.00
0.355960	126.00
0.355980	125.00
0.356000	125.00
0.356020	125.00
0.356040	125.00
0.356060	124.00
0.356080	124.00
0.356100	125.00
0.356120	125.00
0.356140	125.00
0.356160	125.00
0.356180	125.00
0.356200	125.00
0.356220	125.00
0.356240	125.00
0.356260	125.00
0.356280	125.00
0.356300	124.00
0.356320	124.00
0.356340	125.00
0.356360	125.00
0.356380	125.00
0.356400	125.00
0.356420	125.00
0.356440	125.00
0.356460	125.00
0.356480	125.00
0.356500	125.00
0.356520	125.00
0.356540	125.00
0.356560	126.00
0.356580	126.00
0.356600	126.00
0.356620	126.00
0.356640	125.00
0.356660	126.00
0.356680	126.00
0.356700	125.00
0.356720	124.00
0.356740	123.00
0.356760	122.00
0.356780	122.00
0.356800	123.00
0.356820	123.00
0.356840	124.00
0.356860	125.00
0.356880	125.00
0.356900	126.00
0.356920	126.00
0.356940	127.00
0.356960	128.00
0.356980	129.00
0.357000	129.00
0.357020	129.00
0.357040	128.00
0.357060	127.00
0.357080	126.00
0.357100	124.00
0.357120	122.00
0.357140	120.00
0.357160	119.00
0.357180	118.00
0.357200	118.00
0.357220	118.00
0.357240	118.00
0.357260	120.00
0.357280	122.00
0.357300	125.00
0.357320	128.00
0.357340	130.00
0.357360	132.00
0.357380	134.00
0.357400	135.00
0.357420	135.00
0.357440	134.00
0.357460	132.00
0.357480	130.00
0.357500	127.00
0.357520	123.00
0.357540	120.00
0.357560	117.00
0.357580	116.00
0.357600	114.00
0.357620	114.00
0.357640	114.00
0.357660	115.00
0.357680	117.00
0.357700	120.00
0.357720	124.00
0.357740	127.00
0.357760	130.00
0.357780	133.00
0.357800	134.00
0.357820	135.00
0.357840	135.00
0.357860	135.00
0.357880	133.00
0.357900	131.00
0.357920	128.00
0.357940	125.00
0.357960	122.00
0.357980	120.00
0.358000	119.00
0.358020	118.00
0.358040	117.00
0.358060	117.00
0.358080	118.00
0.358100	119.00
0.358120	121.00
0.358140	123.00
0.358160	124.00
0.358180	126.00
0.358200	128.00
0.358220	129.00
0.358240	130.00
0.358260	130.00
0.358280	130.00
0.358300	129.00
0.358320	128.00
0.358340	127.00
0.358360	126.00
0.358380	124.00
0.358400	123.00
0.358420	122.00
0.358440	122.00
0.358460	122.00
0.358480	122.00
0.358500	122.00
0.358520	123.00
0.358540	123.00
0.358560	124.00
0.358580	124.00
0.358600	125.00
0.358620	126.00
0.358640	127.00
0.358660	127.00
0.358680	127.00
0.358700	127.00
0.358720	126.00
0.358740	126.00
0.358760	126.00
0.358780	125.00
0.358800	124.00
0.358820	124.00
0.358840	124.00
0.358860	124.00
0.358880	124.00
0.358900	123.00
0.358920	123.00
0.358940	123.00
0.358960	124.00
0.358980	125.00
0.359000	125.00
0.359020	125.00
0.359040	125.00
0.359060	125.00
0.359080	125.00
0.359100	126.00
0.359120	126.00
0.359140	126.00
0.359160	126.00
0.359180	125.00
0.359200	125.00
0.359220	124.00
0.359240	124.00
0.359260	124.00
0.359280	124.00
0.359300	124.00
0.359320	124.00
0.359340	124.00
0.359360	125.00
0.359380	125.00
0.359400	125.00
0.359420	125.00
0.359440	125.00
0.359460	126.00
0.359480	126.00
0.359500	126.00
0.359520	126.00
0.359540	125.00
0.359560	125.00
0.359580	125.00
0.359600	125.00
0.359620	125.00
0.359640	124.00
0.359660	124.00
0.359680	124.00
0.359700	124.00
0.359720	124.00
0.359740	124.00
0.359760	124.00
0.359780	125.00
0.359800	125.00
0.359820	125.00
0.359840	125.00
0.359860	125.00
0.359880	125.00
0.359900	125.00
0.359920	125.00
0.359940	125.00
0.359960	125.00
0.359980	126.00
