0.320000	101.00
0.320020	49.00
0.320040	101.00
0.320060	140.00
0.320080	143.00
0.320100	125.00
0.320120	112.00
0.320140	118.00
0.320160	131.00
0.320180	134.00
0.320200	125.00
0.320220	118.00
0.320240	121.00
0.320260	128.00
0.320280	130.00
0.320300	125.00
0.320320	120.00
0.320340	122.00
0.320360	127.00
0.320380	128.00
0.320400	124.00
0.320420	121.00
0.320440	122.00
0.320460	126.00
0.320480	127.00
0.320500	124.00
0.320520	122.00
0.320540	123.00
0.320560	127.00
0.320580	128.00
0.320600	125.00
0.320620	123.00
0.320640	124.00
0.320660	127.00
0.320680	128.00
0.320700	125.00
0.320720	123.00
0.320740	123.00
0.320760	126.00
0.320780	127.00
0.320800	125.00
0.320820	123.00
0.320840	124.00
0.320860	125.00
0.320880	126.00
0.320900	124.00
0.320920	123.00
0.320940	124.00
0.320960	126.00
0.320980	127.00
0.321000	125.00
0.321020	124.00
0.321040	124.00
0.321060	126.00
0.321080	127.00
0.321100	125.00
0.321120	123.00
0.321140	123.00
0.321160	125.00
0.321180	125.00
0.321200	124.00
0.321220	123.00
0.321240	124.00
0.321260	126.00
0.321280	126.00
0.321300	125.00
0.321320	124.00
0.321340	124.00
0.321360	126.00
0.321380	126.00
0.321400	125.00
0.321420	123.00
0.321440	124.00
0.321460	125.00
0.321480	126.00
0.321500	125.00
0.321520	124.00
0.321540	125.00
0.321560	126.00
0.321580	126.00
0.321600	125.00
0.321620	124.00
0.321640	124.00
0.321660	125.00
0.321680	125.00
0.321700	124.00
0.321720	123.00
0.321740	124.00
0.321760	125.00
0.321780	126.00
0.321800	125.00
0.321820	124.00
0.321840	124.00
0.321860	126.00
0.321880	126.00
0.321900	125.00
0.321920	124.00
0.321940	125.00
0.321960	126.00
0.321980	126.00
0.322000	125.00
0.322020	124.00
0.322040	124.00
0.322060	125.00
0.322080	126.00
0.322100	125.00
0.322120	124.00
0.322140	124.00
0.322160	125.00
0.322180	126.00
0.322200	125.00
0.322220	124.00
0.322240	124.00
0.322260	125.00
0.322280	125.00
0.322300	124.00
0.322320	124.00
0.322340	124.00
0.322360	125.00
0.322380	126.00
0.322400	126.00
0.322420	125.00
0.322440	125.00
0.322460	125.00
0.322480	126.00
0.322500	125.00
0.322520	124.00
0.322540	124.00
0.322560	125.00
0.322580	126.00
0.322600	125.00
0.322620	124.00
0.322640	124.00
0.322660	124.00
0.322680	125.00
0.322700	125.00
0.322720	125.00
0.322740	125.00
0.322760	125.00
0.322780	125.00
0.322800	125.00
0.322820	125.00
0.322840	125.00
0.322860	125.00
0.322880	125.00
0.322900	124.00
0.322920	124.00
0.322940	124.00
0.322960	124.00
0.322980	125.00
0.323000	125.00
0.323020	125.00
0.323040	125.00
0.323060	126.00
0.323080	125.00
0.323100	125.00
0.323120	124.00
0.323140	124.00
0.323160	125.00
0.323180	125.00
0.323200	125.00
0.323220	124.00
0.323240	124.00
0.323260	125.00
0.323280	125.00
0.323300	124.00
0.323320	124.00
0.323340	124.00
0.323360	124.00
0.323380	125.00
0.323400	125.00
0.323420	124.00
0.323440	125.00
0.323460	126.00
0.323480	126.00
0.323500	125.00
0.323520	125.00
0.323540	125.00
0.323560	126.00
0.323580	126.00
0.323600	125.00
0.323620	124.00
0.323640	124.00
0.323660	124.00
0.323680	125.00
0.323700	125.00
0.323720	125.00
0.323740	125.00
0.323760	126.00
0.323780	126.00
0.323800	125.00
0.323820	124.00
0.323840	124.00
0.323860	124.00
0.323880	125.00
0.323900	125.00
0.323920	125.00
0.323940	125.00
0.323960	125.00
0.323980	125.00
0.324000	124.00
0.324020	124.00
0.324040	124.00
0.324060	125.00
0.324080	125.00
0.324100	125.00
0.324120	124.00
0.324140	124.00
0.324160	125.00
0.324180	125.00
0.324200	125.00
0.324220	124.00
0.324240	124.00
0.324260	125.00
0.324280	125.00
0.324300	125.00
0.324320	125.00
0.324340	125.00
0.324360	125.00
0.324380	125.00
0.324400	124.00
0.324420	124.00
0.324440	124.00
0.324460	125.00
0.324480	125.00
0.324500	124.00
0.324520	124.00
0.324540	124.00
0.324560	125.00
0.324580	125.00
0.324600	125.00
0.324620	124.00
0.324640	124.00
0.324660	124.00
0.324680	125.00
0.324700	125.00
0.324720	124.00
0.324740	124.00
0.324760	125.00
0.324780	125.00
0.324800	125.00
0.324820	125.00
0.324840	125.00
0.324860	125.00
0.324880	125.00
0.324900	124.00
0.324920	124.00
0.324940	123.00
0.324960	123.00
0.324980	122.00
0.325000	120.00
0.325020	120.00
0.325040	120.00
0.325060	122.00
0.325080	124.00
0.325100	125.00
0.325120	128.00
0.325140	131.00
0.325160	136.00
0.325180	140.00
0.325200	144.00
0.325220	146.00
0.325240	146.00
0.325260	144.00
0.325280	138.00
0.325300	129.00
0.325320	118.00
0.325340	108.00
0.325360	99.00
0.325380	91.00
0.325400	84.00
0.325420	80.00
0.325440	79.00
0.325460	82.00
0.325480	90.00
0.325500	102.00
0.325520	118.00
0.325540	137.00
0.325560	156.00
0.325580	173.00
0.325600	184.00
0.325620	191.00
0.325640	195.00
0.325660	194.00
0.325680	189.00
0.325700	177.00
0.325720	157.00
0.325740	133.00
0.325760	105.00
0.325780	75.00
0.325800	46.00
0.325820	23.00
0.325840	8.00
0.325860	3.00
0.325880	8.00
0.325900	23.00
0.325920	50.00
0.325940	88.00
0.325960	134.00
0.325980	181.00
0.326000	220.00
0.326020	244.00
0.326040	255.00
0.326060	255.00
0.326080	253.00
0.326100	242.00
0.326120	219.00
0.326140	179.00
0.326160	124.00
0.326180	65.00
0.326200	18.00
0.326220	0.00
0.326240	0.00
0.326260	5.00
0.326280	7.00
0.326300	0.00
0.326320	0.00
0.326340	8.00
0.326360	55.00
0.326380	122.00
0.326400	189.00
0.326420	235.00
0.326440	255.00
0.326460	255.00
0.326480	255.00
0.326500	255.00
0.326520	254.00
0.326540	242.00
0.326560	213.00
0.326580	165.00
0.326600	105.00
0.326620	48.00
0.326640	10.00
0.326660	0.00
0.326680	0.00
0.326700	4.00
0.326720	3.00
0.326740	0.00
0.326760	2.00
0.326780	27.00
0.326800	73.00
0.326820	128.00
0.326840	178.00
0.326860	214.00
0.326880	235.00
0.326900	245.00
0.326920	247.00
0.326940	241.00
0.326960	229.00
0.326980	208.00
0.327000	181.00
0.327020	148.00
0.327040	113.00
0.327060	79.00
0.327080	50.00
0.327100	29.00
0.327120	18.00
0.327140	16.00
0.327160	23.00
0.327180	38.00
0.327200	59.00
0.327220	85.00
0.327240	112.00
0.327260	138.00
0.327280	160.00
0.327300	178.00
0.327320	189.00
0.327340	195.00
0.327360	193.00
0.327380	186.00
0.327400	175.00
0.327420	161.00
0.327440	145.00
0.327460	128.00
0.327480	112.00
0.327500	99.00
0.327520	89.00
0.327540	82.00
0.327560	79.00
0.327580	80.00
0.327600	85.00
0.327620	93.00
0.327640	104.00
0.327660	115.00
0.327680	126.00
0.327700	136.00
0.327720	143.00
0.327740	149.00
0.327760	153.00
0.327780	154.00
0.327800	152.00
0.327820	148.00
0.327840	143.00
0.327860	136.00
0.327880	130.00
0.327900	123.00
0.327920	118.00
0.327940	113.00
0.327960	109.00
0.327980	107.00
0.328000	106.00
0.328020	107.00
0.328040	110.00
0.328060	114.00
0.328080	118.00
0.328100	122.00
0.328120	126.00
0.328140	130.00
0.328160	133.00
0.328180	135.00
0.328200	136.00
0.328220	136.00
0.328240	135.00
0.328260	134.00
0.328280	131.00
0.328300	129.00
0.328320	126.00
0.328340	123.00
0.328360	121.00
0.328380	120.00
0.328400	118.00
0.328420	117.00
0.328440	117.00
0.328460	119.00
0.328480	120.00
0.328500	122.00
0.328520	123.00
0.328540	125.00
0.328560	126.00
0.328580	127.00
0.328600	128.00
0.328620	128.00
0.328640	129.00
0.328660	129.00
0.328680	129.00
0.328700	128.00
0.328720	127.00
0.328740	126.00
0.328760	125.00
0.328780	124.00
0.328800	123.00
0.328820	122.00
0.328840	122.00
0.328860	122.00
0.328880	122.00
0.328900	123.00
0.328920	123.00
0.328940	124.00
0.328960	125.00
0.328980	125.00
0.329000	125.00
0.329020	125.00
0.329040	125.00
0.329060	126.00
0.329080	126.00
0.329100	126.00
0.329120	126.00
0.329140	125.00
0.329160	125.00
0.329180	125.00
0.329200	124.00
0.329220	124.00
0.329240	124.00
0.329260	124.00
0.329280	124.00
0.329300	124.00
0.329320	124.00
0.329340	125.00
0.329360	125.00
0.329380	125.00
0.329400	125.00
0.329420	125.00
0.329440	124.00
0.329460	125.00
0.329480	125.00
0.329500	125.00
0.329520	125.00
0.329540	125.00
0.329560	125.00
0.329580	125.00
0.329600	125.00
0.329620	124.00
0.329640	124.00
0.329660	124.00
0.329680	124.00
0.329700	124.00
0.329720	124.00
0.329740	124.00
0.329760	125.00
0.329780	125.00
0.329800	125.00
0.329820	125.00
0.329840	125.00
0.329860	126.00
0.329880	126.00
0.329900	127.00
0.329920	126.00
0.329940	125.00
0.329960	125.00
0.329980	124.00
0.330000	124.00
0.330020	124.00
0.330040	124.00
0.330060	125.00
0.330080	125.00
0.330100	125.00
0.330120	125.00
0.330140	125.00
0.330160	125.00
0.330180	125.00
0.330200	125.00
0.330220	125.00
0.330240	125.00
0.330260	125.00
0.330280	125.00
0.330300	126.00
0.330320	126.00
0.330340	125.00
0.330360	125.00
0.330380	125.00
0.330400	125.00
0.330420	125.00
0.330440	125.00
0.330460	124.00
0.330480	124.00
0.330500	124.00
0.330520	124.00
0.330540	125.00
0.330560	125.00
0.330580	125.00
0.330600	125.00
0.330620	125.00
0.330640	125.00
0.330660	125.00
0.330680	125.00
0.330700	126.00
0.330720	126.00
0.330740	126.00
0.330760	126.00
0.330780	126.00
0.330800	125.00
0.330820	125.00
0.330840	125.00
0.330860	125.00
0.330880	125.00
0.330900	125.00
0.330920	125.00
0.330940	125.00
0.330960	125.00
0.330980	125.00
0.331000	125.00
0.331020	125.00
0.331040	125.00
0.331060	125.00
0.331080	125.00
0.331100	125.00
0.331120	125.00
0.331140	125.00
0.331160	125.00
0.331180	125.00
0.331200	126.00
0.331220	126.00
0.331240	126.00
0.331260	126.00
0.331280	126.00
0.331300	125.00
0.331320	125.00
0.331340	124.00
0.331360	124.00
0.331380	123.00
0.331400	122.00
0.331420	121.00
0.331440	120.00
0.331460	120.00
0.331480	121.00
0.331500	122.00
0.331520	124.00
0.331540	126.00
0.331560	128.00
0.331580	131.00
0.331600	132.00
0.331620	134.00
0.331640	135.00
0.331660	135.00
0.331680	135.00
0.331700	133.00
0.331720	130.00
0.331740	127.00
0.331760	124.00
0.331780	120.00
0.331800	117.00
0.331820	114.00
0.331840	112.00
0.331860	111.00
0.331880	111.00
0.331900	111.00
0.331920	113.00
0.331940	116.00
0.331960	121.00
0.331980	127.00
0.332000	133.00
0.332020	139.00
0.332040	144.00
0.332060	148.00
0.332080	150.00
0.332100	150.00
0.332120	147.00
0.332140	142.00
0.332160	135.00
0.332180	126.00
0.332200	116.00
0.332220	105.00
0.332240	96.00
0.332260	89.00
0.332280	85.00
0.332300	85.00
0.332320	88.00
0.332340	95.00
0.332360	106.00
0.332380	119.00
0.332400	132.00
0.332420	146.00
0.332440	158.00
0.332460	167.00
0.332480	173.00
0.332500	174.00
0.332520	172.00
0.332540	165.00
0.332560	155.00
0.332580	142.00
0.332600	127.00
0.332620	112.00
0.332640	98.00
0.332660	86.00
0.332680	78.00
0.332700	73.00
0.332720	73.00
0.332740	78.00
0.332760	87.00
0.332780	99.00
0.332800	112.00
0.332820	126.00
0.332840	139.00
0.332860	150.00
0.332880	160.00
0.332900	166.00
0.332920	168.00
0.332940	166.00
0.332960	161.00
0.332980	153.00
0.333000	143.00
0.333020	132.00
0.333040	121.00
0.333060	111.00
0.333080	103.00
0.333100	97.00
0.333120	93.00
0.333140	93.00
0.333160	95.00
0.333180	100.00
0.333200	106.00
0.333220	113.00
0.333240	121.00
0.333260	129.00
0.333280	135.00
0.333300	141.00
0.333320	144.00
0.333340	146.00
0.333360	146.00
0.333380	144.00
0.333400	141.00
0.333420	137.00
0.333440	132.00
0.333460	126.00
0.333480	121.00
0.333500	117.00
0.333520	114.00
0.333540	111.00
0.333560	110.00
0.333580	111.00
0.333600	113.00
0.333620	115.00
0.333640	118.00
0.333660	122.00
0.333680	125.00
0.333700	128.00
0.333720	131.00
0.333740	133.00
0.333760	134.00
0.333780	134.00
0.333800	133.00
0.333820	132.00
0.333840	131.00
0.333860	129.00
0.333880	127.00
0.333900	124.00
0.333920	122.00
0.333940	121.00
0.333960	120.00
0.333980	119.00
0.334000	119.00
0.334020	119.00
0.334040	120.00
0.334060	121.00
0.334080	123.00
0.334100	124.00
0.334120	125.00
0.334140	126.00
0.334160	127.00
0.334180	128.00
0.334200	129.00
0.334220	129.00
0.334240	129.00
0.334260	128.00
0.334280	127.00
0.334300	127.00
0.334320	126.00
0.334340	125.00
0.334360	124.00
0.334380	123.00
0.334400	123.00
0.334420	123.00
0.334440	123.00
0.334460	123.00
0.334480	123.00
0.334500	124.00
0.334520	124.00
0.334540	124.00
0.334560	125.00
0.334580	125.00
0.334600	126.00
0.334620	126.00
0.334640	126.00
0.334660	126.00
0.334680	126.00
0.334700	126.00
0.334720	126.00
0.334740	126.00
0.334760	125.00
0.334780	125.00
0.334800	125.00
0.334820	124.00
0.334840	124.00
0.334860	124.00
0.334880	124.00
0.334900	124.00
0.334920	124.00
0.334940	124.00
0.334960	124.00
0.334980	125.00
0.335000	125.00
0.335020	125.00
0.335040	125.00
0.335060	126.00
0.335080	126.00
0.335100	126.00
0.335120	125.00
0.335140	125.00
0.335160	125.00
0.335180	125.00
0.335200	124.00
0.335220	124.00
0.335240	124.00
0.335260	124.00
0.335280	124.00
0.335300	125.00
0.335320	125.00
0.335340	124.00
0.335360	124.00
0.335380	125.00
0.335400	125.00
0.335420	125.00
0.335440	125.00
0.335460	125.00
0.335480	125.00
0.335500	125.00
0.335520	125.00
0.335540	125.00
0.335560	126.00
0.335580	126.00
0.335600	126.00
0.335620	125.00
0.335640	125.00
0.335660	125.00
0.335680	125.00
0.335700	124.00
0.335720	124.00
0.335740	124.00
0.335760	124.00
0.335780	124.00
0.335800	124.00
0.335820	124.00
0.335840	124.00
0.335860	124.00
0.335880	125.00
0.335900	125.00
0.335920	125.00
0.335940	126.00
0.335960	126.00
0.335980	126.00
0.336000	126.00
0.336020	126.00
0.336040	126.00
0.336060	126.00
0.336080	126.00
0.336100	125.00
0.336120	124.00
0.336140	124.00
0.336160	124.00
0.336180	124.00
0.336200	124.00
0.336220	124.00
0.336240	124.00
0.336260	124.00
0.336280	125.00
0.336300	125.00
0.336320	125.00
0.336340	125.00
0.336360	126.00
0.336380	126.00
0.336400	126.00
0.336420	125.00
0.336440	125.00
0.336460	125.00
0.336480	125.00
0.336500	125.00
0.336520	125.00
0.336540	125.00
0.336560	125.00
0.336580	125.00
0.336600	125.00
0.336620	124.00
0.336640	124.00
0.336660	124.00
0.336680	124.00
0.336700	125.00
0.336720	125.00
0.336740	125.00
0.336760	125.00
0.336780	125.00
0.336800	125.00
0.336820	125.00
0.336840	125.00
0.336860	125.00
0.336880	125.00
0.336900	125.00
0.336920	125.00
0.336940	125.00
0.336960	125.00
0.336980	124.00
0.337000	124.00
0.337020	124.00
0.337040	125.00
0.337060	125.00
0.337080	125.00
0.337100	125.00
0.337120	125.00
0.337140	125.00
0.337160	125.00
0.337180	126.00
0.337200	126.00
0.337220	126.00
0.337240	126.00
0.337260	126.00
0.337280	126.00
0.337300	126.00
0.337320	125.00
0.337340	126.00
0.337360	126.00
0.337380	125.00
0.337400	124.00
0.337420	124.00
0.337440	124.00
0.337460	125.00
0.337480	126.00
0.337500	125.00
0.337520	125.00
0.337540	124.00
0.337560	124.00
0.337580	124.00
0.337600	124.00
0.337620	124.00
0.337640	124.00
0.337660	123.00
0.337680	123.00
0.337700	123.00
0.337720	123.00
0.337740	124.00
0.337760	125.00
0.337780	126.00
0.337800	127.00
0.337820	128.00
0.337840	129.00
0.337860	130.00
0.337880	131.00
0.337900	131.00
0.337920	130.00
0.337940	129.00
0.337960	128.00
0.337980	126.00
0.338000	124.00
0.338020	122.00
0.338040	120.00
0.338060	118.00
0.338080	117.00
0.338100	116.00
0.338120	116.00
0.338140	117.00
0.338160	118.00
0.338180	120.00
0.338200	123.00
0.338220	126.00
0.338240	130.00
0.338260	133.00
0.338280	136.00
0.338300	138.00
0.338320	139.00
0.338340	139.00
0.338360	137.00
0.338380	134.00
0.338400	130.00
0.338420	124.00
0.338440	118.00
0.338460	113.00
0.338480	108.00
0.338500	105.00
0.338520	104.00
0.338540	104.00
0.338560	106.00
0.338580	110.00
0.338600	116.00
0.338620	122.00
0.338640	129.00
0.338660	137.00
0.338680	143.00
0.338700	148.00
0.338720	151.00
0.338740	152.00
0.338760	151.00
0.338780	147.00
0.338800	142.00
0.338820	135.00
0.338840	126.00
0.338860	118.00
0.338880	111.00
0.338900	104.00
0.338920	99.00
0.338940	97.00
0.338960	96.00
0.338980	99.00
0.339000	103.00
0.339020	109.00
0.339040	116.00
0.339060	123.00
0.339080	130.00
0.339100	137.00
0.339120	142.00
0.339140	146.00
0.339160	148.00
0.339180	148.00
0.339200	146.00
0.339220	143.00
0.339240	138.00
0.339260	132.00
0.339280	126.00
0.339300	121.00
0.339320	116.00
0.339340	112.00
0.339360	109.00
0.339380	108.00
0.339400	109.00
0.339420	110.00
0.339440	113.00
0.339460	116.00
0.339480	120.00
0.339500	124.00
0.339520	128.00
0.339540	131.00
0.339560	134.00
0.339580	135.00
0.339600	135.00
0.339620	135.00
0.339640	134.00
0.339660	132.00
0.339680	130.00
0.339700	127.00
0.339720	124.00
0.339740	122.00
0.339760	120.00
0.339780	119.00
0.339800	118.00
0.339820	118.00
0.339840	118.00
0.339860	119.00
0.339880	121.00
0.339900	123.00
0.339920	124.00
0.339940	125.00
0.339960	126.00
0.339980	127.00
0.340000	128.00
0.340020	128.00
0.340040	128.00
0.340060	128.00
0.340080	128.00
0.340100	128.00
0.340120	127.00
0.340140	126.00
0.340160	125.00
0.340180	124.00
0.340200	124.00
0.340220	123.00
0.340240	123.00
0.340260	123.00
0.340280	123.00
0.340300	124.00
0.340320	124.00
0.340340	124.00
0.340360	125.00
0.340380	126.00
0.340400	126.00
0.340420	127.00
0.340440	127.00
0.340460	127.00
0.340480	127.00
0.340500	126.00
0.340520	126.00
0.340540	126.00
0.340560	126.00
0.340580	125.00
0.340600	125.00
0.340620	124.00
0.340640	124.00
0.340660	124.00
0.340680	124.00
0.340700	124.00
0.340720	124.00
0.340740	124.00
0.340760	124.00
0.340780	125.00
0.340800	125.00
0.340820	125.00
0.340840	126.00
0.340860	126.00
0.340880	127.00
0.340900	126.00
0.340920	126.00
0.340940	125.00
0.340960	125.00
0.340980	125.00
0.341000	125.00
0.341020	125.00
0.341040	124.00
0.341060	124.00
0.341080	124.00
0.341100	124.00
0.341120	124.00
0.341140	125.00
0.341160	125.00
0.341180	126.00
0.341200	126.00
0.341220	126.00
0.341240	126.00
0.341260	126.00
0.341280	126.00
0.341300	126.00
0.341320	126.00
0.341340	126.00
0.341360	125.00
0.341380	125.00
0.341400	125.00
0.341420	125.00
0.341440	125.00
0.341460	124.00
0.341480	124.00
0.341500	124.00
0.341520	124.00
0.341540	124.00
0.341560	125.00
0.341580	125.00
0.341600	125.00
0.341620	126.00
0.341640	126.00
0.341660	126.00
0.341680	126.00
0.341700	126.00
0.341720	126.00
0.341740	126.00
0.341760	126.00
0.341780	126.00
0.341800	126.00
0.341820	125.00
0.341840	125.00
0.341860	125.00
0.341880	124.00
0.341900	124.00
0.341920	124.00
0.341940	124.00
0.341960	124.00
0.341980	124.00
0.342000	124.00
0.342020	124.00
0.342040	124.00
0.342060	125.00
0.342080	126.00
0.342100	126.00
0.342120	126.00
0.342140	126.00
0.342160	125.00
0.342180	125.00
0.342200	125.00
0.342220	125.00
0.342240	125.00
0.342260	125.00
0.342280	125.00
0.342300	125.00
0.342320	125.00
0.342340	125.00
0.342360	125.00
0.342380	125.00
0.342400	125.00
0.342420	125.00
0.342440	124.00
0.342460	124.00
0.342480	124.00
0.342500	125.00
0.342520	125.00
0.342540	125.00
0.342560	125.00
0.342580	125.00
0.342600	125.00
0.342620	125.00
0.342640	125.00
0.342660	125.00
0.342680	126.00
0.342700	126.00
0.342720	126.00
0.342740	126.00
0.342760	125.00
0.342780	125.00
0.342800	125.00
0.342820	125.00
0.342840	125.00
0.342860	125.00
0.342880	125.00
0.342900	125.00
0.342920	125.00
0.342940	125.00
0.342960	125.00
0.342980	125.00
0.343000	125.00
0.343020	125.00
0.343040	125.00
0.343060	125.00
0.343080	125.00
0.343100	125.00
0.343120	125.00
0.343140	125.00
0.343160	125.00
0.343180	125.00
0.343200	125.00
0.343220	125.00
0.343240	125.00
0.343260	124.00
0.343280	124.00
0.343300	124.00
0.343320	124.00
0.343340	125.00
0.343360	125.00
0.343380	125.00
0.343400	125.00
0.343420	125.00
0.343440	125.00
0.343460	125.00
0.343480	125.00
0.343500	125.00
0.343520	125.00
0.343540	125.00
0.343560	125.00
0.343580	125.00
0.343600	125.00
0.343620	125.00
0.343640	125.00
0.343660	124.00
0.343680	124.00
0.343700	124.00
0.343720	125.00
0.343740	125.00
0.343760	125.00
0.343780	125.00
0.343800	124.00
0.343820	124.00
0.343840	124.00
0.343860	124.00
0.343880	124.00
0.343900	124.00
0.343920	124.00
0.343940	124.00
0.343960	124.00
0.343980	125.00
0.344000	125.00
0.344020	126.00
0.344040	127.00
0.344060	127.00
0.344080	128.00
0.344100	128.00
0.344120	128.00
0.344140	128.00
0.344160	128.00
0.344180	127.00
0.344200	126.00
0.344220	124.00
0.344240	123.00
0.344260	122.00
0.344280	121.00
0.344300	120.00
0.344320	119.00
0.344340	119.00
0.344360	119.00
0.344380	120.00
0.344400	121.00
0.344420	123.00
0.344440	125.00
0.344460	127.00
0.344480	129.00
0.344500	132.00
0.344520	134.00
0.344540	134.00
0.344560	135.00
0.344580	134.00
0.344600	133.00
0.344620	131.00
0.344640	128.00
0.344660	124.00
0.344680	120.00
0.344700	117.00
0.344720	114.00
0.344740	112.00
0.344760	110.00
0.344780	110.00
0.344800	111.00
0.344820	114.00
0.344840	118.00
0.344860	123.00
0.344880	128.00
0.344900	133.00
0.344920	138.00
0.344940	142.00
0.344960	144.00
0.344980	144.00
0.345000	143.00
0.345020	141.00
0.345040	137.00
0.345060	132.00
0.345080	126.00
0.345100	120.00
0.345120	114.00
0.345140	110.00
0.345160	106.00
0.345180	103.00
0.345200	103.00
0.345220	105.00
0.345240	108.00
0.345260	113.00
0.345280	118.00
0.345300	124.00
0.345320	129.00
0.345340	135.00
0.345360	139.00
0.345380	142.00
0.345400	144.00
0.345420	143.00
0.345440	142.00
0.345460	139.00
0.345480	136.00
0.345500	131.00
0.345520	126.00
0.345540	121.00
0.345560	117.00
0.345580	113.00
0.345600	111.00
0.345620	110.00
0.345640	110.00
0.345660	112.00
0.345680	114.00
0.345700	117.00
0.345720	121.00
0.345740	125.00
0.345760	128.00
0.345780	131.00
0.345800	133.00
0.345820	134.00
0.345840	134.00
0.345860	134.00
0.345880	133.00
0.345900	132.00
0.345920	130.00
0.345940	128.00
0.345960	125.00
0.345980	123.00
0.346000	121.00
0.346020	120.00
0.346040	119.00
0.346060	119.00
0.346080	119.00
0.346100	120.00
0.346120	121.00
0.346140	122.00
0.346160	123.00
0.346180	124.00
0.346200	125.00
0.346220	126.00
0.346240	127.00
0.346260	128.00
0.346280	128.00
0.346300	128.00
0.346320	128.00
0.346340	127.00
0.346360	126.00
0.346380	125.00
0.346400	125.00
0.346420	124.00
0.346440	123.00
0.346460	123.00
0.346480	122.00
0.346500	122.00
0.346520	123.00
0.346540	123.00
0.346560	124.00
0.346580	124.00
0.346600	125.00
0.346620	126.00
0.346640	126.00
0.346660	126.00
0.346680	126.00
0.346700	126.00
0.346720	126.00
0.346740	126.00
0.346760	126.00
0.346780	125.00
0.346800	125.00
0.346820	124.00
0.346840	124.00
0.346860	124.00
0.346880	123.00
0.346900	123.00
0.346920	124.00
0.346940	125.00
0.346960	125.00
0.346980	125.00
0.347000	125.00
0.347020	125.00
0.347040	125.00
0.347060	125.00
0.347080	125.00
0.347100	125.00
0.347120	125.00
0.347140	125.00
0.347160	126.00
0.347180	126.00
0.347200	125.00
0.347220	125.00
0.347240	124.00
0.347260	124.00
0.347280	124.00
0.347300	124.00
0.347320	124.00
0.347340	124.00
0.347360	125.00
0.347380	126.00
0.347400	126.00
0.347420	126.00
0.347440	126.00
0.347460	126.00
0.347480	126.00
0.347500	126.00
0.347520	126.00
0.347540	125.00
0.347560	125.00
0.347580	125.00
0.347600	125.00
0.347620	125.00
0.347640	125.00
0.347660	125.00
0.347680	124.00
0.347700	124.00
0.347720	125.00
0.347740	125.00
0.347760	125.00
0.347780	125.00
0.347800	125.00
0.347820	125.00
0.347840	125.00
0.347860	125.00
0.347880	125.00
0.347900	125.00
0.347920	125.00
0.347940	125.00
0.347960	125.00
0.347980	125.00
0.348000	125.00
0.348020	125.00
0.348040	125.00
0.348060	124.00
0.348080	124.00
0.348100	124.00
0.348120	124.00
0.348140	124.00
0.348160	124.00
0.348180	124.00
0.348200	125.00
0.348220	125.00
0.348240	125.00
0.348260	125.00
0.348280	125.00
0.348300	126.00
0.348320	126.00
0.348340	126.00
0.348360	125.00
0.348380	125.00
0.348400	125.00
0.348420	125.00
0.348440	125.00
0.348460	125.00
0.348480	125.00
0.348500	125.00
0.348520	125.00
0.348540	125.00
0.348560	124.00
0.348580	124.00
0.348600	124.00
0.348620	124.00
0.348640	124.00
0.348660	124.00
0.348680	124.00
0.348700	124.00
0.348720	125.00
0.348740	126.00
0.348760	126.00
0.348780	126.00
0.348800	126.00
0.348820	126.00
0.348840	126.00
0.348860	126.00
0.348880	125.00
0.348900	124.00
0.348920	124.00
0.348940	124.00
0.348960	124.00
0.348980	124.00
0.349000	124.00
0.349020	124.00
0.349040	124.00
0.349060	124.00
0.349080	124.00
0.349100	124.00
0.349120	125.00
0.349140	125.00
0.349160	126.00
0.349180	126.00
0.349200	126.00
0.349220	125.00
0.349240	125.00
0.349260	125.00
0.349280	125.00
0.349300	125.00
0.349320	125.00
0.349340	125.00
0.349360	125.00
0.349380	125.00
0.349400	125.00
0.349420	124.00
0.349440	124.00
0.349460	124.00
0.349480	124.00
0.349500	124.00
0.349520	124.00
0.349540	124.00
0.349560	125.00
0.349580	125.00
0.349600	125.00
0.349620	125.00
0.349640	125.00
0.349660	125.00
0.349680	125.00
0.349700	125.00
0.349720	125.00
0.349740	125.00
0.349760	125.00
0.349780	125.00
0.349800	125.00
0.349820	125.00
0.349840	125.00
0.349860	125.00
0.349880	125.00
0.349900	125.00
0.349920	124.00
0.349940	124.00
0.349960	125.00
0.349980	125.00
0.350000	126.00
0.350020	125.00
0.350040	125.00
0.350060	125.00
0.350080	125.00
0.350100	125.00
0.350120	125.00
0.350140	125.00
0.350160	125.00
0.350180	124.00
0.350200	124.00
0.350220	124.00
0.350240	125.00
0.350260	125.00
0.350280	126.00
0.350300	126.00
0.350320	127.00
0.350340	127.00
0.350360	127.00
0.350380	127.00
0.350400	127.00
0.350420	126.00
0.350440	125.00
0.350460	125.00
0.350480	124.00
0.350500	123.00
0.350520	122.00
0.350540	121.00
0.350560	121.00
0.350580	120.00
0.350600	121.00
0.350620	122.00
0.350640	123.00
0.350660	125.00
0.350680	126.00
0.350700	127.00
0.350720	128.00
0.350740	129.00
0.350760	131.00
0.350780	131.00
0.350800	132.00
0.350820	131.00
0.350840	130.00
0.350860	128.00
0.350880	125.00
0.350900	123.00
0.350920	120.00
0.350940	118.00
0.350960	116.00
0.350980	114.00
0.351000	113.00
0.351020	114.00
0.351040	115.00
0.351060	118.00
0.351080	121.00
0.351100	124.00
0.351120	129.00
0.351140	133.00
0.351160	136.00
0.351180	138.00
0.351200	140.00
0.351220	140.00
0.351240	139.00
0.351260	136.00
0.351280	132.00
0.351300	128.00
0.351320	123.00
0.351340	118.00
0.351360	114.00
0.351380	111.00
0.351400	109.00
0.351420	108.00
0.351440	108.00
0.351460	110.00
0.351480	113.00
0.351500	117.00
0.351520	121.00
0.351540	126.00
0.351560	131.00
0.351580	135.00
0.351600	138.00
0.351620	140.00
0.351640	140.00
0.351660	139.00
0.351680	137.00
0.351700	134.00
0.351720	130.00
0.351740	126.00
0.351760	123.00
0.351780	120.00
0.351800	117.00
0.351820	115.00
0.351840	113.00
0.351860	113.00
0.351880	114.00
0.351900	116.00
0.351920	118.00
0.351940	120.00
0.351960	123.00
0.351980	126.00
0.352000	128.00
0.352020	130.00
0.352040	132.00
0.352060	132.00
0.352080	133.00
0.352100	132.00
0.352120	131.00
0.352140	129.00
0.352160	127.00
0.352180	125.00
0.352200	124.00
0.352220	123.00
0.352240	121.00
0.352260	120.00
0.352280	119.00
0.352300	119.00
0.352320	120.00
0.352340	121.00
0.352360	123.00
0.352380	124.00
0.352400	125.00
0.352420	126.00
0.352440	127.00
0.352460	127.00
0.352480	127.00
0.352500	127.00
0.352520	127.00
0.352540	127.00
0.352560	126.00
0.352580	126.00
0.352600	126.00
0.352620	125.00
0.352640	124.00
0.352660	123.00
0.352680	123.00
0.352700	123.00
0.352720	123.00
0.352740	124.00
0.352760	124.00
0.352780	124.00
0.352800	124.00
0.352820	125.00
0.352840	125.00
0.352860	126.00
0.352880	126.00
0.352900	126.00
0.352920	126.00
0.352940	125.00
0.352960	125.00
0.352980	125.00
0.353000	125.00
0.353020	125.00
0.353040	125.00
0.353060	125.00
0.353080	125.00
0.353100	124.00
0.353120	124.00
0.353140	124.00
0.353160	124.00
0.353180	124.00
0.353200	125.00
0.353220	125.00
0.353240	125.00
0.353260	126.00
0.353280	126.00
0.353300	126.00
0.353320	126.00
0.353340	126.00
0.353360	125.00
0.353380	125.00
0.353400	124.00
0.353420	124.00
0.353440	124.00
0.353460	124.00
0.353480	124.00
0.353500	124.00
0.353520	124.00
0.353540	124.00
0.353560	124.00
0.353580	125.00
0.353600	125.00
0.353620	125.00
0.353640	125.00
0.353660	125.00
0.353680	125.00
0.353700	125.00
0.353720	126.00
0.353740	126.00
0.353760	125.00
0.353780	125.00
0.353800	125.00
0.353820	124.00
0.353840	124.00
0.353860	124.00
0.353880	124.00
0.353900	124.00
0.353920	124.00
0.353940	125.00
0.353960	125.00
0.353980	125.00
0.354000	125.00
0.354020	125.00
0.354040	125.00
0.354060	125.00
0.354080	125.00
0.354100	125.00
0.354120	125.00
0.354140	125.00
0.354160	125.00
0.354180	125.00
0.354200	125.00
0.354220	125.00
0.354240	125.00
0.354260	124.00
0.354280	124.00
0.354300	124.00
0.354320	124.00
0.354340	124.00
0.354360	124.00
0.354380	124.00
0.354400	125.00
0.354420	125.00
0.354440	126.00
0.354460	126.00
0.354480	126.00
0.354500	126.00
0.354520	126.00
0.354540	126.00
0.354560	125.00
0.354580	125.00
0.354600	125.00
0.354620	126.00
0.354640	126.00
0.354660	125.00
0.354680	124.00
0.354700	124.00
0.354720	124.00
0.354740	124.00
0.354760	124.00
0.354780	124.00
0.354800	124.00
0.354820	124.00
0.354840	124.00
0.354860	124.00
0.354880	124.00
0.354900	124.00
0.354920	125.00
0.354940	126.00
0.354960	126.00
0.354980	126.00
0.355000	126.00
0.355020	126.00
0.355040	126.00
0.355060	126.00
0.355080	125.00
0.355100	125.00
0.355120	125.00
0.355140	124.00
0.355160	124.00
0.355180	124.00
0.355200	124.00
0.355220	124.00
0.355240	124.00
0.355260	124.00
0.355280	124.00
0.355300	124.00
0.355320	125.00
0.355340	126.00
0.355360	126.00
0.355380	126.00
0.355400	125.00
0.355420	125.00
0.355440	125.00
0.355460	125.00
0.355480	125.00
0.355500	125.00
0.355520	124.00
0.355540	124.00
0.355560	124.00
0.355580	124.00
0.355600	124.00
0.355620	124.00
0.355640	124.00
0.355660	124.00
0.355680	125.00
0.355700	125.00
0.355720	125.00
0.355740	126.00
0.355760	126.00
0.355780	126.00
0.355800	126.00
0.355820	125.00
0.355840	125.00
0.355860	125.00
0.355880	125.00
0.355900	125.00
0.355920	125.00
0.355940	125.00
0.355960	125.00
0.355980	125.00
0.356000	125.00
0.356020	125.00
0.356040	124.00
0.356060	124.00
0.356080	125.00
0.356100	125.00
0.356120	125.00
0.356140	125.00
0.356160	125.00
0.356180	125.00
0.356200	125.00
0.356220	125.00
0.356240	125.00
0.356260	125.00
0.356280	125.00
0.356300	124.00
0.356320	124.00
0.356340	124.00
0.356360	124.00
0.356380	124.00
0.356400	124.00
0.356420	124.00
0.356440	123.00
0.356460	124.00
0.356480	125.00
0.356500	125.00
0.356520	126.00
0.356540	126.00
0.356560	126.00
0.356580	126.00
0.356600	126.00
0.356620	126.00
0.356640	126.00
0.356660	126.00
0.356680	125.00
0.356700	124.00
0.356720	123.00
0.356740	122.00
0.356760	122.00
0.356780	122.00
0.356800	122.00
0.356820	122.00
0.356840	122.00
0.356860	123.00
0.356880	124.00
0.356900	125.00
0.356920	126.00
0.356940	126.00
0.356960	127.00
0.356980	128.00
0.357000	129.00
0.357020	129.00
0.357040	129.00
0.357060	129.00
0.357080	128.00
0.357100	127.00
0.357120	125.00
0.357140	123.00
0.357160	121.00
0.357180	119.00
0.357200	118.00
0.357220	118.00
0.357240	118.00
0.357260	118.00
0.357280	119.00
0.357300	121.00
0.357320	124.00
0.357340	127.00
0.357360	130.00
0.357380	132.00
0.357400	134.00
0.357420	135.00
0.357440	135.00
0.357460	135.00
0.357480	133.00
0.357500	131.00
0.357520	128.00
0.357540	124.00
0.357560	120.00
0.357580	117.00
0.357600	115.00
0.357620	114.00
0.357640	113.00
0.357660	113.00
0.357680	114.00
0.357700	117.00
0.357720	120.00
0.357740	123.00
0.357760	126.00
0.357780	129.00
0.357800	132.00
0.357820	135.00
0.357840	137.00
0.357860	137.00
0.357880	136.00
0.357900	135.00
0.357920	132.00
0.357940	130.00
0.357960	126.00
0.357980	123.00
0.358000	120.00
0.358020	118.00
0.358040	117.00
0.358060	116.00
0.358080	116.00
0.358100	117.00
0.358120	118.00
0.358140	120.00
0.358160	122.00
0.358180	124.00
0.358200	126.00
0.358220	128.00
0.358240	129.00
0.358260	130.00
0.358280	130.00
0.358300	130.00
0.358320	130.00
0.358340	129.00
0.358360	128.00
0.358380	126.00
0.358400	124.00
0.358420	123.00
0.358440	122.00
0.358460	122.00
0.358480	121.00
0.358500	121.00
0.358520	121.00
0.358540	122.00
0.358560	122.00
0.358580	123.00
0.358600	124.00
0.358620	124.00
0.358640	126.00
0.358660	126.00
0.358680	126.00
0.358700	126.00
0.358720	126.00
0.358740	127.00
0.358760	127.00
0.358780	126.00
0.358800	126.00
0.358820	125.00
0.358840	125.00
0.358860	125.00
0.358880	125.00
0.358900	124.00
0.358920	124.00
0.358940	124.00
0.358960	124.00
0.358980	124.00
0.359000	124.00
0.359020	124.00
0.359040	125.00
0.359060	125.00
0.359080	126.00
0.359100	126.00
0.359120	126.00
0.359140	126.00
0.359160	125.00
0.359180	125.00
0.359200	125.00
0.359220	124.00
0.359240	124.00
0.359260	124.00
0.359280	124.00
0.359300	124.00
0.359320	124.00
0.359340	124.00
0.359360	125.00
0.359380	125.00
0.359400	125.00
0.359420	125.00
0.359440	124.00
0.359460	124.00
0.359480	124.00
0.359500	125.00
0.359520	125.00
0.359540	125.00
0.359560	125.00
0.359580	125.00
0.359600	125.00
0.359620	125.00
0.359640	125.00
0.359660	125.00
0.359680	125.00
0.359700	124.00
0.359720	124.00
0.359740	124.00
0.359760	125.00
0.359780	125.00
0.359800	125.00
0.359820	125.00
0.359840	125.00
0.359860	126.00
0.359880	126.00
0.359900	126.00
0.359920	126.00
0.359940	125.00
0.359960	125.00
0.359980	126.00
