0.320000	101.00
0.320020	49.00
0.320040	101.00
0.320060	140.00
0.320080	143.00
0.320100	125.00
0.320120	113.00
0.320140	119.00
0.320160	131.00
0.320180	134.00
0.320200	125.00
0.320220	118.00
0.320240	121.00
0.320260	129.00
0.320280	131.00
0.320300	125.00
0.320320	120.00
0.320340	122.00
0.320360	128.00
0.320380	129.00
0.320400	125.00
0.320420	122.00
0.320440	123.00
0.320460	127.00
0.320480	128.00
0.320500	125.00
0.320520	122.00
0.320540	123.00
0.320560	126.00
0.320580	128.00
0.320600	125.00
0.320620	123.00
0.320640	124.00
0.320660	126.00
0.320680	127.00
0.320700	124.00
0.320720	122.00
0.320740	124.00
0.320760	127.00
0.320780	127.00
0.320800	125.00
0.320820	123.00
0.320840	124.00
0.320860	126.00
0.320880	127.00
0.320900	125.00
0.320920	124.00
0.320940	124.00
0.320960	126.00
0.320980	127.00
0.321000	125.00
0.321020	124.00
0.321040	124.00
0.321060	126.00
0.321080	126.00
0.321100	125.00
0.321120	123.00
0.321140	123.00
0.321160	125.00
0.321180	126.00
0.321200	125.00
0.321220	124.00
0.321240	125.00
0.321260	126.00
0.321280	126.00
0.321300	125.00
0.321320	123.00
0.321340	124.00
0.321360	125.00
0.321380	126.00
0.321400	125.00
0.321420	124.00
0.321440	124.00
0.321460	126.00
0.321480	126.00
0.321500	125.00
0.321520	124.00
0.321540	125.00
0.321560	125.00
0.321580	125.00
0.321600	124.00
0.321620	123.00
0.321640	124.00
0.321660	125.00
0.321680	125.00
0.321700	124.00
0.321720	124.00
0.321740	125.00
0.321760	126.00
0.321780	126.00
0.321800	125.00
0.321820	124.00
0.321840	124.00
0.321860	125.00
0.321880	126.00
0.321900	125.00
0.321920	124.00
0.321940	125.00
0.321960	126.00
0.321980	126.00
0.322000	124.00
0.322020	123.00
0.322040	124.00
0.322060	125.00
0.322080	126.00
0.322100	125.00
0.322120	125.00
0.322140	125.00
0.322160	126.00
0.322180	126.00
0.322200	125.00
0.322220	124.00
0.322240	124.00
0.322260	125.00
0.322280	125.00
0.322300	124.00
0.322320	124.00
0.322340	124.00
0.322360	125.00
0.322380	126.00
0.322400	125.00
0.322420	124.00
0.322440	125.00
0.322460	126.00
0.322480	126.00
0.322500	125.00
0.322520	124.00
0.322540	124.00
0.322560	125.00
0.322580	125.00
0.322600	124.00
0.322620	124.00
0.322640	124.00
0.322660	125.00
0.322680	125.00
0.322700	125.00
0.322720	124.00
0.322740	124.00
0.322760	125.00
0.322780	125.00
0.322800	124.00
0.322820	124.00
0.322840	124.00
0.322860	125.00
0.322880	125.00
0.322900	125.00
0.322920	125.00
0.322940	125.00
0.322960	125.00
0.322980	125.00
0.323000	125.00
0.323020	124.00
0.323040	125.00
0.323060	126.00
0.323080	126.00
0.323100	125.00
0.323120	125.00
0.323140	125.00
0.323160	126.00
0.323180	126.00
0.323200	125.00
0.323220	124.00
0.323240	124.00
0.323260	124.00
0.323280	124.00
0.323300	124.00
0.323320	124.00
0.323340	124.00
0.323360	125.00
0.323380	125.00
0.323400	125.00
0.323420	124.00
0.323440	125.00
0.323460	126.00
0.323480	126.00
0.323500	125.00
0.323520	125.00
0.323540	125.00
0.323560	126.00
0.323580	126.00
0.323600	125.00
0.323620	125.00
0.323640	125.00
0.323660	126.00
0.323680	126.00
0.323700	125.00
0.323720	125.00
0.323740	125.00
0.323760	125.00
0.323780	125.00
0.323800	124.00
0.323820	124.00
0.323840	124.00
0.323860	125.00
0.323880	125.00
0.323900	125.00
0.323920	124.00
0.323940	125.00
0.323960	125.00
0.323980	126.00
0.324000	125.00
0.324020	125.00
0.324040	125.00
0.324060	125.00
0.324080	125.00
0.324100	124.00
0.324120	124.00
0.324140	124.00
0.324160	125.00
0.324180	125.00
0.324200	125.00
0.324220	124.00
0.324240	125.00
0.324260	125.00
0.324280	125.00
0.324300	124.00
0.324320	124.00
0.324340	124.00
0.324360	125.00
0.324380	126.00
0.324400	125.00
0.324420	125.00
0.324440	125.00
0.324460	125.00
0.324480	125.00
0.324500	125.00
0.324520	125.00
0.324540	125.00
0.324560	125.00
0.324580	125.00
0.324600	125.00
0.324620	124.00
0.324640	125.00
0.324660	125.00
0.324680	125.00
0.324700	124.00
0.324720	124.00
0.324740	124.00
0.324760	125.00
0.324780	126.00
0.324800	125.00
0.324820	124.00
0.324840	123.00
0.324860	122.00
0.324880	122.00
0.324900	120.00
0.324920	120.00
0.324940	121.00
0.324960	123.00
0.324980	125.00
0.325000	127.00
0.325020	130.00
0.325040	134.00
0.325060	139.00
0.325080	143.00
0.325100	145.00
0.325120	146.00
0.325140	144.00
0.325160	140.00
0.325180	133.00
0.325200	123.00
0.325220	112.00
0.325240	102.00
0.325260	94.00
0.325280	87.00
0.325300	81.00
0.325320	78.00
0.325340	79.00
0.325360	85.00
0.325380	95.00
0.325400	110.00
0.325420	128.00
0.325440	148.00
0.325460	166.00
0.325480	180.00
0.325500	188.00
0.325520	193.00
0.325540	194.00
0.325560	193.00
0.325580	184.00
0.325600	168.00
0.325620	146.00
0.325640	118.00
0.325660	88.00
0.325680	59.00
0.325700	32.00
0.325720	13.00
0.325740	3.00
0.325760	4.00
0.325780	14.00
0.325800	35.00
0.325820	67.00
0.325840	111.00
0.325860	159.00
0.325880	203.00
0.325900	234.00
0.325920	251.00
0.325940	255.00
0.325960	255.00
0.325980	249.00
0.326000	232.00
0.326020	200.00
0.326040	152.00
0.326060	94.00
0.326080	40.00
0.326100	5.00
0.326120	0.00
0.326140	0.00
0.326160	7.00
0.326180	4.00
0.326200	0.00
0.326220	0.00
0.326240	28.00
0.326260	87.00
0.326280	157.00
0.326300	216.00
0.326320	248.00
0.326340	255.00
0.326360	255.00
0.326380	255.00
0.326400	255.00
0.326420	250.00
0.326440	229.00
0.326460	190.00
0.326480	135.00
0.326500	76.00
0.326520	28.00
0.326540	2.00
0.326560	0.00
0.326580	2.00
0.326600	5.00
0.326620	0.00
0.326640	0.00
0.326660	9.00
0.326680	46.00
0.326700	100.00
0.326720	156.00
0.326740	200.00
0.326760	227.00
0.326780	241.00
0.326800	246.00
0.326820	245.00
0.326840	236.00
0.326860	220.00
0.326880	196.00
0.326900	165.00
0.326920	131.00
0.326940	96.00
0.326960	64.00
0.326980	39.00
0.327000	23.00
0.327020	17.00
0.327040	19.00
0.327060	30.00
0.327080	48.00
0.327100	72.00
0.327120	99.00
0.327140	125.00
0.327160	150.00
0.327180	170.00
0.327200	184.00
0.327220	192.00
0.327240	194.00
0.327260	191.00
0.327280	182.00
0.327300	169.00
0.327320	153.00
0.327340	136.00
0.327360	120.00
0.327380	105.00
0.327400	93.00
0.327420	85.00
0.327440	81.00
0.327460	80.00
0.327480	83.00
0.327500	89.00
0.327520	98.00
0.327540	109.00
0.327560	120.00
0.327580	130.00
0.327600	139.00
0.327620	146.00
0.327640	151.00
0.327660	153.00
0.327680	153.00
0.327700	150.00
0.327720	145.00
0.327740	140.00
0.327760	134.00
0.327780	127.00
0.327800	121.00
0.327820	115.00
0.327840	110.00
0.327860	108.00
0.327880	107.00
0.327900	108.00
0.327920	109.00
0.327940	112.00
0.327960	115.00
0.327980	120.00
0.328000	125.00
0.328020	129.00
0.328040	132.00
0.328060	134.00
0.328080	136.00
0.328100	136.00
0.328120	136.00
0.328140	135.00
0.328160	133.00
0.328180	130.00
0.328200	128.00
0.328220	125.00
0.328240	122.00
0.328260	120.00
0.328280	119.00
0.328300	118.00
0.328320	118.00
0.328340	118.00
0.328360	119.00
0.328380	120.00
0.328400	122.00
0.328420	124.00
0.328440	126.00
0.328460	127.00
0.328480	128.00
0.328500	129.00
0.328520	129.00
0.328540	129.00
0.328560	129.00
0.328580	129.00
0.328600	128.00
0.328620	127.00
0.328640	126.00
0.328660	125.00
0.328680	124.00
0.328700	123.00
0.328720	123.00
0.328740	123.00
0.328760	122.00
0.328780	122.00
0.328800	123.00
0.328820	123.00
0.328840	124.00
0.328860	125.00
0.328880	125.00
0.328900	126.00
0.328920	126.00
0.328940	126.00
0.328960	126.00
0.328980	127.00
0.329000	126.00
0.329020	126.00
0.329040	125.00
0.329060	125.00
0.329080	125.00
0.329100	125.00
0.329120	124.00
0.329140	124.00
0.329160	124.00
0.329180	124.00
0.329200	125.00
0.329220	125.00
0.329240	125.00
0.329260	125.00
0.329280	125.00
0.329300	125.00
0.329320	125.00
0.329340	125.00
0.329360	125.00
0.329380	125.00
0.329400	125.00
0.329420	126.00
0.329440	126.00
0.329460	125.00
0.329480	124.00
0.329500	124.00
0.329520	124.00
0.329540	124.00
0.329560	124.00
0.329580	124.00
0.329600	124.00
0.329620	124.00
0.329640	125.00
0.329660	125.00
0.329680	126.00
0.329700	126.00
0.329720	126.00
0.329740	126.00
0.329760	126.00
0.329780	126.00
0.329800	126.00
0.329820	125.00
0.329840	125.00
0.329860	125.00
0.329880	125.00
0.329900	125.00
0.329920	125.00
0.329940	125.00
0.329960	124.00
0.329980	124.00
0.330000	124.00
0.330020	124.00
0.330040	124.00
0.330060	125.00
0.330080	125.00
0.330100	126.00
0.330120	126.00
0.330140	126.00
0.330160	126.00
0.330180	126.00
0.330200	126.00
0.330220	126.00
0.330240	126.00
0.330260	126.00
0.330280	125.00
0.330300	125.00
0.330320	124.00
0.330340	124.00
0.330360	124.00
0.330380	125.00
0.330400	125.00
0.330420	125.00
0.330440	125.00
0.330460	125.00
0.330480	125.00
0.330500	125.00
0.330520	125.00
0.330540	125.00
0.330560	125.00
0.330580	125.00
0.330600	126.00
0.330620	126.00
0.330640	126.00
0.330660	126.00
0.330680	126.00
0.330700	125.00
0.330720	125.00
0.330740	125.00
0.330760	125.00
0.330780	125.00
0.330800	125.00
0.330820	125.00
0.330840	125.00
0.330860	125.00
0.330880	125.00
0.330900	125.00
0.330920	125.00
0.330940	125.00
0.330960	124.00
0.330980	124.00
0.331000	124.00
0.331020	125.00
0.331040	125.00
0.331060	125.00
0.331080	125.00
0.331100	125.00
0.331120	125.00
0.331140	126.00
0.331160	126.00
0.331180	126.00
0.331200	125.00
0.331220	124.00
0.331240	124.00
0.331260	123.00
0.331280	122.00
0.331300	121.00
0.331320	120.00
0.331340	120.00
0.331360	120.00
0.331380	121.00
0.331400	123.00
0.331420	124.00
0.331440	126.00
0.331460	129.00
0.331480	131.00
0.331500	132.00
0.331520	134.00
0.331540	134.00
0.331560	135.00
0.331580	134.00
0.331600	132.00
0.331620	129.00
0.331640	126.00
0.331660	122.00
0.331680	118.00
0.331700	115.00
0.331720	112.00
0.331740	110.00
0.331760	109.00
0.331780	109.00
0.331800	111.00
0.331820	114.00
0.331840	118.00
0.331860	124.00
0.331880	130.00
0.331900	136.00
0.331920	142.00
0.331940	147.00
0.331960	150.00
0.331980	151.00
0.332000	150.00
0.332020	146.00
0.332040	140.00
0.332060	132.00
0.332080	122.00
0.332100	111.00
0.332120	100.00
0.332140	91.00
0.332160	86.00
0.332180	84.00
0.332200	85.00
0.332220	90.00
0.332240	99.00
0.332260	111.00
0.332280	124.00
0.332300	138.00
0.332320	152.00
0.332340	163.00
0.332360	171.00
0.332380	175.00
0.332400	175.00
0.332420	171.00
0.332440	163.00
0.332460	151.00
0.332480	136.00
0.332500	121.00
0.332520	105.00
0.332540	92.00
0.332560	82.00
0.332580	75.00
0.332600	72.00
0.332620	74.00
0.332640	80.00
0.332660	90.00
0.332680	103.00
0.332700	117.00
0.332720	132.00
0.332740	145.00
0.332760	156.00
0.332780	164.00
0.332800	169.00
0.332820	169.00
0.332840	166.00
0.332860	160.00
0.332880	151.00
0.332900	140.00
0.332920	128.00
0.332940	117.00
0.332960	107.00
0.332980	99.00
0.333000	93.00
0.333020	91.00
0.333040	92.00
0.333060	95.00
0.333080	100.00
0.333100	107.00
0.333120	115.00
0.333140	124.00
0.333160	132.00
0.333180	139.00
0.333200	145.00
0.333220	148.00
0.333240	149.00
0.333260	148.00
0.333280	145.00
0.333300	140.00
0.333320	134.00
0.333340	129.00
0.333360	123.00
0.333380	118.00
0.333400	114.00
0.333420	111.00
0.333440	109.00
0.333460	109.00
0.333480	111.00
0.333500	113.00
0.333520	116.00
0.333540	119.00
0.333560	122.00
0.333580	126.00
0.333600	129.00
0.333620	132.00
0.333640	134.00
0.333660	135.00
0.333680	135.00
0.333700	134.00
0.333720	133.00
0.333740	131.00
0.333760	128.00
0.333780	126.00
0.333800	123.00
0.333820	121.00
0.333840	120.00
0.333860	119.00
0.333880	119.00
0.333900	118.00
0.333920	119.00
0.333940	120.00
0.333960	121.00
0.333980	123.00
0.334000	125.00
0.334020	126.00
0.334040	127.00
0.334060	128.00
0.334080	129.00
0.334100	130.00
0.334120	130.00
0.334140	129.00
0.334160	128.00
0.334180	127.00
0.334200	126.00
0.334220	125.00
0.334240	124.00
0.334260	123.00
0.334280	123.00
0.334300	122.00
0.334320	122.00
0.334340	122.00
0.334360	123.00
0.334380	123.00
0.334400	123.00
0.334420	124.00
0.334440	125.00
0.334460	126.00
0.334480	126.00
0.334500	127.00
0.334520	127.00
0.334540	127.00
0.334560	127.00
0.334580	127.00
0.334600	126.00
0.334620	125.00
0.334640	125.00
0.334660	125.00
0.334680	125.00
0.334700	124.00
0.334720	124.00
0.334740	123.00
0.334760	123.00
0.334780	123.00
0.334800	124.00
0.334820	124.00
0.334840	124.00
0.334860	124.00
0.334880	125.00
0.334900	125.00
0.334920	125.00
0.334940	126.00
0.334960	126.00
0.334980	126.00
0.335000	126.00
0.335020	126.00
0.335040	126.00
0.335060	126.00
0.335080	125.00
0.335100	125.00
0.335120	124.00
0.335140	124.00
0.335160	124.00
0.335180	124.00
0.335200	124.00
0.335220	124.00
0.335240	124.00
0.335260	124.00
0.335280	125.00
0.335300	125.00
0.335320	125.00
0.335340	125.00
0.335360	125.00
0.335380	126.00
0.335400	126.00
0.335420	126.00
0.335440	126.00
0.335460	126.00
0.335480	126.00
0.335500	126.00
0.335520	125.00
0.335540	125.00
0.335560	125.00
0.335580	125.00
0.335600	124.00
0.335620	124.00
0.335640	123.00
0.335660	123.00
0.335680	123.00
0.335700	124.00
0.335720	124.00
0.335740	124.00
0.335760	124.00
0.335780	125.00
0.335800	125.00
0.335820	125.00
0.335840	125.00
0.335860	125.00
0.335880	125.00
0.335900	125.00
0.335920	125.00
0.335940	125.00
0.335960	126.00
0.335980	126.00
0.336000	125.00
0.336020	125.00
0.336040	124.00
0.336060	124.00
0.336080	124.00
0.336100	124.00
0.336120	124.00
0.336140	124.00
0.336160	124.00
0.336180	124.00
0.336200	124.00
0.336220	124.00
0.336240	124.00
0.336260	125.00
0.336280	126.00
0.336300	126.00
0.336320	126.00
0.336340	126.00
0.336360	126.00
0.336380	126.00
0.336400	126.00
0.336420	126.00
0.336440	125.00
0.336460	125.00
0.336480	125.00
0.336500	125.00
0.336520	124.00
0.336540	124.00
0.336560	124.00
0.336580	124.00
0.336600	124.00
0.336620	124.00
0.336640	124.00
0.336660	124.00
0.336680	124.00
0.336700	125.00
0.336720	125.00
0.336740	126.00
0.336760	126.00
0.336780	126.00
0.336800	125.00
0.336820	125.00
0.336840	125.00
0.336860	125.00
0.336880	125.00
0.336900	124.00
0.336920	124.00
0.336940	124.00
0.336960	124.00
0.336980	125.00
0.337000	125.00
0.337020	125.00
0.337040	125.00
0.337060	125.00
0.337080	125.00
0.337100	125.00
0.337120	125.00
0.337140	125.00
0.337160	125.00
0.337180	125.00
0.337200	125.00
0.337220	125.00
0.337240	125.00
0.337260	125.00
0.337280	125.00
0.337300	125.00
0.337320	125.00
0.337340	125.00
0.337360	125.00
0.337380	126.00
0.337400	126.00
0.337420	126.00
0.337440	126.00
0.337460	125.00
0.337480	124.00
0.337500	124.00
0.337520	123.00
0.337540	123.00
0.337560	123.00
0.337580	123.00
0.337600	123.00
0.337620	123.00
0.337640	124.00
0.337660	125.00
0.337680	126.00
0.337700	128.00
0.337720	129.00
0.337740	130.00
0.337760	131.00
0.337780	131.00
0.337800	131.00
0.337820	130.00
0.337840	129.00
0.337860	127.00
0.337880	125.00
0.337900	123.00
0.337920	121.00
0.337940	119.00
0.337960	117.00
0.337980	116.00
0.338000	116.00
0.338020	116.00
0.338040	117.00
0.338060	119.00
0.338080	122.00
0.338100	125.00
0.338120	129.00
0.338140	132.00
0.338160	136.00
0.338180	139.00
0.338200	140.00
0.338220	141.00
0.338240	140.00
0.338260	138.00
0.338280	134.00
0.338300	128.00
0.338320	122.00
0.338340	116.00
0.338360	111.00
0.338380	106.00
0.338400	103.00
0.338420	102.00
0.338440	102.00
0.338460	105.00
0.338480	110.00
0.338500	117.00
0.338520	125.00
0.338540	133.00
0.338560	141.00
0.338580	148.00
0.338600	152.00
0.338620	154.00
0.338640	154.00
0.338660	151.00
0.338680	146.00
0.338700	139.00
0.338720	132.00
0.338740	123.00
0.338760	114.00
0.338780	106.00
0.338800	99.00
0.338820	95.00
0.338840	94.00
0.338860	95.00
0.338880	99.00
0.338900	105.00
0.338920	112.00
0.338940	120.00
0.338960	128.00
0.338980	135.00
0.339000	142.00
0.339020	146.00
0.339040	149.00
0.339060	150.00
0.339080	150.00
0.339100	147.00
0.339120	142.00
0.339140	136.00
0.339160	129.00
0.339180	122.00
0.339200	116.00
0.339220	111.00
0.339240	108.00
0.339260	106.00
0.339280	106.00
0.339300	107.00
0.339320	110.00
0.339340	114.00
0.339360	119.00
0.339380	123.00
0.339400	127.00
0.339420	130.00
0.339440	133.00
0.339460	135.00
0.339480	137.00
0.339500	137.00
0.339520	136.00
0.339540	134.00
0.339560	132.00
0.339580	129.00
0.339600	126.00
0.339620	123.00
0.339640	121.00
0.339660	119.00
0.339680	117.00
0.339700	116.00
0.339720	116.00
0.339740	117.00
0.339760	119.00
0.339780	121.00
0.339800	123.00
0.339820	125.00
0.339840	127.00
0.339860	128.00
0.339880	129.00
0.339900	130.00
0.339920	130.00
0.339940	129.00
0.339960	129.00
0.339980	128.00
0.340000	127.00
0.340020	126.00
0.340040	125.00
0.340060	124.00
0.340080	123.00
0.340100	123.00
0.340120	122.00
0.340140	122.00
0.340160	122.00
0.340180	123.00
0.340200	124.00
0.340220	125.00
0.340240	125.00
0.340260	126.00
0.340280	127.00
0.340300	127.00
0.340320	127.00
0.340340	127.00
0.340360	126.00
0.340380	126.00
0.340400	126.00
0.340420	126.00
0.340440	126.00
0.340460	125.00
0.340480	124.00
0.340500	123.00
0.340520	123.00
0.340540	123.00
0.340560	124.00
0.340580	124.00
0.340600	124.00
0.340620	124.00
0.340640	124.00
0.340660	124.00
0.340680	124.00
0.340700	125.00
0.340720	126.00
0.340740	126.00
0.340760	126.00
0.340780	126.00
0.340800	126.00
0.340820	126.00
0.340840	125.00
0.340860	125.00
0.340880	125.00
0.340900	125.00
0.340920	125.00
0.340940	124.00
0.340960	124.00
0.340980	124.00
0.341000	124.00
0.341020	124.00
0.341040	124.00
0.341060	125.00
0.341080	125.00
0.341100	125.00
0.341120	125.00
0.341140	125.00
0.341160	125.00
0.341180	125.00
0.341200	125.00
0.341220	125.00
0.341240	125.00
0.341260	125.00
0.341280	124.00
0.341300	124.00
0.341320	124.00
0.341340	124.00
0.341360	124.00
0.341380	124.00
0.341400	124.00
0.341420	125.00
0.341440	125.00
0.341460	125.00
0.341480	125.00
0.341500	125.00
0.341520	125.00
0.341540	125.00
0.341560	125.00
0.341580	125.00
0.341600	125.00
0.341620	125.00
0.341640	126.00
0.341660	126.00
0.341680	126.00
0.341700	126.00
0.341720	126.00
0.341740	125.00
0.341760	125.00
0.341780	125.00
0.341800	124.00
0.341820	124.00
0.341840	124.00
0.341860	124.00
0.341880	124.00
0.341900	124.00
0.341920	124.00
0.341940	125.00
0.341960	125.00
0.341980	125.00
0.342000	125.00
0.342020	125.00
0.342040	126.00
0.342060	126.00
0.342080	126.00
0.342100	126.00
0.342120	125.00
0.342140	125.00
0.342160	125.00
0.342180	125.00
0.342200	125.00
0.342220	125.00
0.342240	125.00
0.342260	125.00
0.342280	125.00
0.342300	125.00
0.342320	124.00
0.342340	124.00
0.342360	124.00
0.342380	124.00
0.342400	124.00
0.342420	124.00
0.342440	124.00
0.342460	125.00
0.342480	125.00
0.342500	125.00
0.342520	125.00
0.342540	125.00
0.342560	125.00
0.342580	125.00
0.342600	125.00
0.342620	125.00
0.342640	125.00
0.342660	125.00
0.342680	125.00
0.342700	125.00
0.342720	124.00
0.342740	124.00
0.342760	124.00
0.342780	124.00
0.342800	124.00
0.342820	124.00
0.342840	124.00
0.342860	125.00
0.342880	125.00
0.342900	125.00
0.342920	125.00
0.342940	125.00
0.342960	125.00
0.342980	125.00
0.343000	125.00
0.343020	125.00
0.343040	125.00
0.343060	125.00
0.343080	125.00
0.343100	125.00
0.343120	124.00
0.343140	125.00
0.343160	125.00
0.343180	125.00
0.343200	125.00
0.343220	125.00
0.343240	125.00
0.343260	125.00
0.343280	125.00
0.343300	125.00
0.343320	125.00
0.343340	124.00
0.343360	124.00
0.343380	124.00
0.343400	124.00
0.343420	124.00
0.343440	124.00
0.343460	124.00
0.343480	125.00
0.343500	125.00
0.343520	125.00
0.343540	125.00
0.343560	125.00
0.343580	125.00
0.343600	125.00
0.343620	125.00
0.343640	125.00
0.343660	125.00
0.343680	125.00
0.343700	124.00
0.343720	124.00
0.343740	124.00
0.343760	124.00
0.343780	123.00
0.343800	123.00
0.343820	123.00
0.343840	123.00
0.343860	124.00
0.343880	124.00
0.343900	125.00
0.343920	126.00
0.343940	127.00
0.343960	127.00
0.343980	128.00
0.344000	129.00
0.344020	129.00
0.344040	129.00
0.344060	128.00
0.344080	127.00
0.344100	126.00
0.344120	124.00
0.344140	123.00
0.344160	121.00
0.344180	120.00
0.344200	119.00
0.344220	118.00
0.344240	118.00
0.344260	119.00
0.344280	120.00
0.344300	121.00
0.344320	123.00
0.344340	125.00
0.344360	128.00
0.344380	131.00
0.344400	133.00
0.344420	134.00
0.344440	135.00
0.344460	135.00
0.344480	135.00
0.344500	133.00
0.344520	130.00
0.344540	127.00
0.344560	123.00
0.344580	119.00
0.344600	115.00
0.344620	112.00
0.344640	110.00
0.344660	109.00
0.344680	109.00
0.344700	111.00
0.344720	115.00
0.344740	120.00
0.344760	126.00
0.344780	132.00
0.344800	137.00
0.344820	142.00
0.344840	145.00
0.344860	146.00
0.344880	146.00
0.344900	144.00
0.344920	140.00
0.344940	135.00
0.344960	129.00
0.344980	123.00
0.345000	116.00
0.345020	110.00
0.345040	105.00
0.345060	103.00
0.345080	102.00
0.345100	103.00
0.345120	106.00
0.345140	110.00
0.345160	115.00
0.345180	122.00
0.345200	128.00
0.345220	134.00
0.345240	139.00
0.345260	142.00
0.345280	144.00
0.345300	145.00
0.345320	144.00
0.345340	141.00
0.345360	137.00
0.345380	132.00
0.345400	127.00
0.345420	122.00
0.345440	118.00
0.345460	114.00
0.345480	111.00
0.345500	110.00
0.345520	110.00
0.345540	111.00
0.345560	113.00
0.345580	116.00
0.345600	119.00
0.345620	123.00
0.345640	126.00
0.345660	129.00
0.345680	132.00
0.345700	133.00
0.345720	134.00
0.345740	135.00
0.345760	134.00
0.345780	132.00
0.345800	130.00
0.345820	128.00
0.345840	125.00
0.345860	123.00
0.345880	121.00
0.345900	120.00
0.345920	119.00
0.345940	119.00
0.345960	119.00
0.345980	120.00
0.346000	121.00
0.346020	122.00
0.346040	124.00
0.346060	125.00
0.346080	126.00
0.346100	127.00
0.346120	128.00
0.346140	129.00
0.346160	129.00
0.346180	129.00
0.346200	128.00
0.346220	127.00
0.346240	126.00
0.346260	125.00
0.346280	125.00
0.346300	124.00
0.346320	123.00
0.346340	123.00
0.346360	123.00
0.346380	123.00
0.346400	123.00
0.346420	123.00
0.346440	123.00
0.346460	124.00
0.346480	125.00
0.346500	125.00
0.346520	126.00
0.346540	126.00
0.346560	126.00
0.346580	126.00
0.346600	126.00
0.346620	126.00
0.346640	126.00
0.346660	126.00
0.346680	126.00
0.346700	125.00
0.346720	124.00
0.346740	124.00
0.346760	124.00
0.346780	123.00
0.346800	123.00
0.346820	123.00
0.346840	124.00
0.346860	124.00
0.346880	125.00
0.346900	125.00
0.346920	125.00
0.346940	125.00
0.346960	126.00
0.346980	126.00
0.347000	126.00
0.347020	125.00
0.347040	125.00
0.347060	125.00
0.347080	125.00
0.347100	125.00
0.347120	125.00
0.347140	124.00
0.347160	124.00
0.347180	124.00
0.347200	125.00
0.347220	125.00
0.347240	125.00
0.347260	125.00
0.347280	125.00
0.347300	125.00
0.347320	126.00
0.347340	126.00
0.347360	126.00
0.347380	126.00
0.347400	126.00
0.347420	126.00
0.347440	125.00
0.347460	125.00
0.347480	125.00
0.347500	124.00
0.347520	124.00
0.347540	124.00
0.347560	124.00
0.347580	124.00
0.347600	124.00
0.347620	124.00
0.347640	124.00
0.347660	125.00
0.347680	125.00
0.347700	125.00
0.347720	125.00
0.347740	125.00
0.347760	125.00
0.347780	125.00
0.347800	125.00
0.347820	125.00
0.347840	125.00
0.347860	125.00
0.347880	124.00
0.347900	124.00
0.347920	124.00
0.347940	124.00
0.347960	124.00
0.347980	124.00
0.348000	124.00
0.348020	124.00
0.348040	124.00
0.348060	124.00
0.348080	125.00
0.348100	125.00
0.348120	125.00
0.348140	125.00
0.348160	125.00
0.348180	125.00
0.348200	125.00
0.348220	125.00
0.348240	125.00
0.348260	125.00
0.348280	125.00
0.348300	125.00
0.348320	125.00
0.348340	125.00
0.348360	125.00
0.348380	125.00
0.348400	125.00
0.348420	124.00
0.348440	124.00
0.348460	124.00
0.348480	124.00
0.348500	124.00
0.348520	124.00
0.348540	124.00
0.348560	124.00
0.348580	124.00
0.348600	125.00
0.348620	126.00
0.348640	126.00
0.348660	127.00
0.348680	126.00
0.348700	126.00
0.348720	125.00
0.348740	125.00
0.348760	125.00
0.348780	125.00
0.348800	125.00
0.348820	125.00
0.348840	125.00
0.348860	124.00
0.348880	124.00
0.348900	124.00
0.348920	124.00
0.348940	124.00
0.348960	124.00
0.348980	124.00
0.349000	125.00
0.349020	125.00
0.349040	125.00
0.349060	125.00
0.349080	125.00
0.349100	125.00
0.349120	125.00
0.349140	126.00
0.349160	126.00
0.349180	125.00
0.349200	125.00
0.349220	125.00
0.349240	125.00
0.349260	125.00
0.349280	125.00
0.349300	125.00
0.349320	125.00
0.349340	125.00
0.349360	125.00
0.349380	125.00
0.349400	125.00
0.349420	125.00
0.349440	125.00
0.349460	125.00
0.349480	125.00
0.349500	125.00
0.349520	125.00
0.349540	125.00
0.349560	125.00
0.349580	125.00
0.349600	125.00
0.349620	125.00
0.349640	125.00
0.349660	125.00
0.349680	125.00
0.349700	125.00
0.349720	125.00
0.349740	124.00
0.349760	124.00
0.349780	124.00
0.349800	124.00
0.349820	125.00
0.349840	125.00
0.349860	125.00
0.349880	125.00
0.349900	125.00
0.349920	124.00
0.349940	124.00
0.349960	124.00
0.349980	124.00
0.350000	124.00
0.350020	124.00
0.350040	124.00
0.350060	124.00
0.350080	124.00
0.350100	125.00
0.350120	125.00
0.350140	125.00
0.350160	126.00
0.350180	127.00
0.350200	127.00
0.350220	127.00
0.350240	127.00
0.350260	127.00
0.350280	127.00
0.350300	126.00
0.350320	126.00
0.350340	125.00
0.350360	124.00
0.350380	123.00
0.350400	122.00
0.350420	121.00
0.350440	121.00
0.350460	120.00
0.350480	121.00
0.350500	121.00
0.350520	122.00
0.350540	123.00
0.350560	125.00
0.350580	126.00
0.350600	127.00
0.350620	129.00
0.350640	131.00
0.350660	132.00
0.350680	133.00
0.350700	132.00
0.350720	131.00
0.350740	129.00
0.350760	127.00
0.350780	125.00
0.350800	122.00
0.350820	119.00
0.350840	116.00
0.350860	114.00
0.350880	113.00
0.350900	113.00
0.350920	115.00
0.350940	117.00
0.350960	120.00
0.350980	123.00
0.351000	127.00
0.351020	131.00
0.351040	135.00
0.351060	138.00
0.351080	140.00
0.351100	140.00
0.351120	140.00
0.351140	138.00
0.351160	134.00
0.351180	130.00
0.351200	125.00
0.351220	120.00
0.351240	115.00
0.351260	111.00
0.351280	109.00
0.351300	107.00
0.351320	108.00
0.351340	109.00
0.351360	112.00
0.351380	116.00
0.351400	120.00
0.351420	125.00
0.351440	130.00
0.351460	135.00
0.351480	138.00
0.351500	140.00
0.351520	141.00
0.351540	141.00
0.351560	139.00
0.351580	136.00
0.351600	132.00
0.351620	128.00
0.351640	124.00
0.351660	120.00
0.351680	117.00
0.351700	115.00
0.351720	113.00
0.351740	113.00
0.351760	114.00
0.351780	115.00
0.351800	117.00
0.351820	120.00
0.351840	122.00
0.351860	125.00
0.351880	127.00
0.351900	130.00
0.351920	131.00
0.351940	132.00
0.351960	133.00
0.351980	132.00
0.352000	131.00
0.352020	130.00
0.352040	129.00
0.352060	127.00
0.352080	125.00
0.352100	123.00
0.352120	122.00
0.352140	121.00
0.352160	120.00
0.352180	120.00
0.352200	120.00
0.352220	121.00
0.352240	122.00
0.352260	123.00
0.352280	124.00
0.352300	125.00
0.352320	126.00
0.352340	127.00
0.352360	127.00
0.352380	127.00
0.352400	127.00
0.352420	127.00
0.352440	127.00
0.352460	126.00
0.352480	125.00
0.352500	124.00
0.352520	123.00
0.352540	123.00
0.352560	123.00
0.352580	123.00
0.352600	123.00
0.352620	123.00
0.352640	123.00
0.352660	124.00
0.352680	125.00
0.352700	125.00
0.352720	125.00
0.352740	125.00
0.352760	125.00
0.352780	125.00
0.352800	126.00
0.352820	126.00
0.352840	126.00
0.352860	126.00
0.352880	126.00
0.352900	126.00
0.352920	126.00
0.352940	125.00
0.352960	125.00
0.352980	125.00
0.353000	124.00
0.353020	124.00
0.353040	124.00
0.353060	124.00
0.353080	125.00
0.353100	125.00
0.353120	125.00
0.353140	125.00
0.353160	125.00
0.353180	125.00
0.353200	125.00
0.353220	125.00
0.353240	125.00
0.353260	125.00
0.353280	125.00
0.353300	125.00
0.353320	125.00
0.353340	125.00
0.353360	125.00
0.353380	125.00
0.353400	125.00
0.353420	125.00
0.353440	125.00
0.353460	125.00
0.353480	125.00
0.353500	125.00
0.353520	125.00
0.353540	125.00
0.353560	126.00
0.353580	126.00
0.353600	126.00
0.353620	126.00
0.353640	125.00
0.353660	125.00
0.353680	125.00
0.353700	125.00
0.353720	125.00
0.353740	125.00
0.353760	125.00
0.353780	125.00
0.353800	125.00
0.353820	125.00
0.353840	125.00
0.353860	125.00
0.353880	125.00
0.353900	125.00
0.353920	125.00
0.353940	125.00
0.353960	125.00
0.353980	125.00
0.354000	125.00
0.354020	125.00
0.354040	125.00
0.354060	125.00
0.354080	125.00
0.354100	124.00
0.354120	124.00
0.354140	124.00
0.354160	124.00
0.354180	124.00
0.354200	124.00
0.354220	125.00
0.354240	125.00
0.354260	125.00
0.354280	125.00
0.354300	125.00
0.354320	125.00
0.354340	125.00
0.354360	126.00
0.354380	126.00
0.354400	126.00
0.354420	126.00
0.354440	126.00
0.354460	125.00
0.354480	124.00
0.354500	124.00
0.354520	124.00
0.354540	124.00
0.354560	124.00
0.354580	124.00
0.354600	124.00
0.354620	124.00
0.354640	124.00
0.354660	124.00
0.354680	124.00
0.354700	125.00
0.354720	125.00
0.354740	125.00
0.354760	126.00
0.354780	126.00
0.354800	126.00
0.354820	126.00
0.354840	126.00
0.354860	126.00
0.354880	126.00
0.354900	126.00
0.354920	126.00
0.354940	126.00
0.354960	125.00
0.354980	124.00
0.355000	124.00
0.355020	124.00
0.355040	124.00
0.355060	124.00
0.355080	124.00
0.355100	124.00
0.355120	124.00
0.355140	124.00
0.355160	124.00
0.355180	124.00
0.355200	124.00
0.355220	125.00
0.355240	125.00
0.355260	125.00
0.355280	125.00
0.355300	125.00
0.355320	125.00
0.355340	125.00
0.355360	125.00
0.355380	125.00
0.355400	125.00
0.355420	125.00
0.355440	124.00
0.355460	124.00
0.355480	124.00
0.355500	124.00
0.355520	124.00
0.355540	125.00
0.355560	125.00
0.355580	125.00
0.355600	125.00
0.355620	125.00
0.355640	125.00
0.355660	125.00
0.355680	126.00
0.355700	126.00
0.355720	126.00
0.355740	125.00
0.355760	125.00
0.355780	125.00
0.355800	125.00
0.355820	125.00
0.355840	125.00
0.355860	124.00
0.355880	124.00
0.355900	124.00
0.355920	124.00
0.355940	124.00
0.355960	124.00
0.355980	124.00
0.356000	124.00
0.356020	125.00
0.356040	125.00
0.356060	125.00
0.356080	125.00
0.356100	125.00
0.356120	125.00
0.356140	125.00
0.356160	125.00
0.356180	125.00
0.356200	125.00
0.356220	125.00
0.356240	125.00
0.356260	125.00
0.356280	125.00
0.356300	124.00
0.356320	124.00
0.356340	124.00
0.356360	125.00
0.356380	126.00
0.356400	126.00
0.356420	126.00
0.356440	126.00
0.356460	127.00
0.356480	127.00
0.356500	127.00
0.356520	126.00
0.356540	126.00
0.356560	125.00
0.356580	124.00
0.356600	123.00
0.356620	122.00
0.356640	122.00
0.356660	122.00
0.356680	121.00
0.356700	122.00
0.356720	122.00
0.356740	122.00
0.356760	123.00
0.356780	124.00
0.356800	125.00
0.356820	126.00
0.356840	128.00
0.356860	129.00
0.356880	130.00
0.356900	130.00
0.356920	130.00
0.356940	130.00
0.356960	129.00
0.356980	127.00
0.357000	125.00
0.357020	123.00
0.357040	122.00
0.357060	120.00
0.357080	118.00
0.357100	117.00
0.357120	116.00
0.357140	117.00
0.357160	118.00
0.357180	121.00
0.357200	123.00
0.357220	125.00
0.357240	128.00
0.357260	131.00
0.357280	134.00
0.357300	136.00
0.357320	136.00
0.357340	135.00
0.357360	134.00
0.357380	132.00
0.357400	129.00
0.357420	126.00
0.357440	122.00
0.357460	118.00
0.357480	115.00
0.357500	113.00
0.357520	112.00
0.357540	112.00
0.357560	113.00
0.357580	115.00
0.357600	118.00
0.357620	121.00
0.357640	125.00
0.357660	128.00
0.357680	132.00
0.357700	134.00
0.357720	136.00
0.357740	137.00
0.357760	137.00
0.357780	136.00
0.357800	134.00
0.357820	131.00
0.357840	128.00
0.357860	125.00
0.357880	122.00
0.357900	119.00
0.357920	117.00
0.357940	116.00
0.357960	116.00
0.357980	116.00
0.358000	117.00
0.358020	119.00
0.358040	120.00
0.358060	122.00
0.358080	124.00
0.358100	126.00
0.358120	128.00
0.358140	130.00
0.358160	131.00
0.358180	131.00
0.358200	131.00
0.358220	130.00
0.358240	129.00
0.358260	128.00
0.358280	126.00
0.358300	125.00
0.358320	124.00
0.358340	123.00
0.358360	123.00
0.358380	122.00
0.358400	122.00
0.358420	122.00
0.358440	123.00
0.358460	123.00
0.358480	123.00
0.358500	124.00
0.358520	125.00
0.358540	125.00
0.358560	126.00
0.358580	126.00
0.358600	126.00
0.358620	126.00
0.358640	127.00
0.358660	127.00
0.358680	127.00
0.358700	127.00
0.358720	126.00
0.358740	125.00
0.358760	124.00
0.358780	124.00
0.358800	123.00
0.358820	123.00
0.358840	123.00
0.358860	124.00
0.358880	124.00
0.358900	124.00
0.358920	124.00
0.358940	124.00
0.358960	124.00
0.358980	125.00
0.359000	125.00
0.359020	126.00
0.359040	126.00
0.359060	125.00
0.359080	125.00
0.359100	125.00
0.359120	125.00
0.359140	125.00
0.359160	125.00
0.359180	125.00
0.359200	124.00
0.359220	124.00
0.359240	124.00
0.359260	124.00
0.359280	124.00
0.359300	124.00
0.359320	124.00
0.359340	124.00
0.359360	124.00
0.359380	124.00
0.359400	125.00
0.359420	125.00
0.359440	125.00
0.359460	125.00
0.359480	125.00
0.359500	125.00
0.359520	125.00
0.359540	125.00
0.359560	125.00
0.359580	125.00
0.359600	125.00
0.359620	124.00
0.359640	124.00
0.359660	124.00
0.359680	125.00
0.359700	125.00
0.359720	125.00
0.359740	125.00
0.359760	125.00
0.359780	125.00
0.359800	125.00
0.359820	125.00
0.359840	125.00
0.359860	125.00
0.359880	125.00
0.359900	125.00
0.359920	125.00
0.359940	125.00
0.359960	125.00
0.359980	126.00
