0.320000	101.00
0.320020	49.00
0.320040	101.00
0.320060	140.00
0.320080	143.00
0.320100	124.00
0.320120	112.00
0.320140	117.00
0.320160	130.00
0.320180	133.00
0.320200	124.00
0.320220	117.00
0.320240	121.00
0.320260	128.00
0.320280	130.00
0.320300	125.00
0.320320	120.00
0.320340	122.00
0.320360	128.00
0.320380	129.00
0.320400	125.00
0.320420	121.00
0.320440	122.00
0.320460	126.00
0.320480	128.00
0.320500	124.00
0.320520	121.00
0.320540	122.00
0.320560	126.00
0.320580	128.00
0.320600	125.00
0.320620	122.00
0.320640	123.00
0.320660	126.00
0.320680	127.00
0.320700	125.00
0.320720	123.00
0.320740	123.00
0.320760	125.00
0.320780	126.00
0.320800	125.00
0.320820	123.00
0.320840	124.00
0.320860	126.00
0.320880	126.00
0.320900	124.00
0.320920	123.00
0.320940	123.00
0.320960	126.00
0.320980	127.00
0.321000	126.00
0.321020	124.00
0.321040	123.00
0.321060	125.00
0.321080	126.00
0.321100	125.00
0.321120	124.00
0.321140	124.00
0.321160	125.00
0.321180	126.00
0.321200	125.00
0.321220	124.00
0.321240	124.00
0.321260	126.00
0.321280	127.00
0.321300	125.00
0.321320	124.00
0.321340	124.00
0.321360	125.00
0.321380	126.00
0.321400	125.00
0.321420	124.00
0.321440	124.00
0.321460	125.00
0.321480	125.00
0.321500	125.00
0.321520	124.00
0.321540	124.00
0.321560	125.00
0.321580	125.00
0.321600	125.00
0.321620	124.00
0.321640	125.00
0.321660	126.00
0.321680	126.00
0.321700	125.00
0.321720	124.00
0.321740	125.00
0.321760	126.00
0.321780	126.00
0.321800	125.00
0.321820	125.00
0.321840	125.00
0.321860	125.00
0.321880	125.00
0.321900	125.00
0.321920	124.00
0.321940	124.00
0.321960	125.00
0.321980	126.00
0.322000	125.00
0.322020	125.00
0.322040	125.00
0.322060	125.00
0.322080	125.00
0.322100	125.00
0.322120	124.00
0.322140	125.00
0.322160	126.00
0.322180	126.00
0.322200	125.00
0.322220	124.00
0.322240	124.00
0.322260	125.00
0.322280	125.00
0.322300	125.00
0.322320	124.00
0.322340	124.00
0.322360	125.00
0.322380	125.00
0.322400	125.00
0.322420	124.00
0.322440	124.00
0.322460	125.00
0.322480	125.00
0.322500	125.00
0.322520	124.00
0.322540	124.00
0.322560	125.00
0.322580	125.00
0.322600	125.00
0.322620	124.00
0.322640	124.00
0.322660	125.00
0.322680	125.00
0.322700	124.00
0.322720	124.00
0.322740	124.00
0.322760	124.00
0.322780	125.00
0.322800	125.00
0.322820	124.00
0.322840	124.00
0.322860	125.00
0.322880	125.00
0.322900	124.00
0.322920	124.00
0.322940	124.00
0.322960	124.00
0.322980	125.00
0.323000	125.00
0.323020	125.00
0.323040	125.00
0.323060	125.00
0.323080	125.00
0.323100	125.00
0.323120	125.00
0.323140	125.00
0.323160	125.00
0.323180	125.00
0.323200	125.00
0.323220	124.00
0.323240	125.00
0.323260	126.00
0.323280	126.00
0.323300	125.00
0.323320	124.00
0.323340	124.00
0.323360	125.00
0.323380	125.00
0.323400	125.00
0.323420	124.00
0.323440	124.00
0.323460	125.00
0.323480	125.00
0.323500	125.00
0.323520	124.00
0.323540	124.00
0.323560	124.00
0.323580	125.00
0.323600	124.00
0.323620	124.00
0.323640	124.00
0.323660	124.00
0.323680	125.00
0.323700	125.00
0.323720	124.00
0.323740	124.00
0.323760	125.00
0.323780	126.00
0.323800	125.00
0.323820	125.00
0.323840	125.00
0.323860	125.00
0.323880	126.00
0.323900	125.00
0.323920	125.00
0.323940	124.00
0.323960	124.00
0.323980	125.00
0.324000	124.00
0.324020	124.00
0.324040	124.00
0.324060	124.00
0.324080	125.00
0.324100	125.00
0.324120	125.00
0.324140	125.00
0.324160	125.00
0.324180	125.00
0.324200	124.00
0.324220	124.00
0.324240	124.00
0.324260	125.00
0.324280	126.00
0.324300	126.00
0.324320	125.00
0.324340	124.00
0.324360	125.00
0.324380	125.00
0.324400	125.00
0.324420	124.00
0.324440	124.00
0.324460	125.00
0.324480	125.00
0.324500	125.00
0.324520	125.00
0.324540	125.00
0.324560	125.00
0.324580	125.00
0.324600	125.00
0.324620	125.00
0.324640	125.00
0.324660	125.00
0.324680	125.00
0.324700	125.00
0.324720	124.00
0.324740	124.00
0.324760	124.00
0.324780	125.00
0.324800	124.00
0.324820	124.00
0.324840	123.00
0.324860	123.00
0.324880	123.00
0.324900	121.00
0.324920	120.00
0.324940	120.00
0.324960	121.00
0.324980	122.00
0.325000	124.00
0.325020	125.00
0.325040	128.00
0.325060	132.00
0.325080	137.00
0.325100	141.00
0.325120	145.00
0.325140	147.00
0.325160	147.00
0.325180	144.00
0.325200	136.00
0.325220	126.00
0.325240	115.00
0.325260	105.00
0.325280	96.00
0.325300	89.00
0.325320	83.00
0.325340	79.00
0.325360	79.00
0.325380	84.00
0.325400	92.00
0.325420	105.00
0.325440	123.00
0.325460	142.00
0.325480	161.00
0.325500	176.00
0.325520	186.00
0.325540	192.00
0.325560	195.00
0.325580	194.00
0.325600	187.00
0.325620	173.00
0.325640	153.00
0.325660	127.00
0.325680	98.00
0.325700	67.00
0.325720	38.00
0.325740	17.00
0.325760	5.00
0.325780	3.00
0.325800	10.00
0.325820	28.00
0.325840	57.00
0.325860	98.00
0.325880	146.00
0.325900	191.00
0.325920	227.00
0.325940	248.00
0.325960	255.00
0.325980	255.00
0.326000	251.00
0.326020	238.00
0.326040	212.00
0.326060	168.00
0.326080	111.00
0.326100	53.00
0.326120	10.00
0.326140	0.00
0.326160	0.00
0.326180	7.00
0.326200	6.00
0.326220	0.00
0.326240	0.00
0.326260	14.00
0.326280	67.00
0.326300	138.00
0.326320	202.00
0.326340	242.00
0.326360	255.00
0.326380	255.00
0.326400	255.00
0.326420	255.00
0.326440	253.00
0.326460	237.00
0.326480	203.00
0.326500	151.00
0.326520	92.00
0.326540	39.00
0.326560	7.00
0.326580	0.00
0.326600	0.00
0.326620	4.00
0.326640	1.00
0.326660	0.00
0.326680	5.00
0.326700	36.00
0.326720	85.00
0.326740	141.00
0.326760	189.00
0.326780	221.00
0.326800	238.00
0.326820	245.00
0.326840	246.00
0.326860	239.00
0.326880	225.00
0.326900	203.00
0.326920	174.00
0.326940	140.00
0.326960	105.00
0.326980	72.00
0.327000	45.00
0.327020	26.00
0.327040	17.00
0.327060	17.00
0.327080	26.00
0.327100	43.00
0.327120	65.00
0.327140	91.00
0.327160	118.00
0.327180	143.00
0.327200	164.00
0.327220	181.00
0.327240	191.00
0.327260	194.00
0.327280	191.00
0.327300	184.00
0.327320	172.00
0.327340	158.00
0.327360	141.00
0.327380	124.00
0.327400	108.00
0.327420	96.00
0.327440	87.00
0.327460	81.00
0.327480	79.00
0.327500	81.00
0.327520	87.00
0.327540	96.00
0.327560	106.00
0.327580	117.00
0.327600	128.00
0.327620	137.00
0.327640	145.00
0.327660	151.00
0.327680	153.00
0.327700	153.00
0.327720	151.00
0.327740	147.00
0.327760	142.00
0.327780	135.00
0.327800	128.00
0.327820	122.00
0.327840	116.00
0.327860	112.00
0.327880	108.00
0.327900	107.00
0.327920	107.00
0.327940	109.00
0.327960	112.00
0.327980	115.00
0.328000	119.00
0.328020	123.00
0.328040	127.00
0.328060	131.00
0.328080	133.00
0.328100	135.00
0.328120	136.00
0.328140	136.00
0.328160	135.00
0.328180	133.00
0.328200	131.00
0.328220	128.00
0.328240	126.00
0.328260	124.00
0.328280	121.00
0.328300	119.00
0.328320	118.00
0.328340	118.00
0.328360	118.00
0.328380	118.00
0.328400	119.00
0.328420	121.00
0.328440	123.00
0.328460	125.00
0.328480	127.00
0.328500	127.00
0.328520	128.00
0.328540	129.00
0.328560	130.00
0.328580	130.00
0.328600	129.00
0.328620	128.00
0.328640	127.00
0.328660	126.00
0.328680	125.00
0.328700	124.00
0.328720	123.00
0.328740	123.00
0.328760	123.00
0.328780	123.00
0.328800	123.00
0.328820	123.00
0.328840	124.00
0.328860	125.00
0.328880	125.00
0.328900	125.00
0.328920	126.00
0.328940	126.00
0.328960	126.00
0.328980	126.00
0.329000	126.00
0.329020	126.00
0.329040	126.00
0.329060	126.00
0.329080	125.00
0.329100	124.00
0.329120	124.00
0.329140	124.00
0.329160	124.00
0.329180	124.00
0.329200	124.00
0.329220	124.00
0.329240	124.00
0.329260	124.00
0.329280	125.00
0.329300	125.00
0.329320	125.00
0.329340	126.00
0.329360	126.00
0.329380	126.00
0.329400	126.00
0.329420	126.00
0.329440	126.00
0.329460	126.00
0.329480	125.00
0.329500	125.00
0.329520	124.00
0.329540	124.00
0.329560	125.00
0.329580	124.00
0.329600	124.00
0.329620	124.00
0.329640	125.00
0.329660	125.00
0.329680	125.00
0.329700	125.00
0.329720	125.00
0.329740	125.00
0.329760	126.00
0.329780	126.00
0.329800	126.00
0.329820	126.00
0.329840	126.00
0.329860	126.00
0.329880	126.00
0.329900	125.00
0.329920	125.00
0.329940	125.00
0.329960	125.00
0.329980	125.00
0.330000	125.00
0.330020	125.00
0.330040	125.00
0.330060	125.00
0.330080	125.00
0.330100	124.00
0.330120	124.00
0.330140	125.00
0.330160	125.00
0.330180	125.00
0.330200	125.00
0.330220	125.00
0.330240	126.00
0.330260	126.00
0.330280	125.00
0.330300	125.00
0.330320	125.00
0.330340	125.00
0.330360	126.00
0.330380	125.00
0.330400	125.00
0.330420	124.00
0.330440	124.00
0.330460	124.00
0.330480	124.00
0.330500	124.00
0.330520	124.00
0.330540	124.00
0.330560	125.00
0.330580	125.00
0.330600	125.00
0.330620	125.00
0.330640	125.00
0.330660	125.00
0.330680	125.00
0.330700	125.00
0.330720	125.00
0.330740	125.00
0.330760	125.00
0.330780	125.00
0.330800	124.00
0.330820	124.00
0.330840	124.00
0.330860	124.00
0.330880	124.00
0.330900	124.00
0.330920	124.00
0.330940	125.00
0.330960	125.00
0.330980	125.00
0.331000	125.00
0.331020	125.00
0.331040	125.00
0.331060	125.00
0.331080	125.00
0.331100	125.00
0.331120	125.00
0.331140	125.00
0.331160	126.00
0.331180	126.00
0.331200	126.00
0.331220	125.00
0.331240	124.00
0.331260	124.00
0.331280	123.00
0.331300	123.00
0.331320	122.00
0.331340	121.00
0.331360	121.00
0.331380	121.00
0.331400	121.00
0.331420	122.00
0.331440	124.00
0.331460	126.00
0.331480	129.00
0.331500	131.00
0.331520	133.00
0.331540	134.00
0.331560	135.00
0.331580	135.00
0.331600	134.00
0.331620	132.00
0.331640	130.00
0.331660	127.00
0.331680	123.00
0.331700	119.00
0.331720	115.00
0.331740	112.00
0.331760	110.00
0.331780	109.00
0.331800	109.00
0.331820	110.00
0.331840	113.00
0.331860	116.00
0.331880	122.00
0.331900	128.00
0.331920	134.00
0.331940	141.00
0.331960	146.00
0.331980	150.00
0.332000	151.00
0.332020	150.00
0.332040	147.00
0.332060	142.00
0.332080	134.00
0.332100	125.00
0.332120	114.00
0.332140	103.00
0.332160	94.00
0.332180	87.00
0.332200	84.00
0.332220	84.00
0.332240	88.00
0.332260	96.00
0.332280	107.00
0.332300	120.00
0.332320	134.00
0.332340	148.00
0.332360	160.00
0.332380	169.00
0.332400	175.00
0.332420	176.00
0.332440	173.00
0.332460	166.00
0.332480	154.00
0.332500	140.00
0.332520	125.00
0.332540	109.00
0.332560	96.00
0.332580	84.00
0.332600	76.00
0.332620	72.00
0.332640	73.00
0.332660	78.00
0.332680	87.00
0.332700	99.00
0.332720	113.00
0.332740	127.00
0.332760	141.00
0.332780	154.00
0.332800	163.00
0.332820	168.00
0.332840	169.00
0.332860	167.00
0.332880	162.00
0.332900	154.00
0.332920	143.00
0.332940	132.00
0.332960	120.00
0.332980	110.00
0.333000	101.00
0.333020	95.00
0.333040	92.00
0.333060	91.00
0.333080	93.00
0.333100	98.00
0.333120	105.00
0.333140	113.00
0.333160	122.00
0.333180	130.00
0.333200	137.00
0.333220	143.00
0.333240	146.00
0.333260	148.00
0.333280	148.00
0.333300	145.00
0.333320	141.00
0.333340	136.00
0.333360	131.00
0.333380	126.00
0.333400	121.00
0.333420	116.00
0.333440	112.00
0.333460	110.00
0.333480	109.00
0.333500	109.00
0.333520	112.00
0.333540	115.00
0.333560	118.00
0.333580	122.00
0.333600	125.00
0.333620	129.00
0.333640	132.00
0.333660	134.00
0.333680	135.00
0.333700	135.00
0.333720	134.00
0.333740	133.00
0.333760	131.00
0.333780	129.00
0.333800	126.00
0.333820	124.00
0.333840	122.00
0.333860	121.00
0.333880	120.00
0.333900	119.00
0.333920	119.00
0.333940	120.00
0.333960	121.00
0.333980	122.00
0.334000	123.00
0.334020	124.00
0.334040	126.00
0.334060	127.00
0.334080	128.00
0.334100	129.00
0.334120	129.00
0.334140	129.00
0.334160	129.00
0.334180	128.00
0.334200	127.00
0.334220	126.00
0.334240	126.00
0.334260	125.00
0.334280	124.00
0.334300	123.00
0.334320	122.00
0.334340	122.00
0.334360	122.00
0.334380	122.00
0.334400	123.00
0.334420	123.00
0.334440	124.00
0.334460	125.00
0.334480	125.00
0.334500	126.00
0.334520	126.00
0.334540	126.00
0.334560	126.00
0.334580	126.00
0.334600	126.00
0.334620	126.00
0.334640	126.00
0.334660	126.00
0.334680	125.00
0.334700	125.00
0.334720	124.00
0.334740	124.00
0.334760	124.00
0.334780	124.00
0.334800	124.00
0.334820	124.00
0.334840	124.00
0.334860	124.00
0.334880	125.00
0.334900	125.00
0.334920	125.00
0.334940	126.00
0.334960	126.00
0.334980	127.00
0.335000	127.00
0.335020	127.00
0.335040	127.00
0.335060	126.00
0.335080	125.00
0.335100	124.00
0.335120	124.00
0.335140	124.00
0.335160	124.00
0.335180	124.00
0.335200	123.00
0.335220	123.00
0.335240	123.00
0.335260	124.00
0.335280	124.00
0.335300	124.00
0.335320	125.00
0.335340	125.00
0.335360	126.00
0.335380	126.00
0.335400	126.00
0.335420	126.00
0.335440	126.00
0.335460	127.00
0.335480	127.00
0.335500	127.00
0.335520	126.00
0.335540	126.00
0.335560	126.00
0.335580	125.00
0.335600	125.00
0.335620	124.00
0.335640	124.00
0.335660	124.00
0.335680	124.00
0.335700	124.00
0.335720	124.00
0.335740	124.00
0.335760	125.00
0.335780	125.00
0.335800	125.00
0.335820	125.00
0.335840	125.00
0.335860	126.00
0.335880	126.00
0.335900	126.00
0.335920	126.00
0.335940	126.00
0.335960	126.00
0.335980	126.00
0.336000	125.00
0.336020	125.00
0.336040	125.00
0.336060	125.00
0.336080	125.00
0.336100	124.00
0.336120	124.00
0.336140	124.00
0.336160	124.00
0.336180	124.00
0.336200	124.00
0.336220	124.00
0.336240	124.00
0.336260	125.00
0.336280	125.00
0.336300	126.00
0.336320	126.00
0.336340	126.00
0.336360	126.00
0.336380	126.00
0.336400	126.00
0.336420	126.00
0.336440	125.00
0.336460	125.00
0.336480	125.00
0.336500	125.00
0.336520	125.00
0.336540	124.00
0.336560	124.00
0.336580	125.00
0.336600	125.00
0.336620	125.00
0.336640	125.00
0.336660	125.00
0.336680	125.00
0.336700	125.00
0.336720	125.00
0.336740	125.00
0.336760	125.00
0.336780	125.00
0.336800	125.00
0.336820	125.00
0.336840	125.00
0.336860	125.00
0.336880	125.00
0.336900	125.00
0.336920	125.00
0.336940	125.00
0.336960	125.00
0.336980	125.00
0.337000	125.00
0.337020	125.00
0.337040	124.00
0.337060	124.00
0.337080	124.00
0.337100	124.00
0.337120	125.00
0.337140	125.00
0.337160	125.00
0.337180	125.00
0.337200	125.00
0.337220	126.00
0.337240	126.00
0.337260	126.00
0.337280	126.00
0.337300	125.00
0.337320	125.00
0.337340	125.00
0.337360	125.00
0.337380	126.00
0.337400	126.00
0.337420	125.00
0.337440	125.00
0.337460	125.00
0.337480	125.00
0.337500	124.00
0.337520	124.00
0.337540	123.00
0.337560	123.00
0.337580	123.00
0.337600	122.00
0.337620	122.00
0.337640	122.00
0.337660	123.00
0.337680	125.00
0.337700	126.00
0.337720	127.00
0.337740	128.00
0.337760	129.00
0.337780	130.00
0.337800	131.00
0.337820	130.00
0.337840	130.00
0.337860	128.00
0.337880	127.00
0.337900	125.00
0.337920	123.00
0.337940	121.00
0.337960	119.00
0.337980	118.00
0.338000	117.00
0.338020	116.00
0.338040	116.00
0.338060	117.00
0.338080	118.00
0.338100	121.00
0.338120	124.00
0.338140	127.00
0.338160	131.00
0.338180	135.00
0.338200	138.00
0.338220	140.00
0.338240	141.00
0.338260	140.00
0.338280	138.00
0.338300	135.00
0.338320	130.00
0.338340	124.00
0.338360	118.00
0.338380	112.00
0.338400	107.00
0.338420	104.00
0.338440	102.00
0.338460	102.00
0.338480	104.00
0.338500	109.00
0.338520	115.00
0.338540	122.00
0.338560	130.00
0.338580	138.00
0.338600	145.00
0.338620	151.00
0.338640	154.00
0.338660	155.00
0.338680	153.00
0.338700	149.00
0.338720	142.00
0.338740	134.00
0.338760	125.00
0.338780	116.00
0.338800	108.00
0.338820	101.00
0.338840	96.00
0.338860	94.00
0.338880	94.00
0.338900	97.00
0.338920	103.00
0.338940	110.00
0.338960	118.00
0.338980	126.00
0.339000	133.00
0.339020	139.00
0.339040	145.00
0.339060	149.00
0.339080	150.00
0.339100	149.00
0.339120	146.00
0.339140	142.00
0.339160	137.00
0.339180	131.00
0.339200	124.00
0.339220	118.00
0.339240	113.00
0.339260	110.00
0.339280	108.00
0.339300	107.00
0.339320	108.00
0.339340	110.00
0.339360	113.00
0.339380	117.00
0.339400	122.00
0.339420	126.00
0.339440	130.00
0.339460	133.00
0.339480	136.00
0.339500	137.00
0.339520	137.00
0.339540	136.00
0.339560	134.00
0.339580	132.00
0.339600	130.00
0.339620	126.00
0.339640	123.00
0.339660	121.00
0.339680	119.00
0.339700	118.00
0.339720	117.00
0.339740	118.00
0.339760	118.00
0.339780	119.00
0.339800	120.00
0.339820	122.00
0.339840	124.00
0.339860	126.00
0.339880	127.00
0.339900	128.00
0.339920	129.00
0.339940	129.00
0.339960	129.00
0.339980	129.00
0.340000	128.00
0.340020	127.00
0.340040	126.00
0.340060	125.00
0.340080	124.00
0.340100	123.00
0.340120	123.00
0.340140	122.00
0.340160	122.00
0.340180	122.00
0.340200	122.00
0.340220	123.00
0.340240	124.00
0.340260	124.00
0.340280	125.00
0.340300	126.00
0.340320	126.00
0.340340	127.00
0.340360	127.00
0.340380	127.00
0.340400	127.00
0.340420	127.00
0.340440	126.00
0.340460	126.00
0.340480	125.00
0.340500	125.00
0.340520	124.00
0.340540	123.00
0.340560	123.00
0.340580	123.00
0.340600	123.00
0.340620	123.00
0.340640	124.00
0.340660	124.00
0.340680	124.00
0.340700	125.00
0.340720	125.00
0.340740	125.00
0.340760	126.00
0.340780	126.00
0.340800	126.00
0.340820	126.00
0.340840	126.00
0.340860	125.00
0.340880	125.00
0.340900	124.00
0.340920	124.00
0.340940	124.00
0.340960	124.00
0.340980	124.00
0.341000	124.00
0.341020	124.00
0.341040	124.00
0.341060	124.00
0.341080	125.00
0.341100	126.00
0.341120	126.00
0.341140	126.00
0.341160	125.00
0.341180	125.00
0.341200	125.00
0.341220	125.00
0.341240	125.00
0.341260	125.00
0.341280	125.00
0.341300	125.00
0.341320	125.00
0.341340	125.00
0.341360	125.00
0.341380	124.00
0.341400	124.00
0.341420	124.00
0.341440	124.00
0.341460	125.00
0.341480	125.00
0.341500	125.00
0.341520	125.00
0.341540	125.00
0.341560	125.00
0.341580	126.00
0.341600	126.00
0.341620	126.00
0.341640	125.00
0.341660	125.00
0.341680	125.00
0.341700	125.00
0.341720	125.00
0.341740	125.00
0.341760	125.00
0.341780	125.00
0.341800	125.00
0.341820	125.00
0.341840	125.00
0.341860	124.00
0.341880	124.00
0.341900	124.00
0.341920	124.00
0.341940	124.00
0.341960	125.00
0.341980	125.00
0.342000	125.00
0.342020	125.00
0.342040	125.00
0.342060	125.00
0.342080	125.00
0.342100	125.00
0.342120	125.00
0.342140	125.00
0.342160	125.00
0.342180	125.00
0.342200	125.00
0.342220	125.00
0.342240	125.00
0.342260	125.00
0.342280	125.00
0.342300	125.00
0.342320	125.00
0.342340	125.00
0.342360	125.00
0.342380	124.00
0.342400	124.00
0.342420	124.00
0.342440	125.00
0.342460	125.00
0.342480	125.00
0.342500	125.00
0.342520	125.00
0.342540	125.00
0.342560	125.00
0.342580	125.00
0.342600	125.00
0.342620	126.00
0.342640	126.00
0.342660	126.00
0.342680	126.00
0.342700	126.00
0.342720	126.00
0.342740	126.00
0.342760	126.00
0.342780	125.00
0.342800	124.00
0.342820	124.00
0.342840	124.00
0.342860	124.00
0.342880	124.00
0.342900	124.00
0.342920	125.00
0.342940	125.00
0.342960	125.00
0.342980	126.00
0.343000	126.00
0.343020	125.00
0.343040	125.00
0.343060	125.00
0.343080	125.00
0.343100	125.00
0.343120	125.00
0.343140	125.00
0.343160	125.00
0.343180	124.00
0.343200	124.00
0.343220	125.00
0.343240	125.00
0.343260	125.00
0.343280	125.00
0.343300	124.00
0.343320	124.00
0.343340	124.00
0.343360	124.00
0.343380	124.00
0.343400	125.00
0.343420	125.00
0.343440	125.00
0.343460	125.00
0.343480	125.00
0.343500	125.00
0.343520	125.00
0.343540	125.00
0.343560	125.00
0.343580	125.00
0.343600	125.00
0.343620	125.00
0.343640	125.00
0.343660	125.00
0.343680	125.00
0.343700	125.00
0.343720	125.00
0.343740	125.00
0.343760	125.00
0.343780	124.00
0.343800	124.00
0.343820	124.00
0.343840	123.00
0.343860	124.00
0.343880	124.00
0.343900	125.00
0.343920	125.00
0.343940	126.00
0.343960	126.00
0.343980	127.00
0.344000	128.00
0.344020	128.00
0.344040	128.00
0.344060	128.00
0.344080	128.00
0.344100	127.00
0.344120	126.00
0.344140	125.00
0.344160	124.00
0.344180	122.00
0.344200	120.00
0.344220	119.00
0.344240	118.00
0.344260	118.00
0.344280	118.00
0.344300	119.00
0.344320	121.00
0.344340	123.00
0.344360	125.00
0.344380	128.00
0.344400	130.00
0.344420	132.00
0.344440	134.00
0.344460	136.00
0.344480	136.00
0.344500	135.00
0.344520	134.00
0.344540	131.00
0.344560	127.00
0.344580	123.00
0.344600	119.00
0.344620	116.00
0.344640	113.00
0.344660	111.00
0.344680	109.00
0.344700	109.00
0.344720	110.00
0.344740	113.00
0.344760	118.00
0.344780	124.00
0.344800	129.00
0.344820	135.00
0.344840	140.00
0.344860	144.00
0.344880	147.00
0.344900	147.00
0.344920	145.00
0.344940	141.00
0.344960	136.00
0.344980	130.00
0.345000	124.00
0.345020	118.00
0.345040	112.00
0.345060	107.00
0.345080	104.00
0.345100	102.00
0.345120	103.00
0.345140	105.00
0.345160	109.00
0.345180	114.00
0.345200	120.00
0.345220	126.00
0.345240	132.00
0.345260	138.00
0.345280	142.00
0.345300	144.00
0.345320	145.00
0.345340	144.00
0.345360	142.00
0.345380	138.00
0.345400	134.00
0.345420	129.00
0.345440	124.00
0.345460	119.00
0.345480	115.00
0.345500	113.00
0.345520	111.00
0.345540	110.00
0.345560	111.00
0.345580	113.00
0.345600	115.00
0.345620	119.00
0.345640	122.00
0.345660	126.00
0.345680	129.00
0.345700	132.00
0.345720	134.00
0.345740	135.00
0.345760	135.00
0.345780	134.00
0.345800	133.00
0.345820	131.00
0.345840	129.00
0.345860	127.00
0.345880	124.00
0.345900	122.00
0.345920	120.00
0.345940	119.00
0.345960	119.00
0.345980	119.00
0.346000	119.00
0.346020	120.00
0.346040	121.00
0.346060	123.00
0.346080	125.00
0.346100	126.00
0.346120	127.00
0.346140	128.00
0.346160	128.00
0.346180	129.00
0.346200	129.00
0.346220	129.00
0.346240	128.00
0.346260	127.00
0.346280	125.00
0.346300	124.00
0.346320	123.00
0.346340	123.00
0.346360	123.00
0.346380	122.00
0.346400	122.00
0.346420	122.00
0.346440	122.00
0.346460	123.00
0.346480	124.00
0.346500	125.00
0.346520	126.00
0.346540	126.00
0.346560	126.00
0.346580	126.00
0.346600	126.00
0.346620	126.00
0.346640	125.00
0.346660	125.00
0.346680	125.00
0.346700	125.00
0.346720	125.00
0.346740	125.00
0.346760	124.00
0.346780	124.00
0.346800	124.00
0.346820	124.00
0.346840	124.00
0.346860	124.00
0.346880	124.00
0.346900	124.00
0.346920	124.00
0.346940	124.00
0.346960	125.00
0.346980	125.00
0.347000	125.00
0.347020	125.00
0.347040	125.00
0.347060	125.00
0.347080	125.00
0.347100	125.00
0.347120	125.00
0.347140	125.00
0.347160	125.00
0.347180	125.00
0.347200	125.00
0.347220	125.00
0.347240	125.00
0.347260	125.00
0.347280	125.00
0.347300	125.00
0.347320	125.00
0.347340	125.00
0.347360	125.00
0.347380	125.00
0.347400	125.00
0.347420	126.00
0.347440	126.00
0.347460	125.00
0.347480	125.00
0.347500	125.00
0.347520	124.00
0.347540	124.00
0.347560	124.00
0.347580	124.00
0.347600	124.00
0.347620	124.00
0.347640	124.00
0.347660	124.00
0.347680	124.00
0.347700	124.00
0.347720	125.00
0.347740	125.00
0.347760	125.00
0.347780	126.00
0.347800	126.00
0.347820	125.00
0.347840	125.00
0.347860	125.00
0.347880	125.00
0.347900	125.00
0.347920	125.00
0.347940	125.00
0.347960	125.00
0.347980	125.00
0.348000	124.00
0.348020	124.00
0.348040	124.00
0.348060	124.00
0.348080	124.00
0.348100	125.00
0.348120	125.00
0.348140	125.00
0.348160	125.00
0.348180	125.00
0.348200	125.00
0.348220	126.00
0.348240	126.00
0.348260	126.00
0.348280	125.00
0.348300	125.00
0.348320	125.00
0.348340	125.00
0.348360	124.00
0.348380	124.00
0.348400	124.00
0.348420	125.00
0.348440	125.00
0.348460	124.00
0.348480	124.00
0.348500	124.00
0.348520	124.00
0.348540	124.00
0.348560	124.00
0.348580	124.00
0.348600	124.00
0.348620	125.00
0.348640	126.00
0.348660	126.00
0.348680	126.00
0.348700	126.00
0.348720	126.00
0.348740	126.00
0.348760	126.00
0.348780	126.00
0.348800	126.00
0.348820	125.00
0.348840	125.00
0.348860	125.00
0.348880	125.00
0.348900	124.00
0.348920	124.00
0.348940	124.00
0.348960	124.00
0.348980	124.00
0.349000	124.00
0.349020	124.00
0.349040	125.00
0.349060	125.00
0.349080	125.00
0.349100	125.00
0.349120	125.00
0.349140	125.00
0.349160	125.00
0.349180	125.00
0.349200	125.00
0.349220	125.00
0.349240	125.00
0.349260	125.00
0.349280	125.00
0.349300	125.00
0.349320	125.00
0.349340	124.00
0.349360	124.00
0.349380	125.00
0.349400	125.00
0.349420	125.00
0.349440	125.00
0.349460	125.00
0.349480	125.00
0.349500	125.00
0.349520	125.00
0.349540	125.00
0.349560	125.00
0.349580	125.00
0.349600	125.00
0.349620	125.00
0.349640	125.00
0.349660	125.00
0.349680	125.00
0.349700	125.00
0.349720	125.00
0.349740	125.00
0.349760	125.00
0.349780	125.00
0.349800	125.00
0.349820	124.00
0.349840	124.00
0.349860	125.00
0.349880	125.00
0.349900	126.00
0.349920	125.00
0.349940	125.00
0.349960	124.00
0.349980	125.00
0.350000	125.00
0.350020	125.00
0.350040	125.00
0.350060	125.00
0.350080	124.00
0.350100	124.00
0.350120	125.00
0.350140	125.00
0.350160	125.00
0.350180	125.00
0.350200	126.00
0.350220	127.00
0.350240	127.00
0.350260	127.00
0.350280	127.00
0.350300	127.00
0.350320	127.00
0.350340	126.00
0.350360	125.00
0.350380	124.00
0.350400	123.00
0.350420	122.00
0.350440	121.00
0.350460	121.00
0.350480	121.00
0.350500	121.00
0.350520	121.00
0.350540	122.00
0.350560	123.00
0.350580	124.00
0.350600	126.00
0.350620	128.00
0.350640	130.00
0.350660	131.00
0.350680	132.00
0.350700	132.00
0.350720	132.00
0.350740	132.00
0.350760	130.00
0.350780	128.00
0.350800	125.00
0.350820	122.00
0.350840	120.00
0.350860	117.00
0.350880	115.00
0.350900	113.00
0.350920	113.00
0.350940	114.00
0.350960	116.00
0.350980	119.00
0.351000	122.00
0.351020	126.00
0.351040	130.00
0.351060	135.00
0.351080	138.00
0.351100	140.00
0.351120	141.00
0.351140	140.00
0.351160	138.00
0.351180	135.00
0.351200	131.00
0.351220	126.00
0.351240	121.00
0.351260	116.00
0.351280	112.00
0.351300	109.00
0.351320	107.00
0.351340	107.00
0.351360	108.00
0.351380	111.00
0.351400	114.00
0.351420	118.00
0.351440	123.00
0.351460	128.00
0.351480	133.00
0.351500	137.00
0.351520	139.00
0.351540	140.00
0.351560	140.00
0.351580	139.00
0.351600	137.00
0.351620	133.00
0.351640	129.00
0.351660	125.00
0.351680	121.00
0.351700	118.00
0.351720	116.00
0.351740	114.00
0.351760	113.00
0.351780	113.00
0.351800	114.00
0.351820	116.00
0.351840	118.00
0.351860	121.00
0.351880	124.00
0.351900	127.00
0.351920	130.00
0.351940	132.00
0.351960	133.00
0.351980	133.00
0.352000	133.00
0.352020	131.00
0.352040	130.00
0.352060	128.00
0.352080	127.00
0.352100	125.00
0.352120	123.00
0.352140	122.00
0.352160	120.00
0.352180	120.00
0.352200	120.00
0.352220	120.00
0.352240	121.00
0.352260	122.00
0.352280	123.00
0.352300	124.00
0.352320	125.00
0.352340	125.00
0.352360	126.00
0.352380	127.00
0.352400	128.00
0.352420	128.00
0.352440	128.00
0.352460	127.00
0.352480	127.00
0.352500	127.00
0.352520	126.00
0.352540	125.00
0.352560	125.00
0.352580	124.00
0.352600	123.00
0.352620	123.00
0.352640	123.00
0.352660	124.00
0.352680	124.00
0.352700	125.00
0.352720	125.00
0.352740	125.00
0.352760	125.00
0.352780	125.00
0.352800	126.00
0.352820	126.00
0.352840	126.00
0.352860	126.00
0.352880	126.00
0.352900	126.00
0.352920	125.00
0.352940	124.00
0.352960	124.00
0.352980	124.00
0.353000	124.00
0.353020	124.00
0.353040	124.00
0.353060	124.00
0.353080	124.00
0.353100	125.00
0.353120	125.00
0.353140	125.00
0.353160	125.00
0.353180	125.00
0.353200	125.00
0.353220	125.00
0.353240	125.00
0.353260	125.00
0.353280	126.00
0.353300	126.00
0.353320	126.00
0.353340	125.00
0.353360	125.00
0.353380	125.00
0.353400	124.00
0.353420	125.00
0.353440	125.00
0.353460	125.00
0.353480	125.00
0.353500	125.00
0.353520	125.00
0.353540	125.00
0.353560	125.00
0.353580	125.00
0.353600	125.00
0.353620	125.00
0.353640	125.00
0.353660	125.00
0.353680	125.00
0.353700	125.00
0.353720	124.00
0.353740	124.00
0.353760	124.00
0.353780	124.00
0.353800	124.00
0.353820	124.00
0.353840	124.00
0.353860	124.00
0.353880	125.00
0.353900	125.00
0.353920	125.00
0.353940	125.00
0.353960	125.00
0.353980	125.00
0.354000	125.00
0.354020	125.00
0.354040	125.00
0.354060	125.00
0.354080	125.00
0.354100	125.00
0.354120	125.00
0.354140	125.00
0.354160	124.00
0.354180	124.00
0.354200	124.00
0.354220	124.00
0.354240	124.00
0.354260	124.00
0.354280	124.00
0.354300	124.00
0.354320	125.00
0.354340	125.00
0.354360	126.00
0.354380	126.00
0.354400	126.00
0.354420	126.00
0.354440	126.00
0.354460	126.00
0.354480	126.00
0.354500	126.00
0.354520	126.00
0.354540	126.00
0.354560	125.00
0.354580	124.00
0.354600	124.00
0.354620	123.00
0.354640	123.00
0.354660	124.00
0.354680	124.00
0.354700	125.00
0.354720	125.00
0.354740	125.00
0.354760	126.00
0.354780	126.00
0.354800	126.00
0.354820	126.00
0.354840	126.00
0.354860	126.00
0.354880	126.00
0.354900	126.00
0.354920	126.00
0.354940	126.00
0.354960	125.00
0.354980	125.00
0.355000	125.00
0.355020	124.00
0.355040	124.00
0.355060	124.00
0.355080	124.00
0.355100	124.00
0.355120	124.00
0.355140	124.00
0.355160	124.00
0.355180	124.00
0.355200	125.00
0.355220	125.00
0.355240	125.00
0.355260	125.00
0.355280	125.00
0.355300	125.00
0.355320	126.00
0.355340	126.00
0.355360	126.00
0.355380	126.00
0.355400	126.00
0.355420	125.00
0.355440	125.00
0.355460	125.00
0.355480	125.00
0.355500	125.00
0.355520	125.00
0.355540	125.00
0.355560	125.00
0.355580	125.00
0.355600	124.00
0.355620	124.00
0.355640	124.00
0.355660	124.00
0.355680	125.00
0.355700	125.00
0.355720	125.00
0.355740	125.00
0.355760	125.00
0.355780	125.00
0.355800	125.00
0.355820	124.00
0.355840	124.00
0.355860	125.00
0.355880	125.00
0.355900	125.00
0.355920	125.00
0.355940	124.00
0.355960	124.00
0.355980	124.00
0.356000	125.00
0.356020	125.00
0.356040	125.00
0.356060	125.00
0.356080	124.00
0.356100	125.00
0.356120	125.00
0.356140	125.00
0.356160	125.00
0.356180	125.00
0.356200	125.00
0.356220	125.00
0.356240	125.00
0.356260	125.00
0.356280	124.00
0.356300	124.00
0.356320	124.00
0.356340	124.00
0.356360	124.00
0.356380	125.00
0.356400	125.00
0.356420	125.00
0.356440	126.00
0.356460	126.00
0.356480	126.00
0.356500	126.00
0.356520	126.00
0.356540	126.00
0.356560	126.00
0.356580	126.00
0.356600	125.00
0.356620	124.00
0.356640	123.00
0.356660	122.00
0.356680	121.00
0.356700	121.00
0.356720	122.00
0.356740	123.00
0.356760	123.00
0.356780	124.00
0.356800	124.00
0.356820	125.00
0.356840	126.00
0.356860	128.00
0.356880	129.00
0.356900	130.00
0.356920	131.00
0.356940	131.00
0.356960	130.00
0.356980	129.00
0.357000	128.00
0.357020	126.00
0.357040	124.00
0.357060	122.00
0.357080	120.00
0.357100	118.00
0.357120	117.00
0.357140	117.00
0.357160	117.00
0.357180	118.00
0.357200	120.00
0.357220	122.00
0.357240	125.00
0.357260	128.00
0.357280	131.00
0.357300	133.00
0.357320	135.00
0.357340	136.00
0.357360	136.00
0.357380	135.00
0.357400	133.00
0.357420	130.00
0.357440	127.00
0.357460	123.00
0.357480	119.00
0.357500	116.00
0.357520	114.00
0.357540	113.00
0.357560	112.00
0.357580	113.00
0.357600	115.00
0.357620	117.00
0.357640	121.00
0.357660	124.00
0.357680	128.00
0.357700	131.00
0.357720	134.00
0.357740	136.00
0.357760	136.00
0.357780	136.00
0.357800	135.00
0.357820	134.00
0.357840	132.00
0.357860	130.00
0.357880	126.00
0.357900	123.00
0.357920	120.00
0.357940	118.00
0.357960	117.00
0.357980	117.00
0.358000	117.00
0.358020	117.00
0.358040	118.00
0.358060	121.00
0.358080	123.00
0.358100	125.00
0.358120	127.00
0.358140	129.00
0.358160	130.00
0.358180	131.00
0.358200	131.00
0.358220	131.00
0.358240	130.00
0.358260	129.00
0.358280	128.00
0.358300	127.00
0.358320	126.00
0.358340	124.00
0.358360	123.00
0.358380	122.00
0.358400	121.00
0.358420	121.00
0.358440	121.00
0.358460	121.00
0.358480	122.00
0.358500	123.00
0.358520	123.00
0.358540	124.00
0.358560	125.00
0.358580	125.00
0.358600	125.00
0.358620	126.00
0.358640	127.00
0.358660	127.00
0.358680	127.00
0.358700	126.00
0.358720	126.00
0.358740	125.00
0.358760	124.00
0.358780	124.00
0.358800	124.00
0.358820	124.00
0.358840	124.00
0.358860	124.00
0.358880	124.00
0.358900	124.00
0.358920	124.00
0.358940	124.00
0.358960	124.00
0.358980	125.00
0.359000	126.00
0.359020	126.00
0.359040	126.00
0.359060	125.00
0.359080	125.00
0.359100	125.00
0.359120	125.00
0.359140	125.00
0.359160	125.00
0.359180	125.00
0.359200	125.00
0.359220	125.00
0.359240	125.00
0.359260	124.00
0.359280	124.00
0.359300	125.00
0.359320	125.00
0.359340	125.00
0.359360	125.00
0.359380	125.00
0.359400	125.00
0.359420	125.00
0.359440	125.00
0.359460	125.00
0.359480	125.00
0.359500	125.00
0.359520	125.00
0.359540	125.00
0.359560	125.00
0.359580	125.00
0.359600	125.00
0.359620	125.00
0.359640	125.00
0.359660	125.00
0.359680	125.00
0.359700	125.00
0.359720	125.00
0.359740	125.00
0.359760	125.00
0.359780	125.00
0.359800	125.00
0.359820	125.00
0.359840	125.00
0.359860	125.00
0.359880	125.00
0.359900	125.00
0.359920	124.00
0.359940	124.00
0.359960	124.00
0.359980	126.00
