0.320000	101.00
0.320020	49.00
0.320040	101.00
0.320060	140.00
0.320080	143.00
0.320100	125.00
0.320120	113.00
0.320140	118.00
0.320160	130.00
0.320180	133.00
0.320200	124.00
0.320220	117.00
0.320240	121.00
0.320260	128.00
0.320280	130.00
0.320300	124.00
0.320320	120.00
0.320340	122.00
0.320360	128.00
0.320380	129.00
0.320400	125.00
0.320420	121.00
0.320440	123.00
0.320460	127.00
0.320480	128.00
0.320500	124.00
0.320520	121.00
0.320540	123.00
0.320560	126.00
0.320580	128.00
0.320600	125.00
0.320620	122.00
0.320640	124.00
0.320660	127.00
0.320680	128.00
0.320700	125.00
0.320720	122.00
0.320740	123.00
0.320760	125.00
0.320780	126.00
0.320800	125.00
0.320820	123.00
0.320840	124.00
0.320860	126.00
0.320880	127.00
0.320900	125.00
0.320920	123.00
0.320940	124.00
0.320960	126.00
0.320980	127.00
0.321000	125.00
0.321020	124.00
0.321040	124.00
0.321060	126.00
0.321080	126.00
0.321100	125.00
0.321120	123.00
0.321140	124.00
0.321160	126.00
0.321180	126.00
0.321200	125.00
0.321220	123.00
0.321240	124.00
0.321260	126.00
0.321280	126.00
0.321300	125.00
0.321320	124.00
0.321340	124.00
0.321360	126.00
0.321380	126.00
0.321400	125.00
0.321420	124.00
0.321440	124.00
0.321460	125.00
0.321480	125.00
0.321500	124.00
0.321520	123.00
0.321540	124.00
0.321560	125.00
0.321580	125.00
0.321600	125.00
0.321620	124.00
0.321640	124.00
0.321660	125.00
0.321680	125.00
0.321700	124.00
0.321720	123.00
0.321740	124.00
0.321760	125.00
0.321780	126.00
0.321800	125.00
0.321820	124.00
0.321840	124.00
0.321860	125.00
0.321880	125.00
0.321900	124.00
0.321920	123.00
0.321940	124.00
0.321960	125.00
0.321980	126.00
0.322000	125.00
0.322020	125.00
0.322040	125.00
0.322060	126.00
0.322080	126.00
0.322100	125.00
0.322120	125.00
0.322140	125.00
0.322160	126.00
0.322180	126.00
0.322200	125.00
0.322220	124.00
0.322240	124.00
0.322260	125.00
0.322280	126.00
0.322300	125.00
0.322320	124.00
0.322340	124.00
0.322360	125.00
0.322380	125.00
0.322400	124.00
0.322420	124.00
0.322440	124.00
0.322460	126.00
0.322480	126.00
0.322500	125.00
0.322520	124.00
0.322540	124.00
0.322560	125.00
0.322580	125.00
0.322600	124.00
0.322620	124.00
0.322640	124.00
0.322660	125.00
0.322680	125.00
0.322700	124.00
0.322720	124.00
0.322740	124.00
0.322760	124.00
0.322780	125.00
0.322800	124.00
0.322820	124.00
0.322840	124.00
0.322860	125.00
0.322880	125.00
0.322900	124.00
0.322920	124.00
0.322940	125.00
0.322960	126.00
0.322980	126.00
0.323000	125.00
0.323020	124.00
0.323040	124.00
0.323060	125.00
0.323080	126.00
0.323100	125.00
0.323120	125.00
0.323140	125.00
0.323160	125.00
0.323180	125.00
0.323200	124.00
0.323220	124.00
0.323240	124.00
0.323260	125.00
0.323280	125.00
0.323300	124.00
0.323320	124.00
0.323340	125.00
0.323360	126.00
0.323380	126.00
0.323400	125.00
0.323420	125.00
0.323440	125.00
0.323460	125.00
0.323480	125.00
0.323500	124.00
0.323520	124.00
0.323540	125.00
0.323560	125.00
0.323580	125.00
0.323600	124.00
0.323620	124.00
0.323640	124.00
0.323660	125.00
0.323680	125.00
0.323700	125.00
0.323720	125.00
0.323740	125.00
0.323760	125.00
0.323780	125.00
0.323800	125.00
0.323820	124.00
0.323840	124.00
0.323860	125.00
0.323880	125.00
0.323900	125.00
0.323920	124.00
0.323940	124.00
0.323960	125.00
0.323980	125.00
0.324000	124.00
0.324020	124.00
0.324040	124.00
0.324060	125.00
0.324080	125.00
0.324100	125.00
0.324120	125.00
0.324140	124.00
0.324160	124.00
0.324180	124.00
0.324200	124.00
0.324220	124.00
0.324240	124.00
0.324260	124.00
0.324280	124.00
0.324300	124.00
0.324320	124.00
0.324340	124.00
0.324360	125.00
0.324380	125.00
0.324400	124.00
0.324420	125.00
0.324440	125.00
0.324460	126.00
0.324480	126.00
0.324500	125.00
0.324520	125.00
0.324540	125.00
0.324560	125.00
0.324580	125.00
0.324600	124.00
0.324620	124.00
0.324640	125.00
0.324660	125.00
0.324680	125.00
0.324700	125.00
0.324720	125.00
0.324740	125.00
0.324760	125.00
0.324780	125.00
0.324800	124.00
0.324820	124.00
0.324840	125.00
0.324860	125.00
0.324880	124.00
0.324900	123.00
0.324920	122.00
0.324940	121.00
0.324960	121.00
0.324980	120.00
0.325000	120.00
0.325020	121.00
0.325040	122.00
0.325060	125.00
0.325080	128.00
0.325100	131.00
0.325120	135.00
0.325140	140.00
0.325160	144.00
0.325180	147.00
0.325200	147.00
0.325220	145.00
0.325240	141.00
0.325260	133.00
0.325280	122.00
0.325300	111.00
0.325320	100.00
0.325340	92.00
0.325360	85.00
0.325380	80.00
0.325400	78.00
0.325420	80.00
0.325440	86.00
0.325460	98.00
0.325480	114.00
0.325500	132.00
0.325520	151.00
0.325540	168.00
0.325560	181.00
0.325580	190.00
0.325600	194.00
0.325620	195.00
0.325640	192.00
0.325660	182.00
0.325680	165.00
0.325700	142.00
0.325720	113.00
0.325740	83.00
0.325760	54.00
0.325780	28.00
0.325800	10.00
0.325820	2.00
0.325840	4.00
0.325860	17.00
0.325880	40.00
0.325900	75.00
0.325920	119.00
0.325940	167.00
0.325960	209.00
0.325980	239.00
0.326000	253.00
0.326020	255.00
0.326040	255.00
0.326060	247.00
0.326080	228.00
0.326100	194.00
0.326120	143.00
0.326140	84.00
0.326160	33.00
0.326180	2.00
0.326200	0.00
0.326220	1.00
0.326240	7.00
0.326260	2.00
0.326280	0.00
0.326300	1.00
0.326320	37.00
0.326340	99.00
0.326360	169.00
0.326380	223.00
0.326400	252.00
0.326420	255.00
0.326440	255.00
0.326460	255.00
0.326480	255.00
0.326500	248.00
0.326520	224.00
0.326540	181.00
0.326560	124.00
0.326580	66.00
0.326600	21.00
0.326620	0.00
0.326640	0.00
0.326660	3.00
0.326680	5.00
0.326700	0.00
0.326720	0.00
0.326740	14.00
0.326760	54.00
0.326780	110.00
0.326800	164.00
0.326820	205.00
0.326840	230.00
0.326860	242.00
0.326880	246.00
0.326900	244.00
0.326920	234.00
0.326940	217.00
0.326960	192.00
0.326980	160.00
0.327000	125.00
0.327020	89.00
0.327040	59.00
0.327060	36.00
0.327080	22.00
0.327100	17.00
0.327120	20.00
0.327140	32.00
0.327160	52.00
0.327180	77.00
0.327200	103.00
0.327220	129.00
0.327240	152.00
0.327260	172.00
0.327280	186.00
0.327300	194.00
0.327320	195.00
0.327340	190.00
0.327360	180.00
0.327380	167.00
0.327400	151.00
0.327420	134.00
0.327440	118.00
0.327460	103.00
0.327480	92.00
0.327500	83.00
0.327520	79.00
0.327540	79.00
0.327560	83.00
0.327580	90.00
0.327600	100.00
0.327620	110.00
0.327640	121.00
0.327660	132.00
0.327680	142.00
0.327700	148.00
0.327720	152.00
0.327740	154.00
0.327760	153.00
0.327780	150.00
0.327800	145.00
0.327820	139.00
0.327840	132.00
0.327860	126.00
0.327880	120.00
0.327900	114.00
0.327920	109.00
0.327940	107.00
0.327960	107.00
0.327980	108.00
0.328000	110.00
0.328020	113.00
0.328040	117.00
0.328060	121.00
0.328080	126.00
0.328100	129.00
0.328120	132.00
0.328140	134.00
0.328160	136.00
0.328180	136.00
0.328200	136.00
0.328220	134.00
0.328240	132.00
0.328260	130.00
0.328280	128.00
0.328300	125.00
0.328320	122.00
0.328340	120.00
0.328360	119.00
0.328380	118.00
0.328400	118.00
0.328420	118.00
0.328440	119.00
0.328460	120.00
0.328480	122.00
0.328500	124.00
0.328520	125.00
0.328540	126.00
0.328560	128.00
0.328580	129.00
0.328600	130.00
0.328620	129.00
0.328640	129.00
0.328660	128.00
0.328680	127.00
0.328700	126.00
0.328720	125.00
0.328740	124.00
0.328760	124.00
0.328780	124.00
0.328800	123.00
0.328820	123.00
0.328840	122.00
0.328860	122.00
0.328880	123.00
0.328900	124.00
0.328920	124.00
0.328940	125.00
0.328960	126.00
0.328980	126.00
0.329000	126.00
0.329020	126.00
0.329040	126.00
0.329060	126.00
0.329080	126.00
0.329100	126.00
0.329120	125.00
0.329140	125.00
0.329160	124.00
0.329180	124.00
0.329200	124.00
0.329220	124.00
0.329240	124.00
0.329260	124.00
0.329280	124.00
0.329300	124.00
0.329320	124.00
0.329340	125.00
0.329360	126.00
0.329380	126.00
0.329400	126.00
0.329420	126.00
0.329440	126.00
0.329460	126.00
0.329480	127.00
0.329500	126.00
0.329520	126.00
0.329540	125.00
0.329560	125.00
0.329580	125.00
0.329600	125.00
0.329620	125.00
0.329640	124.00
0.329660	124.00
0.329680	124.00
0.329700	124.00
0.329720	124.00
0.329740	124.00
0.329760	125.00
0.329780	125.00
0.329800	126.00
0.329820	126.00
0.329840	126.00
0.329860	126.00
0.329880	126.00
0.329900	126.00
0.329920	126.00
0.329940	126.00
0.329960	126.00
0.329980	125.00
0.330000	125.00
0.330020	125.00
0.330040	124.00
0.330060	124.00
0.330080	124.00
0.330100	124.00
0.330120	124.00
0.330140	124.00
0.330160	125.00
0.330180	125.00
0.330200	125.00
0.330220	125.00
0.330240	125.00
0.330260	125.00
0.330280	125.00
0.330300	125.00
0.330320	124.00
0.330340	124.00
0.330360	124.00
0.330380	125.00
0.330400	125.00
0.330420	125.00
0.330440	125.00
0.330460	125.00
0.330480	125.00
0.330500	125.00
0.330520	125.00
0.330540	125.00
0.330560	125.00
0.330580	125.00
0.330600	125.00
0.330620	125.00
0.330640	125.00
0.330660	125.00
0.330680	125.00
0.330700	125.00
0.330720	125.00
0.330740	125.00
0.330760	125.00
0.330780	125.00
0.330800	125.00
0.330820	125.00
0.330840	125.00
0.330860	125.00
0.330880	125.00
0.330900	125.00
0.330920	125.00
0.330940	125.00
0.330960	125.00
0.330980	125.00
0.331000	125.00
0.331020	125.00
0.331040	125.00
0.331060	125.00
0.331080	124.00
0.331100	124.00
0.331120	124.00
0.331140	125.00
0.331160	125.00
0.331180	126.00
0.331200	126.00
0.331220	126.00
0.331240	126.00
0.331260	125.00
0.331280	125.00
0.331300	124.00
0.331320	123.00
0.331340	123.00
0.331360	122.00
0.331380	121.00
0.331400	120.00
0.331420	120.00
0.331440	120.00
0.331460	121.00
0.331480	123.00
0.331500	124.00
0.331520	127.00
0.331540	129.00
0.331560	132.00
0.331580	134.00
0.331600	134.00
0.331620	135.00
0.331640	134.00
0.331660	133.00
0.331680	131.00
0.331700	128.00
0.331720	125.00
0.331740	121.00
0.331760	117.00
0.331780	113.00
0.331800	110.00
0.331820	108.00
0.331840	108.00
0.331860	109.00
0.331880	111.00
0.331900	114.00
0.331920	118.00
0.331940	124.00
0.331960	131.00
0.331980	139.00
0.332000	145.00
0.332020	150.00
0.332040	154.00
0.332060	154.00
0.332080	152.00
0.332100	148.00
0.332120	140.00
0.332140	130.00
0.332160	119.00
0.332180	107.00
0.332200	96.00
0.332220	88.00
0.332240	82.00
0.332260	80.00
0.332280	82.00
0.332300	88.00
0.332320	98.00
0.332340	111.00
0.332360	126.00
0.332380	142.00
0.332400	156.00
0.332420	168.00
0.332440	176.00
0.332460	181.00
0.332480	180.00
0.332500	175.00
0.332520	165.00
0.332540	151.00
0.332560	135.00
0.332580	118.00
0.332600	101.00
0.332620	86.00
0.332640	75.00
0.332660	68.00
0.332680	66.00
0.332700	69.00
0.332720	77.00
0.332740	89.00
0.332760	103.00
0.332780	119.00
0.332800	135.00
0.332820	150.00
0.332840	162.00
0.332860	171.00
0.332880	175.00
0.332900	175.00
0.332920	171.00
0.332940	163.00
0.332960	153.00
0.332980	141.00
0.333000	128.00
0.333020	115.00
0.333040	103.00
0.333060	94.00
0.333080	89.00
0.333100	86.00
0.333120	87.00
0.333140	91.00
0.333160	98.00
0.333180	106.00
0.333200	116.00
0.333220	125.00
0.333240	134.00
0.333260	141.00
0.333280	147.00
0.333300	150.00
0.333320	152.00
0.333340	151.00
0.333360	148.00
0.333380	143.00
0.333400	137.00
0.333420	130.00
0.333440	124.00
0.333460	118.00
0.333480	113.00
0.333500	109.00
0.333520	107.00
0.333540	107.00
0.333560	108.00
0.333580	111.00
0.333600	114.00
0.333620	118.00
0.333640	123.00
0.333660	127.00
0.333680	131.00
0.333700	134.00
0.333720	135.00
0.333740	136.00
0.333760	136.00
0.333780	135.00
0.333800	133.00
0.333820	131.00
0.333840	129.00
0.333860	126.00
0.333880	124.00
0.333900	122.00
0.333920	120.00
0.333940	119.00
0.333960	118.00
0.333980	118.00
0.334000	119.00
0.334020	120.00
0.334040	121.00
0.334060	123.00
0.334080	124.00
0.334100	125.00
0.334120	126.00
0.334140	128.00
0.334160	129.00
0.334180	130.00
0.334200	131.00
0.334220	130.00
0.334240	129.00
0.334260	128.00
0.334280	126.00
0.334300	125.00
0.334320	124.00
0.334340	123.00
0.334360	123.00
0.334380	123.00
0.334400	123.00
0.334420	122.00
0.334440	122.00
0.334460	122.00
0.334480	123.00
0.334500	124.00
0.334520	125.00
0.334540	125.00
0.334560	126.00
0.334580	126.00
0.334600	127.00
0.334620	127.00
0.334640	127.00
0.334660	127.00
0.334680	127.00
0.334700	126.00
0.334720	125.00
0.334740	125.00
0.334760	125.00
0.334780	125.00
0.334800	125.00
0.334820	124.00
0.334840	123.00
0.334860	123.00
0.334880	123.00
0.334900	124.00
0.334920	124.00
0.334940	124.00
0.334960	125.00
0.334980	125.00
0.335000	125.00
0.335020	126.00
0.335040	126.00
0.335060	126.00
0.335080	126.00
0.335100	126.00
0.335120	126.00
0.335140	126.00
0.335160	125.00
0.335180	125.00
0.335200	125.00
0.335220	124.00
0.335240	124.00
0.335260	124.00
0.335280	124.00
0.335300	124.00
0.335320	124.00
0.335340	124.00
0.335360	125.00
0.335380	125.00
0.335400	125.00
0.335420	125.00
0.335440	125.00
0.335460	125.00
0.335480	125.00
0.335500	126.00
0.335520	126.00
0.335540	125.00
0.335560	125.00
0.335580	125.00
0.335600	126.00
0.335620	126.00
0.335640	125.00
0.335660	125.00
0.335680	124.00
0.335700	124.00
0.335720	124.00
0.335740	124.00
0.335760	124.00
0.335780	124.00
0.335800	124.00
0.335820	124.00
0.335840	124.00
0.335860	124.00
0.335880	125.00
0.335900	125.00
0.335920	125.00
0.335940	126.00
0.335960	126.00
0.335980	126.00
0.336000	126.00
0.336020	126.00
0.336040	126.00
0.336060	126.00
0.336080	126.00
0.336100	125.00
0.336120	125.00
0.336140	125.00
0.336160	125.00
0.336180	125.00
0.336200	124.00
0.336220	124.00
0.336240	124.00
0.336260	124.00
0.336280	125.00
0.336300	125.00
0.336320	125.00
0.336340	125.00
0.336360	125.00
0.336380	125.00
0.336400	126.00
0.336420	126.00
0.336440	125.00
0.336460	125.00
0.336480	125.00
0.336500	125.00
0.336520	125.00
0.336540	125.00
0.336560	125.00
0.336580	125.00
0.336600	125.00
0.336620	125.00
0.336640	124.00
0.336660	124.00
0.336680	124.00
0.336700	124.00
0.336720	125.00
0.336740	125.00
0.336760	125.00
0.336780	125.00
0.336800	125.00
0.336820	125.00
0.336840	125.00
0.336860	125.00
0.336880	125.00
0.336900	125.00
0.336920	125.00
0.336940	125.00
0.336960	125.00
0.336980	125.00
0.337000	125.00
0.337020	124.00
0.337040	124.00
0.337060	125.00
0.337080	125.00
0.337100	125.00
0.337120	125.00
0.337140	125.00
0.337160	125.00
0.337180	125.00
0.337200	125.00
0.337220	125.00
0.337240	125.00
0.337260	125.00
0.337280	125.00
0.337300	125.00
0.337320	125.00
0.337340	125.00
0.337360	125.00
0.337380	125.00
0.337400	125.00
0.337420	125.00
0.337440	126.00
0.337460	126.00
0.337480	126.00
0.337500	126.00
0.337520	125.00
0.337540	124.00
0.337560	124.00
0.337580	124.00
0.337600	124.00
0.337620	123.00
0.337640	122.00
0.337660	122.00
0.337680	123.00
0.337700	124.00
0.337720	125.00
0.337740	126.00
0.337760	127.00
0.337780	129.00
0.337800	130.00
0.337820	131.00
0.337840	131.00
0.337860	131.00
0.337880	131.00
0.337900	130.00
0.337920	128.00
0.337940	126.00
0.337960	124.00
0.337980	121.00
0.338000	119.00
0.338020	117.00
0.338040	116.00
0.338060	115.00
0.338080	115.00
0.338100	116.00
0.338120	117.00
0.338140	119.00
0.338160	122.00
0.338180	126.00
0.338200	130.00
0.338220	134.00
0.338240	138.00
0.338260	141.00
0.338280	143.00
0.338300	142.00
0.338320	140.00
0.338340	136.00
0.338360	131.00
0.338380	125.00
0.338400	118.00
0.338420	111.00
0.338440	105.00
0.338460	100.00
0.338480	97.00
0.338500	97.00
0.338520	99.00
0.338540	104.00
0.338560	111.00
0.338580	120.00
0.338600	129.00
0.338620	139.00
0.338640	147.00
0.338660	154.00
0.338680	159.00
0.338700	161.00
0.338720	159.00
0.338740	154.00
0.338760	147.00
0.338780	137.00
0.338800	127.00
0.338820	116.00
0.338840	106.00
0.338860	97.00
0.338880	92.00
0.338900	89.00
0.338920	89.00
0.338940	92.00
0.338960	98.00
0.338980	106.00
0.339000	116.00
0.339020	126.00
0.339040	136.00
0.339060	144.00
0.339080	151.00
0.339100	155.00
0.339120	157.00
0.339140	155.00
0.339160	151.00
0.339180	145.00
0.339200	138.00
0.339220	131.00
0.339240	123.00
0.339260	116.00
0.339280	109.00
0.339300	104.00
0.339320	102.00
0.339340	102.00
0.339360	104.00
0.339380	107.00
0.339400	111.00
0.339420	116.00
0.339440	122.00
0.339460	128.00
0.339480	133.00
0.339500	136.00
0.339520	139.00
0.339540	140.00
0.339560	140.00
0.339580	139.00
0.339600	137.00
0.339620	134.00
0.339640	130.00
0.339660	126.00
0.339680	122.00
0.339700	119.00
0.339720	116.00
0.339740	115.00
0.339760	115.00
0.339780	115.00
0.339800	115.00
0.339820	117.00
0.339840	120.00
0.339860	123.00
0.339880	125.00
0.339900	127.00
0.339920	129.00
0.339940	131.00
0.339960	132.00
0.339980	132.00
0.340000	131.00
0.340020	130.00
0.340040	128.00
0.340060	127.00
0.340080	126.00
0.340100	125.00
0.340120	123.00
0.340140	122.00
0.340160	121.00
0.340180	121.00
0.340200	120.00
0.340220	121.00
0.340240	121.00
0.340260	122.00
0.340280	123.00
0.340300	124.00
0.340320	125.00
0.340340	126.00
0.340360	127.00
0.340380	128.00
0.340400	128.00
0.340420	128.00
0.340440	127.00
0.340460	127.00
0.340480	127.00
0.340500	126.00
0.340520	125.00
0.340540	124.00
0.340560	124.00
0.340580	123.00
0.340600	123.00
0.340620	123.00
0.340640	123.00
0.340660	124.00
0.340680	124.00
0.340700	124.00
0.340720	124.00
0.340740	125.00
0.340760	126.00
0.340780	126.00
0.340800	126.00
0.340820	126.00
0.340840	126.00
0.340860	126.00
0.340880	126.00
0.340900	126.00
0.340920	126.00
0.340940	125.00
0.340960	125.00
0.340980	124.00
0.341000	124.00
0.341020	124.00
0.341040	124.00
0.341060	124.00
0.341080	124.00
0.341100	124.00
0.341120	124.00
0.341140	124.00
0.341160	125.00
0.341180	125.00
0.341200	126.00
0.341220	126.00
0.341240	126.00
0.341260	126.00
0.341280	126.00
0.341300	126.00
0.341320	125.00
0.341340	125.00
0.341360	125.00
0.341380	124.00
0.341400	124.00
0.341420	124.00
0.341440	124.00
0.341460	124.00
0.341480	124.00
0.341500	124.00
0.341520	124.00
0.341540	124.00
0.341560	125.00
0.341580	125.00
0.341600	126.00
0.341620	126.00
0.341640	126.00
0.341660	126.00
0.341680	126.00
0.341700	125.00
0.341720	125.00
0.341740	125.00
0.341760	125.00
0.341780	125.00
0.341800	125.00
0.341820	124.00
0.341840	124.00
0.341860	125.00
0.341880	125.00
0.341900	125.00
0.341920	125.00
0.341940	125.00
0.341960	125.00
0.341980	125.00
0.342000	125.00
0.342020	125.00
0.342040	124.00
0.342060	124.00
0.342080	124.00
0.342100	124.00
0.342120	124.00
0.342140	124.00
0.342160	124.00
0.342180	124.00
0.342200	124.00
0.342220	125.00
0.342240	126.00
0.342260	126.00
0.342280	126.00
0.342300	126.00
0.342320	126.00
0.342340	126.00
0.342360	126.00
0.342380	126.00
0.342400	126.00
0.342420	126.00
0.342440	125.00
0.342460	125.00
0.342480	125.00
0.342500	125.00
0.342520	124.00
0.342540	124.00
0.342560	124.00
0.342580	124.00
0.342600	124.00
0.342620	124.00
0.342640	125.00
0.342660	125.00
0.342680	125.00
0.342700	125.00
0.342720	125.00
0.342740	125.00
0.342760	126.00
0.342780	126.00
0.342800	126.00
0.342820	126.00
0.342840	125.00
0.342860	125.00
0.342880	125.00
0.342900	125.00
0.342920	125.00
0.342940	124.00
0.342960	124.00
0.342980	124.00
0.343000	124.00
0.343020	124.00
0.343040	124.00
0.343060	124.00
0.343080	124.00
0.343100	124.00
0.343120	124.00
0.343140	124.00
0.343160	125.00
0.343180	125.00
0.343200	125.00
0.343220	125.00
0.343240	125.00
0.343260	125.00
0.343280	125.00
0.343300	126.00
0.343320	126.00
0.343340	125.00
0.343360	125.00
0.343380	125.00
0.343400	125.00
0.343420	125.00
0.343440	125.00
0.343460	125.00
0.343480	125.00
0.343500	125.00
0.343520	125.00
0.343540	124.00
0.343560	125.00
0.343580	125.00
0.343600	125.00
0.343620	125.00
0.343640	125.00
0.343660	125.00
0.343680	125.00
0.343700	125.00
0.343720	125.00
0.343740	125.00
0.343760	125.00
0.343780	125.00
0.343800	125.00
0.343820	124.00
0.343840	123.00
0.343860	123.00
0.343880	123.00
0.343900	123.00
0.343920	123.00
0.343940	124.00
0.343960	125.00
0.343980	126.00
0.344000	127.00
0.344020	128.00
0.344040	128.00
0.344060	129.00
0.344080	129.00
0.344100	129.00
0.344120	128.00
0.344140	128.00
0.344160	127.00
0.344180	125.00
0.344200	123.00
0.344220	121.00
0.344240	120.00
0.344260	119.00
0.344280	119.00
0.344300	119.00
0.344320	118.00
0.344340	119.00
0.344360	120.00
0.344380	122.00
0.344400	124.00
0.344420	127.00
0.344440	130.00
0.344460	133.00
0.344480	135.00
0.344500	137.00
0.344520	137.00
0.344540	136.00
0.344560	135.00
0.344580	132.00
0.344600	128.00
0.344620	124.00
0.344640	119.00
0.344660	114.00
0.344680	110.00
0.344700	107.00
0.344720	106.00
0.344740	106.00
0.344760	109.00
0.344780	113.00
0.344800	119.00
0.344820	125.00
0.344840	132.00
0.344860	138.00
0.344880	143.00
0.344900	147.00
0.344920	149.00
0.344940	149.00
0.344960	147.00
0.344980	143.00
0.345000	137.00
0.345020	129.00
0.345040	122.00
0.345060	115.00
0.345080	109.00
0.345100	104.00
0.345120	101.00
0.345140	100.00
0.345160	100.00
0.345180	103.00
0.345200	108.00
0.345220	114.00
0.345240	121.00
0.345260	128.00
0.345280	135.00
0.345300	140.00
0.345320	144.00
0.345340	146.00
0.345360	146.00
0.345380	145.00
0.345400	142.00
0.345420	138.00
0.345440	133.00
0.345460	127.00
0.345480	121.00
0.345500	116.00
0.345520	112.00
0.345540	110.00
0.345560	109.00
0.345580	109.00
0.345600	111.00
0.345620	113.00
0.345640	116.00
0.345660	120.00
0.345680	124.00
0.345700	128.00
0.345720	130.00
0.345740	133.00
0.345760	134.00
0.345780	135.00
0.345800	135.00
0.345820	134.00
0.345840	132.00
0.345860	130.00
0.345880	128.00
0.345900	126.00
0.345920	123.00
0.345940	121.00
0.345960	120.00
0.345980	119.00
0.346000	119.00
0.346020	119.00
0.346040	120.00
0.346060	121.00
0.346080	123.00
0.346100	125.00
0.346120	126.00
0.346140	127.00
0.346160	128.00
0.346180	128.00
0.346200	128.00
0.346220	128.00
0.346240	128.00
0.346260	128.00
0.346280	127.00
0.346300	126.00
0.346320	125.00
0.346340	124.00
0.346360	124.00
0.346380	123.00
0.346400	123.00
0.346420	122.00
0.346440	122.00
0.346460	123.00
0.346480	123.00
0.346500	124.00
0.346520	124.00
0.346540	124.00
0.346560	125.00
0.346580	126.00
0.346600	126.00
0.346620	126.00
0.346640	126.00
0.346660	126.00
0.346680	126.00
0.346700	126.00
0.346720	126.00
0.346740	125.00
0.346760	124.00
0.346780	124.00
0.346800	124.00
0.346820	124.00
0.346840	124.00
0.346860	124.00
0.346880	124.00
0.346900	124.00
0.346920	124.00
0.346940	125.00
0.346960	125.00
0.346980	126.00
0.347000	126.00
0.347020	126.00
0.347040	126.00
0.347060	126.00
0.347080	126.00
0.347100	126.00
0.347120	126.00
0.347140	125.00
0.347160	125.00
0.347180	125.00
0.347200	125.00
0.347220	125.00
0.347240	125.00
0.347260	125.00
0.347280	125.00
0.347300	125.00
0.347320	125.00
0.347340	125.00
0.347360	125.00
0.347380	125.00
0.347400	125.00
0.347420	125.00
0.347440	125.00
0.347460	125.00
0.347480	125.00
0.347500	125.00
0.347520	125.00
0.347540	125.00
0.347560	125.00
0.347580	125.00
0.347600	125.00
0.347620	125.00
0.347640	124.00
0.347660	124.00
0.347680	125.00
0.347700	125.00
0.347720	125.00
0.347740	125.00
0.347760	125.00
0.347780	125.00
0.347800	126.00
0.347820	126.00
0.347840	126.00
0.347860	125.00
0.347880	125.00
0.347900	125.00
0.347920	125.00
0.347940	125.00
0.347960	125.00
0.347980	124.00
0.348000	124.00
0.348020	124.00
0.348040	124.00
0.348060	125.00
0.348080	125.00
0.348100	125.00
0.348120	125.00
0.348140	126.00
0.348160	126.00
0.348180	125.00
0.348200	125.00
0.348220	125.00
0.348240	124.00
0.348260	124.00
0.348280	125.00
0.348300	125.00
0.348320	124.00
0.348340	124.00
0.348360	124.00
0.348380	124.00
0.348400	125.00
0.348420	124.00
0.348440	124.00
0.348460	125.00
0.348480	125.00
0.348500	125.00
0.348520	125.00
0.348540	126.00
0.348560	126.00
0.348580	126.00
0.348600	126.00
0.348620	126.00
0.348640	125.00
0.348660	125.00
0.348680	125.00
0.348700	125.00
0.348720	125.00
0.348740	125.00
0.348760	125.00
0.348780	125.00
0.348800	125.00
0.348820	125.00
0.348840	125.00
0.348860	125.00
0.348880	125.00
0.348900	125.00
0.348920	125.00
0.348940	125.00
0.348960	125.00
0.348980	125.00
0.349000	125.00
0.349020	124.00
0.349040	124.00
0.349060	124.00
0.349080	124.00
0.349100	125.00
0.349120	125.00
0.349140	125.00
0.349160	125.00
0.349180	125.00
0.349200	125.00
0.349220	125.00
0.349240	125.00
0.349260	125.00
0.349280	126.00
0.349300	126.00
0.349320	125.00
0.349340	125.00
0.349360	125.00
0.349380	125.00
0.349400	124.00
0.349420	124.00
0.349440	124.00
0.349460	125.00
0.349480	125.00
0.349500	126.00
0.349520	126.00
0.349540	125.00
0.349560	125.00
0.349580	125.00
0.349600	125.00
0.349620	125.00
0.349640	125.00
0.349660	125.00
0.349680	124.00
0.349700	124.00
0.349720	124.00
0.349740	124.00
0.349760	125.00
0.349780	125.00
0.349800	125.00
0.349820	125.00
0.349840	125.00
0.349860	125.00
0.349880	126.00
0.349900	126.00
0.349920	126.00
0.349940	126.00
0.349960	125.00
0.349980	125.00
0.350000	125.00
0.350020	125.00
0.350040	125.00
0.350060	124.00
0.350080	124.00
0.350100	124.00
0.350120	123.00
0.350140	123.00
0.350160	123.00
0.350180	124.00
0.350200	125.00
0.350220	126.00
0.350240	127.00
0.350260	127.00
0.350280	127.00
0.350300	128.00
0.350320	128.00
0.350340	128.00
0.350360	128.00
0.350380	127.00
0.350400	125.00
0.350420	124.00
0.350440	123.00
0.350460	122.00
0.350480	121.00
0.350500	120.00
0.350520	120.00
0.350540	120.00
0.350560	121.00
0.350580	122.00
0.350600	123.00
0.350620	124.00
0.350640	125.00
0.350660	127.00
0.350680	130.00
0.350700	132.00
0.350720	133.00
0.350740	134.00
0.350760	133.00
0.350780	132.00
0.350800	130.00
0.350820	128.00
0.350840	125.00
0.350860	122.00
0.350880	119.00
0.350900	116.00
0.350920	113.00
0.350940	112.00
0.350960	112.00
0.350980	113.00
0.351000	116.00
0.351020	119.00
0.351040	123.00
0.351060	127.00
0.351080	132.00
0.351100	136.00
0.351120	140.00
0.351140	141.00
0.351160	141.00
0.351180	140.00
0.351200	138.00
0.351220	134.00
0.351240	130.00
0.351260	125.00
0.351280	120.00
0.351300	115.00
0.351320	111.00
0.351340	108.00
0.351360	107.00
0.351380	107.00
0.351400	109.00
0.351420	112.00
0.351440	115.00
0.351460	120.00
0.351480	125.00
0.351500	130.00
0.351520	134.00
0.351540	138.00
0.351560	140.00
0.351580	141.00
0.351600	140.00
0.351620	138.00
0.351640	135.00
0.351660	132.00
0.351680	128.00
0.351700	125.00
0.351720	121.00
0.351740	117.00
0.351760	115.00
0.351780	113.00
0.351800	113.00
0.351820	114.00
0.351840	116.00
0.351860	118.00
0.351880	120.00
0.351900	123.00
0.351920	126.00
0.351940	128.00
0.351960	130.00
0.351980	131.00
0.352000	132.00
0.352020	132.00
0.352040	132.00
0.352060	131.00
0.352080	130.00
0.352100	128.00
0.352120	126.00
0.352140	124.00
0.352160	122.00
0.352180	121.00
0.352200	120.00
0.352220	120.00
0.352240	120.00
0.352260	121.00
0.352280	122.00
0.352300	123.00
0.352320	124.00
0.352340	125.00
0.352360	126.00
0.352380	127.00
0.352400	128.00
0.352420	128.00
0.352440	128.00
0.352460	128.00
0.352480	128.00
0.352500	127.00
0.352520	126.00
0.352540	125.00
0.352560	125.00
0.352580	124.00
0.352600	124.00
0.352620	124.00
0.352640	124.00
0.352660	123.00
0.352680	123.00
0.352700	123.00
0.352720	124.00
0.352740	124.00
0.352760	124.00
0.352780	125.00
0.352800	126.00
0.352820	126.00
0.352840	126.00
0.352860	126.00
0.352880	126.00
0.352900	126.00
0.352920	126.00
0.352940	126.00
0.352960	125.00
0.352980	124.00
0.353000	124.00
0.353020	124.00
0.353040	124.00
0.353060	124.00
0.353080	124.00
0.353100	124.00
0.353120	123.00
0.353140	123.00
0.353160	123.00
0.353180	124.00
0.353200	124.00
0.353220	125.00
0.353240	125.00
0.353260	125.00
0.353280	125.00
0.353300	126.00
0.353320	126.00
0.353340	126.00
0.353360	125.00
0.353380	125.00
0.353400	125.00
0.353420	125.00
0.353440	125.00
0.353460	125.00
0.353480	124.00
0.353500	124.00
0.353520	124.00
0.353540	125.00
0.353560	125.00
0.353580	125.00
0.353600	125.00
0.353620	125.00
0.353640	125.00
0.353660	125.00
0.353680	125.00
0.353700	125.00
0.353720	125.00
0.353740	125.00
0.353760	125.00
0.353780	124.00
0.353800	124.00
0.353820	124.00
0.353840	124.00
0.353860	124.00
0.353880	124.00
0.353900	124.00
0.353920	125.00
0.353940	125.00
0.353960	126.00
0.353980	126.00
0.354000	126.00
0.354020	126.00
0.354040	126.00
0.354060	126.00
0.354080	125.00
0.354100	125.00
0.354120	125.00
0.354140	125.00
0.354160	125.00
0.354180	125.00
0.354200	124.00
0.354220	124.00
0.354240	124.00
0.354260	125.00
0.354280	125.00
0.354300	125.00
0.354320	125.00
0.354340	125.00
0.354360	125.00
0.354380	125.00
0.354400	125.00
0.354420	125.00
0.354440	125.00
0.354460	125.00
0.354480	125.00
0.354500	125.00
0.354520	125.00
0.354540	125.00
0.354560	124.00
0.354580	124.00
0.354600	124.00
0.354620	124.00
0.354640	125.00
0.354660	125.00
0.354680	125.00
0.354700	125.00
0.354720	125.00
0.354740	125.00
0.354760	125.00
0.354780	125.00
0.354800	125.00
0.354820	125.00
0.354840	125.00
0.354860	125.00
0.354880	125.00
0.354900	125.00
0.354920	125.00
0.354940	125.00
0.354960	125.00
0.354980	125.00
0.355000	125.00
0.355020	125.00
0.355040	125.00
0.355060	125.00
0.355080	125.00
0.355100	125.00
0.355120	125.00
0.355140	125.00
0.355160	125.00
0.355180	125.00
0.355200	125.00
0.355220	125.00
0.355240	125.00
0.355260	124.00
0.355280	125.00
0.355300	125.00
0.355320	125.00
0.355340	125.00
0.355360	125.00
0.355380	125.00
0.355400	125.00
0.355420	125.00
0.355440	125.00
0.355460	124.00
0.355480	124.00
0.355500	125.00
0.355520	125.00
0.355540	125.00
0.355560	125.00
0.355580	125.00
0.355600	125.00
0.355620	125.00
0.355640	126.00
0.355660	126.00
0.355680	125.00
0.355700	125.00
0.355720	124.00
0.355740	124.00
0.355760	125.00
0.355780	125.00
0.355800	125.00
0.355820	125.00
0.355840	124.00
0.355860	124.00
0.355880	124.00
0.355900	125.00
0.355920	125.00
0.355940	125.00
0.355960	125.00
0.355980	125.00
0.356000	125.00
0.356020	125.00
0.356040	125.00
0.356060	125.00
0.356080	125.00
0.356100	125.00
0.356120	125.00
0.356140	125.00
0.356160	125.00
0.356180	124.00
0.356200	124.00
0.356220	125.00
0.356240	125.00
0.356260	125.00
0.356280	124.00
0.356300	124.00
0.356320	124.00
0.356340	124.00
0.356360	124.00
0.356380	124.00
0.356400	124.00
0.356420	125.00
0.356440	126.00
0.356460	126.00
0.356480	126.00
0.356500	126.00
0.356520	126.00
0.356540	127.00
0.356560	127.00
0.356580	127.00
0.356600	126.00
0.356620	125.00
0.356640	124.00
0.356660	123.00
0.356680	122.00
0.356700	121.00
0.356720	121.00
0.356740	121.00
0.356760	122.00
0.356780	122.00
0.356800	122.00
0.356820	123.00
0.356840	124.00
0.356860	125.00
0.356880	127.00
0.356900	129.00
0.356920	130.00
0.356940	131.00
0.356960	131.00
0.356980	131.00
0.357000	131.00
0.357020	130.00
0.357040	128.00
0.357060	126.00
0.357080	123.00
0.357100	120.00
0.357120	118.00
0.357140	117.00
0.357160	116.00
0.357180	116.00
0.357200	116.00
0.357220	117.00
0.357240	120.00
0.357260	123.00
0.357280	126.00
0.357300	129.00
0.357320	132.00
0.357340	135.00
0.357360	137.00
0.357380	137.00
0.357400	137.00
0.357420	135.00
0.357440	133.00
0.357460	130.00
0.357480	126.00
0.357500	122.00
0.357520	118.00
0.357540	115.00
0.357560	113.00
0.357580	112.00
0.357600	112.00
0.357620	113.00
0.357640	115.00
0.357660	118.00
0.357680	122.00
0.357700	125.00
0.357720	128.00
0.357740	131.00
0.357760	133.00
0.357780	135.00
0.357800	136.00
0.357820	136.00
0.357840	135.00
0.357860	133.00
0.357880	130.00
0.357900	128.00
0.357920	125.00
0.357940	122.00
0.357960	120.00
0.357980	118.00
0.358000	117.00
0.358020	116.00
0.358040	116.00
0.358060	117.00
0.358080	119.00
0.358100	121.00
0.358120	123.00
0.358140	125.00
0.358160	127.00
0.358180	128.00
0.358200	130.00
0.358220	131.00
0.358240	132.00
0.358260	131.00
0.358280	130.00
0.358300	128.00
0.358320	127.00
0.358340	126.00
0.358360	125.00
0.358380	124.00
0.358400	123.00
0.358420	122.00
0.358440	121.00
0.358460	121.00
0.358480	121.00
0.358500	121.00
0.358520	122.00
0.358540	123.00
0.358560	124.00
0.358580	125.00
0.358600	126.00
0.358620	127.00
0.358640	127.00
0.358660	127.00
0.358680	127.00
0.358700	127.00
0.358720	127.00
0.358740	127.00
0.358760	127.00
0.358780	126.00
0.358800	125.00
0.358820	124.00
0.358840	123.00
0.358860	123.00
0.358880	123.00
0.358900	123.00
0.358920	123.00
0.358940	123.00
0.358960	124.00
0.358980	125.00
0.359000	125.00
0.359020	126.00
0.359040	126.00
0.359060	126.00
0.359080	126.00
0.359100	126.00
0.359120	126.00
0.359140	126.00
0.359160	126.00
0.359180	126.00
0.359200	125.00
0.359220	125.00
0.359240	124.00
0.359260	124.00
0.359280	124.00
0.359300	124.00
0.359320	124.00
0.359340	124.00
0.359360	124.00
0.359380	124.00
0.359400	124.00
0.359420	124.00
0.359440	124.00
0.359460	125.00
0.359480	125.00
0.359500	125.00
0.359520	125.00
0.359540	125.00
0.359560	125.00
0.359580	125.00
0.359600	125.00
0.359620	125.00
0.359640	125.00
0.359660	125.00
0.359680	125.00
0.359700	124.00
0.359720	124.00
0.359740	124.00
0.359760	124.00
0.359780	125.00
0.359800	125.00
0.359820	125.00
0.359840	125.00
0.359860	125.00
0.359880	125.00
0.359900	125.00
0.359920	124.00
0.359940	125.00
0.359960	125.00
0.359980	126.00
