0.320000	101.00
0.320020	49.00
0.320040	101.00
0.320060	140.00
0.320080	144.00
0.320100	125.00
0.320120	112.00
0.320140	118.00
0.320160	131.00
0.320180	134.00
0.320200	125.00
0.320220	118.00
0.320240	121.00
0.320260	128.00
0.320280	130.00
0.320300	125.00
0.320320	120.00
0.320340	121.00
0.320360	126.00
0.320380	128.00
0.320400	124.00
0.320420	121.00
0.320440	123.00
0.320460	127.00
0.320480	128.00
0.320500	124.00
0.320520	121.00
0.320540	122.00
0.320560	126.00
0.320580	127.00
0.320600	125.00
0.320620	123.00
0.320640	124.00
0.320660	126.00
0.320680	127.00
0.320700	125.00
0.320720	123.00
0.320740	124.00
0.320760	127.00
0.320780	127.00
0.320800	125.00
0.320820	123.00
0.320840	124.00
0.320860	126.00
0.320880	126.00
0.320900	124.00
0.320920	123.00
0.320940	124.00
0.320960	126.00
0.320980	127.00
0.321000	125.00
0.321020	124.00
0.321040	124.00
0.321060	126.00
0.321080	126.00
0.321100	125.00
0.321120	123.00
0.321140	124.00
0.321160	125.00
0.321180	126.00
0.321200	124.00
0.321220	123.00
0.321240	124.00
0.321260	125.00
0.321280	126.00
0.321300	125.00
0.321320	124.00
0.321340	124.00
0.321360	125.00
0.321380	125.00
0.321400	124.00
0.321420	123.00
0.321440	124.00
0.321460	126.00
0.321480	126.00
0.321500	125.00
0.321520	124.00
0.321540	125.00
0.321560	126.00
0.321580	126.00
0.321600	125.00
0.321620	124.00
0.321640	125.00
0.321660	126.00
0.321680	126.00
0.321700	125.00
0.321720	124.00
0.321740	124.00
0.321760	125.00
0.321780	126.00
0.321800	125.00
0.321820	125.00
0.321840	125.00
0.321860	126.00
0.321880	126.00
0.321900	125.00
0.321920	124.00
0.321940	125.00
0.321960	126.00
0.321980	126.00
0.322000	125.00
0.322020	124.00
0.322040	125.00
0.322060	125.00
0.322080	126.00
0.322100	125.00
0.322120	125.00
0.322140	125.00
0.322160	125.00
0.322180	125.00
0.322200	124.00
0.322220	124.00
0.322240	124.00
0.322260	125.00
0.322280	126.00
0.322300	125.00
0.322320	125.00
0.322340	125.00
0.322360	126.00
0.322380	126.00
0.322400	125.00
0.322420	125.00
0.322440	125.00
0.322460	125.00
0.322480	125.00
0.322500	125.00
0.322520	124.00
0.322540	125.00
0.322560	125.00
0.322580	125.00
0.322600	124.00
0.322620	124.00
0.322640	125.00
0.322660	126.00
0.322680	126.00
0.322700	125.00
0.322720	125.00
0.322740	125.00
0.322760	125.00
0.322780	125.00
0.322800	124.00
0.322820	124.00
0.322840	124.00
0.322860	125.00
0.322880	125.00
0.322900	124.00
0.322920	124.00
0.322940	124.00
0.322960	125.00
0.322980	126.00
0.323000	125.00
0.323020	125.00
0.323040	125.00
0.323060	126.00
0.323080	125.00
0.323100	125.00
0.323120	124.00
0.323140	124.00
0.323160	125.00
0.323180	125.00
0.323200	124.00
0.323220	124.00
0.323240	124.00
0.323260	125.00
0.323280	125.00
0.323300	124.00
0.323320	124.00
0.323340	124.00
0.323360	125.00
0.323380	125.00
0.323400	124.00
0.323420	124.00
0.323440	124.00
0.323460	125.00
0.323480	125.00
0.323500	125.00
0.323520	125.00
0.323540	125.00
0.323560	125.00
0.323580	125.00
0.323600	125.00
0.323620	125.00
0.323640	125.00
0.323660	126.00
0.323680	125.00
0.323700	124.00
0.323720	124.00
0.323740	124.00
0.323760	125.00
0.323780	125.00
0.323800	125.00
0.323820	125.00
0.323840	125.00
0.323860	126.00
0.323880	126.00
0.323900	125.00
0.323920	125.00
0.323940	125.00
0.323960	126.00
0.323980	126.00
0.324000	125.00
0.324020	125.00
0.324040	125.00
0.324060	126.00
0.324080	125.00
0.324100	124.00
0.324120	124.00
0.324140	124.00
0.324160	125.00
0.324180	125.00
0.324200	125.00
0.324220	124.00
0.324240	124.00
0.324260	124.00
0.324280	124.00
0.324300	124.00
0.324320	124.00
0.324340	124.00
0.324360	125.00
0.324380	125.00
0.324400	125.00
0.324420	125.00
0.324440	125.00
0.324460	125.00
0.324480	124.00
0.324500	124.00
0.324520	124.00
0.324540	125.00
0.324560	125.00
0.324580	125.00
0.324600	124.00
0.324620	124.00
0.324640	124.00
0.324660	125.00
0.324680	125.00
0.324700	125.00
0.324720	125.00
0.324740	125.00
0.324760	125.00
0.324780	125.00
0.324800	125.00
0.324820	125.00
0.324840	125.00
0.324860	125.00
0.324880	124.00
0.324900	123.00
0.324920	122.00
0.324940	121.00
0.324960	121.00
0.324980	120.00
0.325000	120.00
0.325020	121.00
0.325040	123.00
0.325060	126.00
0.325080	128.00
0.325100	131.00
0.325120	135.00
0.325140	139.00
0.325160	144.00
0.325180	146.00
0.325200	147.00
0.325220	144.00
0.325240	139.00
0.325260	130.00
0.325280	120.00
0.325300	108.00
0.325320	98.00
0.325340	90.00
0.325360	84.00
0.325380	79.00
0.325400	78.00
0.325420	80.00
0.325440	88.00
0.325460	101.00
0.325480	117.00
0.325500	136.00
0.325520	155.00
0.325540	171.00
0.325560	184.00
0.325580	191.00
0.325600	195.00
0.325620	194.00
0.325640	190.00
0.325660	179.00
0.325680	161.00
0.325700	136.00
0.325720	106.00
0.325740	76.00
0.325760	47.00
0.325780	23.00
0.325800	7.00
0.325820	1.00
0.325840	6.00
0.325860	22.00
0.325880	48.00
0.325900	85.00
0.325920	130.00
0.325940	178.00
0.325960	218.00
0.325980	244.00
0.326000	255.00
0.326020	255.00
0.326040	253.00
0.326060	244.00
0.326080	223.00
0.326100	184.00
0.326120	128.00
0.326140	69.00
0.326160	21.00
0.326180	0.00
0.326200	0.00
0.326220	4.00
0.326240	7.00
0.326260	0.00
0.326280	0.00
0.326300	6.00
0.326320	49.00
0.326340	115.00
0.326360	183.00
0.326380	232.00
0.326400	254.00
0.326420	255.00
0.326440	255.00
0.326460	255.00
0.326480	254.00
0.326500	244.00
0.326520	216.00
0.326540	169.00
0.326560	110.00
0.326580	53.00
0.326600	13.00
0.326620	0.00
0.326640	0.00
0.326660	4.00
0.326680	4.00
0.326700	0.00
0.326720	0.00
0.326740	23.00
0.326760	68.00
0.326780	124.00
0.326800	176.00
0.326820	213.00
0.326840	234.00
0.326860	245.00
0.326880	247.00
0.326900	242.00
0.326920	230.00
0.326940	211.00
0.326960	185.00
0.326980	153.00
0.327000	117.00
0.327020	82.00
0.327040	52.00
0.327060	31.00
0.327080	19.00
0.327100	16.00
0.327120	22.00
0.327140	36.00
0.327160	57.00
0.327180	82.00
0.327200	109.00
0.327220	134.00
0.327240	157.00
0.327260	176.00
0.327280	188.00
0.327300	194.00
0.327320	193.00
0.327340	187.00
0.327360	177.00
0.327380	163.00
0.327400	147.00
0.327420	129.00
0.327440	113.00
0.327460	99.00
0.327480	89.00
0.327500	82.00
0.327520	79.00
0.327540	80.00
0.327560	85.00
0.327580	93.00
0.327600	103.00
0.327620	113.00
0.327640	124.00
0.327660	134.00
0.327680	143.00
0.327700	149.00
0.327720	153.00
0.327740	154.00
0.327760	153.00
0.327780	150.00
0.327800	144.00
0.327820	138.00
0.327840	131.00
0.327860	124.00
0.327880	119.00
0.327900	113.00
0.327920	109.00
0.327940	107.00
0.327960	107.00
0.327980	108.00
0.328000	110.00
0.328020	114.00
0.328040	118.00
0.328060	122.00
0.328080	127.00
0.328100	130.00
0.328120	133.00
0.328140	135.00
0.328160	136.00
0.328180	136.00
0.328200	136.00
0.328220	134.00
0.328240	132.00
0.328260	129.00
0.328280	127.00
0.328300	124.00
0.328320	121.00
0.328340	119.00
0.328360	119.00
0.328380	118.00
0.328400	118.00
0.328420	119.00
0.328440	119.00
0.328460	121.00
0.328480	123.00
0.328500	124.00
0.328520	126.00
0.328540	127.00
0.328560	128.00
0.328580	129.00
0.328600	130.00
0.328620	129.00
0.328640	129.00
0.328660	128.00
0.328680	128.00
0.328700	126.00
0.328720	125.00
0.328740	124.00
0.328760	123.00
0.328780	123.00
0.328800	123.00
0.328820	123.00
0.328840	123.00
0.328860	123.00
0.328880	123.00
0.328900	124.00
0.328920	124.00
0.328940	126.00
0.328960	126.00
0.328980	127.00
0.329000	127.00
0.329020	126.00
0.329040	127.00
0.329060	127.00
0.329080	127.00
0.329100	126.00
0.329120	125.00
0.329140	125.00
0.329160	125.00
0.329180	125.00
0.329200	125.00
0.329220	124.00
0.329240	124.00
0.329260	124.00
0.329280	124.00
0.329300	124.00
0.329320	124.00
0.329340	124.00
0.329360	125.00
0.329380	126.00
0.329400	126.00
0.329420	126.00
0.329440	126.00
0.329460	125.00
0.329480	125.00
0.329500	125.00
0.329520	125.00
0.329540	126.00
0.329560	126.00
0.329580	125.00
0.329600	125.00
0.329620	124.00
0.329640	124.00
0.329660	124.00
0.329680	125.00
0.329700	125.00
0.329720	125.00
0.329740	125.00
0.329760	125.00
0.329780	125.00
0.329800	125.00
0.329820	126.00
0.329840	126.00
0.329860	126.00
0.329880	126.00
0.329900	125.00
0.329920	125.00
0.329940	125.00
0.329960	125.00
0.329980	125.00
0.330000	125.00
0.330020	125.00
0.330040	125.00
0.330060	125.00
0.330080	125.00
0.330100	125.00
0.330120	125.00
0.330140	125.00
0.330160	125.00
0.330180	125.00
0.330200	124.00
0.330220	124.00
0.330240	124.00
0.330260	125.00
0.330280	125.00
0.330300	125.00
0.330320	125.00
0.330340	125.00
0.330360	125.00
0.330380	125.00
0.330400	125.00
0.330420	125.00
0.330440	125.00
0.330460	125.00
0.330480	125.00
0.330500	124.00
0.330520	124.00
0.330540	124.00
0.330560	124.00
0.330580	124.00
0.330600	125.00
0.330620	125.00
0.330640	125.00
0.330660	126.00
0.330680	126.00
0.330700	125.00
0.330720	125.00
0.330740	125.00
0.330760	125.00
0.330780	125.00
0.330800	125.00
0.330820	125.00
0.330840	125.00
0.330860	125.00
0.330880	126.00
0.330900	125.00
0.330920	125.00
0.330940	125.00
0.330960	125.00
0.330980	124.00
0.331000	124.00
0.331020	124.00
0.331040	125.00
0.331060	125.00
0.331080	125.00
0.331100	125.00
0.331120	125.00
0.331140	125.00
0.331160	126.00
0.331180	126.00
0.331200	126.00
0.331220	126.00
0.331240	126.00
0.331260	126.00
0.331280	125.00
0.331300	124.00
0.331320	123.00
0.331340	123.00
0.331360	122.00
0.331380	121.00
0.331400	121.00
0.331420	120.00
0.331440	120.00
0.331460	121.00
0.331480	123.00
0.331500	125.00
0.331520	127.00
0.331540	130.00
0.331560	132.00
0.331580	134.00
0.331600	135.00
0.331620	135.00
0.331640	135.00
0.331660	134.00
0.331680	131.00
0.331700	128.00
0.331720	124.00
0.331740	120.00
0.331760	116.00
0.331780	113.00
0.331800	111.00
0.331820	109.00
0.331840	108.00
0.331860	109.00
0.331880	112.00
0.331900	115.00
0.331920	120.00
0.331940	126.00
0.331960	133.00
0.331980	140.00
0.332000	146.00
0.332020	151.00
0.332040	153.00
0.332060	153.00
0.332080	151.00
0.332100	146.00
0.332120	138.00
0.332140	128.00
0.332160	116.00
0.332180	105.00
0.332200	94.00
0.332220	86.00
0.332240	81.00
0.332260	79.00
0.332280	82.00
0.332300	89.00
0.332320	100.00
0.332340	114.00
0.332360	130.00
0.332380	145.00
0.332400	160.00
0.332420	171.00
0.332440	178.00
0.332460	181.00
0.332480	179.00
0.332500	172.00
0.332520	161.00
0.332540	147.00
0.332560	131.00
0.332580	113.00
0.332600	97.00
0.332620	83.00
0.332640	73.00
0.332660	67.00
0.332680	66.00
0.332700	70.00
0.332720	79.00
0.332740	92.00
0.332760	107.00
0.332780	123.00
0.332800	138.00
0.332820	152.00
0.332840	164.00
0.332860	172.00
0.332880	176.00
0.332900	175.00
0.332920	170.00
0.332940	161.00
0.332960	150.00
0.332980	138.00
0.333000	124.00
0.333020	111.00
0.333040	100.00
0.333060	93.00
0.333080	88.00
0.333100	86.00
0.333120	87.00
0.333140	91.00
0.333160	98.00
0.333180	107.00
0.333200	117.00
0.333220	127.00
0.333240	136.00
0.333260	143.00
0.333280	149.00
0.333300	151.00
0.333320	152.00
0.333340	150.00
0.333360	146.00
0.333380	141.00
0.333400	135.00
0.333420	129.00
0.333440	122.00
0.333460	117.00
0.333480	112.00
0.333500	109.00
0.333520	107.00
0.333540	107.00
0.333560	109.00
0.333580	112.00
0.333600	115.00
0.333620	119.00
0.333640	123.00
0.333660	128.00
0.333680	131.00
0.333700	134.00
0.333720	135.00
0.333740	136.00
0.333760	136.00
0.333780	135.00
0.333800	133.00
0.333820	131.00
0.333840	128.00
0.333860	126.00
0.333880	123.00
0.333900	121.00
0.333920	119.00
0.333940	118.00
0.333960	118.00
0.333980	118.00
0.334000	119.00
0.334020	120.00
0.334040	121.00
0.334060	123.00
0.334080	125.00
0.334100	126.00
0.334120	127.00
0.334140	129.00
0.334160	130.00
0.334180	130.00
0.334200	130.00
0.334220	129.00
0.334240	128.00
0.334260	127.00
0.334280	126.00
0.334300	125.00
0.334320	124.00
0.334340	123.00
0.334360	122.00
0.334380	122.00
0.334400	122.00
0.334420	122.00
0.334440	122.00
0.334460	123.00
0.334480	124.00
0.334500	125.00
0.334520	125.00
0.334540	126.00
0.334560	126.00
0.334580	127.00
0.334600	127.00
0.334620	127.00
0.334640	127.00
0.334660	127.00
0.334680	126.00
0.334700	125.00
0.334720	124.00
0.334740	124.00
0.334760	123.00
0.334780	123.00
0.334800	123.00
0.334820	124.00
0.334840	124.00
0.334860	124.00
0.334880	124.00
0.334900	124.00
0.334920	124.00
0.334940	124.00
0.334960	125.00
0.334980	125.00
0.335000	126.00
0.335020	126.00
0.335040	126.00
0.335060	126.00
0.335080	126.00
0.335100	126.00
0.335120	125.00
0.335140	125.00
0.335160	125.00
0.335180	125.00
0.335200	125.00
0.335220	124.00
0.335240	124.00
0.335260	124.00
0.335280	124.00
0.335300	124.00
0.335320	124.00
0.335340	125.00
0.335360	125.00
0.335380	125.00
0.335400	125.00
0.335420	125.00
0.335440	125.00
0.335460	125.00
0.335480	125.00
0.335500	125.00
0.335520	125.00
0.335540	125.00
0.335560	125.00
0.335580	125.00
0.335600	125.00
0.335620	125.00
0.335640	125.00
0.335660	124.00
0.335680	124.00
0.335700	124.00
0.335720	124.00
0.335740	125.00
0.335760	125.00
0.335780	125.00
0.335800	125.00
0.335820	125.00
0.335840	125.00
0.335860	125.00
0.335880	126.00
0.335900	126.00
0.335920	126.00
0.335940	126.00
0.335960	126.00
0.335980	125.00
0.336000	124.00
0.336020	124.00
0.336040	125.00
0.336060	125.00
0.336080	125.00
0.336100	125.00
0.336120	125.00
0.336140	125.00
0.336160	125.00
0.336180	125.00
0.336200	124.00
0.336220	124.00
0.336240	124.00
0.336260	125.00
0.336280	125.00
0.336300	125.00
0.336320	125.00
0.336340	125.00
0.336360	125.00
0.336380	125.00
0.336400	125.00
0.336420	126.00
0.336440	126.00
0.336460	126.00
0.336480	125.00
0.336500	125.00
0.336520	125.00
0.336540	125.00
0.336560	125.00
0.336580	125.00
0.336600	125.00
0.336620	125.00
0.336640	125.00
0.336660	125.00
0.336680	125.00
0.336700	124.00
0.336720	124.00
0.336740	125.00
0.336760	125.00
0.336780	125.00
0.336800	125.00
0.336820	125.00
0.336840	125.00
0.336860	125.00
0.336880	125.00
0.336900	125.00
0.336920	124.00
0.336940	124.00
0.336960	125.00
0.336980	125.00
0.337000	125.00
0.337020	124.00
0.337040	124.00
0.337060	124.00
0.337080	125.00
0.337100	125.00
0.337120	125.00
0.337140	125.00
0.337160	125.00
0.337180	124.00
0.337200	124.00
0.337220	124.00
0.337240	124.00
0.337260	125.00
0.337280	125.00
0.337300	125.00
0.337320	125.00
0.337340	125.00
0.337360	125.00
0.337380	125.00
0.337400	125.00
0.337420	125.00
0.337440	125.00
0.337460	125.00
0.337480	126.00
0.337500	126.00
0.337520	126.00
0.337540	125.00
0.337560	124.00
0.337580	124.00
0.337600	123.00
0.337620	123.00
0.337640	123.00
0.337660	122.00
0.337680	123.00
0.337700	123.00
0.337720	124.00
0.337740	126.00
0.337760	127.00
0.337780	128.00
0.337800	129.00
0.337820	131.00
0.337840	132.00
0.337860	132.00
0.337880	131.00
0.337900	130.00
0.337920	128.00
0.337940	126.00
0.337960	123.00
0.337980	120.00
0.338000	117.00
0.338020	115.00
0.338040	115.00
0.338060	115.00
0.338080	115.00
0.338100	116.00
0.338120	117.00
0.338140	120.00
0.338160	123.00
0.338180	127.00
0.338200	132.00
0.338220	136.00
0.338240	140.00
0.338260	142.00
0.338280	143.00
0.338300	142.00
0.338320	140.00
0.338340	136.00
0.338360	131.00
0.338380	125.00
0.338400	117.00
0.338420	110.00
0.338440	104.00
0.338460	100.00
0.338480	97.00
0.338500	97.00
0.338520	100.00
0.338540	105.00
0.338560	113.00
0.338580	122.00
0.338600	132.00
0.338620	142.00
0.338640	150.00
0.338660	156.00
0.338680	160.00
0.338700	160.00
0.338720	158.00
0.338740	153.00
0.338760	145.00
0.338780	135.00
0.338800	124.00
0.338820	113.00
0.338840	104.00
0.338860	96.00
0.338880	90.00
0.338900	88.00
0.338920	88.00
0.338940	92.00
0.338960	99.00
0.338980	108.00
0.339000	117.00
0.339020	127.00
0.339040	137.00
0.339060	146.00
0.339080	152.00
0.339100	155.00
0.339120	156.00
0.339140	154.00
0.339160	150.00
0.339180	144.00
0.339200	136.00
0.339220	128.00
0.339240	121.00
0.339260	114.00
0.339280	108.00
0.339300	104.00
0.339320	102.00
0.339340	102.00
0.339360	104.00
0.339380	108.00
0.339400	113.00
0.339420	118.00
0.339440	124.00
0.339460	129.00
0.339480	134.00
0.339500	138.00
0.339520	140.00
0.339540	141.00
0.339560	140.00
0.339580	139.00
0.339600	136.00
0.339620	133.00
0.339640	129.00
0.339660	126.00
0.339680	122.00
0.339700	119.00
0.339720	117.00
0.339740	115.00
0.339760	115.00
0.339780	115.00
0.339800	116.00
0.339820	118.00
0.339840	120.00
0.339860	123.00
0.339880	126.00
0.339900	128.00
0.339920	130.00
0.339940	131.00
0.339960	132.00
0.339980	132.00
0.340000	131.00
0.340020	130.00
0.340040	128.00
0.340060	127.00
0.340080	126.00
0.340100	125.00
0.340120	123.00
0.340140	122.00
0.340160	121.00
0.340180	121.00
0.340200	121.00
0.340220	121.00
0.340240	122.00
0.340260	123.00
0.340280	124.00
0.340300	125.00
0.340320	126.00
0.340340	127.00
0.340360	128.00
0.340380	128.00
0.340400	128.00
0.340420	127.00
0.340440	127.00
0.340460	127.00
0.340480	126.00
0.340500	126.00
0.340520	125.00
0.340540	124.00
0.340560	124.00
0.340580	124.00
0.340600	124.00
0.340620	123.00
0.340640	123.00
0.340660	123.00
0.340680	124.00
0.340700	124.00
0.340720	124.00
0.340740	125.00
0.340760	126.00
0.340780	127.00
0.340800	127.00
0.340820	127.00
0.340840	127.00
0.340860	127.00
0.340880	126.00
0.340900	126.00
0.340920	126.00
0.340940	125.00
0.340960	125.00
0.340980	125.00
0.341000	124.00
0.341020	124.00
0.341040	124.00
0.341060	124.00
0.341080	124.00
0.341100	124.00
0.341120	124.00
0.341140	124.00
0.341160	125.00
0.341180	125.00
0.341200	126.00
0.341220	126.00
0.341240	126.00
0.341260	126.00
0.341280	126.00
0.341300	126.00
0.341320	126.00
0.341340	126.00
0.341360	126.00
0.341380	125.00
0.341400	125.00
0.341420	125.00
0.341440	125.00
0.341460	124.00
0.341480	124.00
0.341500	124.00
0.341520	125.00
0.341540	125.00
0.341560	125.00
0.341580	125.00
0.341600	125.00
0.341620	125.00
0.341640	125.00
0.341660	125.00
0.341680	125.00
0.341700	125.00
0.341720	125.00
0.341740	125.00
0.341760	125.00
0.341780	125.00
0.341800	125.00
0.341820	125.00
0.341840	125.00
0.341860	124.00
0.341880	124.00
0.341900	124.00
0.341920	124.00
0.341940	125.00
0.341960	125.00
0.341980	125.00
0.342000	125.00
0.342020	125.00
0.342040	125.00
0.342060	125.00
0.342080	125.00
0.342100	125.00
0.342120	125.00
0.342140	125.00
0.342160	124.00
0.342180	124.00
0.342200	124.00
0.342220	124.00
0.342240	125.00
0.342260	125.00
0.342280	125.00
0.342300	125.00
0.342320	125.00
0.342340	126.00
0.342360	126.00
0.342380	125.00
0.342400	125.00
0.342420	125.00
0.342440	125.00
0.342460	124.00
0.342480	124.00
0.342500	124.00
0.342520	124.00
0.342540	124.00
0.342560	124.00
0.342580	125.00
0.342600	125.00
0.342620	125.00
0.342640	125.00
0.342660	125.00
0.342680	125.00
0.342700	125.00
0.342720	125.00
0.342740	125.00
0.342760	125.00
0.342780	125.00
0.342800	125.00
0.342820	125.00
0.342840	125.00
0.342860	125.00
0.342880	125.00
0.342900	125.00
0.342920	124.00
0.342940	124.00
0.342960	124.00
0.342980	124.00
0.343000	124.00
0.343020	125.00
0.343040	125.00
0.343060	125.00
0.343080	125.00
0.343100	124.00
0.343120	124.00
0.343140	125.00
0.343160	125.00
0.343180	126.00
0.343200	126.00
0.343220	126.00
0.343240	126.00
0.343260	126.00
0.343280	125.00
0.343300	125.00
0.343320	125.00
0.343340	125.00
0.343360	125.00
0.343380	125.00
0.343400	125.00
0.343420	124.00
0.343440	125.00
0.343460	125.00
0.343480	126.00
0.343500	125.00
0.343520	125.00
0.343540	125.00
0.343560	125.00
0.343580	126.00
0.343600	126.00
0.343620	125.00
0.343640	125.00
0.343660	126.00
0.343680	126.00
0.343700	126.00
0.343720	125.00
0.343740	125.00
0.343760	125.00
0.343780	125.00
0.343800	125.00
0.343820	124.00
0.343840	124.00
0.343860	123.00
0.343880	123.00
0.343900	123.00
0.343920	123.00
0.343940	124.00
0.343960	125.00
0.343980	126.00
0.344000	127.00
0.344020	128.00
0.344040	129.00
0.344060	129.00
0.344080	129.00
0.344100	129.00
0.344120	128.00
0.344140	127.00
0.344160	126.00
0.344180	124.00
0.344200	122.00
0.344220	120.00
0.344240	119.00
0.344260	118.00
0.344280	118.00
0.344300	118.00
0.344320	118.00
0.344340	119.00
0.344360	120.00
0.344380	122.00
0.344400	125.00
0.344420	128.00
0.344440	131.00
0.344460	134.00
0.344480	136.00
0.344500	137.00
0.344520	137.00
0.344540	136.00
0.344560	134.00
0.344580	131.00
0.344600	127.00
0.344620	123.00
0.344640	119.00
0.344660	114.00
0.344680	110.00
0.344700	107.00
0.344720	105.00
0.344740	106.00
0.344760	110.00
0.344780	114.00
0.344800	120.00
0.344820	126.00
0.344840	133.00
0.344860	139.00
0.344880	144.00
0.344900	147.00
0.344920	149.00
0.344940	149.00
0.344960	146.00
0.344980	141.00
0.345000	135.00
0.345020	127.00
0.345040	120.00
0.345060	113.00
0.345080	108.00
0.345100	103.00
0.345120	100.00
0.345140	100.00
0.345160	102.00
0.345180	105.00
0.345200	110.00
0.345220	116.00
0.345240	123.00
0.345260	130.00
0.345280	136.00
0.345300	141.00
0.345320	144.00
0.345340	146.00
0.345360	146.00
0.345380	145.00
0.345400	141.00
0.345420	136.00
0.345440	131.00
0.345460	126.00
0.345480	120.00
0.345500	116.00
0.345520	112.00
0.345540	110.00
0.345560	109.00
0.345580	110.00
0.345600	112.00
0.345620	114.00
0.345640	117.00
0.345660	121.00
0.345680	124.00
0.345700	128.00
0.345720	131.00
0.345740	133.00
0.345760	135.00
0.345780	136.00
0.345800	135.00
0.345820	133.00
0.345840	131.00
0.345860	129.00
0.345880	127.00
0.345900	125.00
0.345920	122.00
0.345940	120.00
0.345960	119.00
0.345980	118.00
0.346000	119.00
0.346020	119.00
0.346040	120.00
0.346060	120.00
0.346080	122.00
0.346100	123.00
0.346120	125.00
0.346140	127.00
0.346160	128.00
0.346180	129.00
0.346200	129.00
0.346220	129.00
0.346240	128.00
0.346260	127.00
0.346280	126.00
0.346300	125.00
0.346320	125.00
0.346340	124.00
0.346360	124.00
0.346380	123.00
0.346400	123.00
0.346420	122.00
0.346440	122.00
0.346460	122.00
0.346480	123.00
0.346500	124.00
0.346520	124.00
0.346540	125.00
0.346560	125.00
0.346580	126.00
0.346600	127.00
0.346620	127.00
0.346640	127.00
0.346660	127.00
0.346680	126.00
0.346700	126.00
0.346720	126.00
0.346740	125.00
0.346760	125.00
0.346780	125.00
0.346800	124.00
0.346820	124.00
0.346840	124.00
0.346860	124.00
0.346880	124.00
0.346900	124.00
0.346920	124.00
0.346940	125.00
0.346960	125.00
0.346980	125.00
0.347000	125.00
0.347020	125.00
0.347040	125.00
0.347060	125.00
0.347080	126.00
0.347100	126.00
0.347120	126.00
0.347140	126.00
0.347160	125.00
0.347180	125.00
0.347200	125.00
0.347220	125.00
0.347240	124.00
0.347260	124.00
0.347280	124.00
0.347300	125.00
0.347320	125.00
0.347340	125.00
0.347360	125.00
0.347380	126.00
0.347400	126.00
0.347420	126.00
0.347440	126.00
0.347460	126.00
0.347480	126.00
0.347500	126.00
0.347520	125.00
0.347540	125.00
0.347560	125.00
0.347580	125.00
0.347600	125.00
0.347620	125.00
0.347640	125.00
0.347660	124.00
0.347680	124.00
0.347700	124.00
0.347720	125.00
0.347740	125.00
0.347760	125.00
0.347780	125.00
0.347800	125.00
0.347820	125.00
0.347840	125.00
0.347860	126.00
0.347880	126.00
0.347900	126.00
0.347920	126.00
0.347940	126.00
0.347960	125.00
0.347980	125.00
0.348000	125.00
0.348020	125.00
0.348040	125.00
0.348060	125.00
0.348080	124.00
0.348100	124.00
0.348120	124.00
0.348140	124.00
0.348160	125.00
0.348180	125.00
0.348200	125.00
0.348220	125.00
0.348240	125.00
0.348260	125.00
0.348280	125.00
0.348300	125.00
0.348320	125.00
0.348340	125.00
0.348360	125.00
0.348380	125.00
0.348400	125.00
0.348420	125.00
0.348440	125.00
0.348460	125.00
0.348480	125.00
0.348500	125.00
0.348520	125.00
0.348540	125.00
0.348560	125.00
0.348580	125.00
0.348600	125.00
0.348620	125.00
0.348640	125.00
0.348660	125.00
0.348680	125.00
0.348700	125.00
0.348720	125.00
0.348740	125.00
0.348760	125.00
0.348780	125.00
0.348800	124.00
0.348820	124.00
0.348840	125.00
0.348860	125.00
0.348880	125.00
0.348900	125.00
0.348920	125.00
0.348940	125.00
0.348960	125.00
0.348980	125.00
0.349000	125.00
0.349020	125.00
0.349040	125.00
0.349060	125.00
0.349080	126.00
0.349100	126.00
0.349120	125.00
0.349140	124.00
0.349160	124.00
0.349180	124.00
0.349200	124.00
0.349220	125.00
0.349240	125.00
0.349260	125.00
0.349280	125.00
0.349300	125.00
0.349320	125.00
0.349340	125.00
0.349360	125.00
0.349380	125.00
0.349400	125.00
0.349420	125.00
0.349440	125.00
0.349460	125.00
0.349480	125.00
0.349500	125.00
0.349520	125.00
0.349540	125.00
0.349560	125.00
0.349580	125.00
0.349600	125.00
0.349620	125.00
0.349640	125.00
0.349660	125.00
0.349680	126.00
0.349700	126.00
0.349720	125.00
0.349740	125.00
0.349760	124.00
0.349780	125.00
0.349800	125.00
0.349820	125.00
0.349840	126.00
0.349860	126.00
0.349880	125.00
0.349900	125.00
0.349920	125.00
0.349940	124.00
0.349960	124.00
0.349980	124.00
0.350000	125.00
0.350020	125.00
0.350040	124.00
0.350060	124.00
0.350080	123.00
0.350100	123.00
0.350120	123.00
0.350140	124.00
0.350160	124.00
0.350180	125.00
0.350200	126.00
0.350220	127.00
0.350240	127.00
0.350260	127.00
0.350280	127.00
0.350300	127.00
0.350320	127.00
0.350340	127.00
0.350360	127.00
0.350380	126.00
0.350400	125.00
0.350420	123.00
0.350440	121.00
0.350460	120.00
0.350480	120.00
0.350500	120.00
0.350520	120.00
0.350540	120.00
0.350560	120.00
0.350580	121.00
0.350600	122.00
0.350620	124.00
0.350640	126.00
0.350660	128.00
0.350680	130.00
0.350700	132.00
0.350720	133.00
0.350740	133.00
0.350760	133.00
0.350780	132.00
0.350800	130.00
0.350820	127.00
0.350840	124.00
0.350860	120.00
0.350880	117.00
0.350900	114.00
0.350920	112.00
0.350940	111.00
0.350960	111.00
0.350980	113.00
0.351000	115.00
0.351020	119.00
0.351040	123.00
0.351060	128.00
0.351080	133.00
0.351100	137.00
0.351120	140.00
0.351140	142.00
0.351160	142.00
0.351180	140.00
0.351200	138.00
0.351220	134.00
0.351240	129.00
0.351260	123.00
0.351280	118.00
0.351300	114.00
0.351320	110.00
0.351340	108.00
0.351360	107.00
0.351380	107.00
0.351400	109.00
0.351420	112.00
0.351440	117.00
0.351460	122.00
0.351480	126.00
0.351500	131.00
0.351520	135.00
0.351540	138.00
0.351560	140.00
0.351580	141.00
0.351600	140.00
0.351620	138.00
0.351640	135.00
0.351660	131.00
0.351680	127.00
0.351700	124.00
0.351720	120.00
0.351740	117.00
0.351760	115.00
0.351780	113.00
0.351800	113.00
0.351820	114.00
0.351840	116.00
0.351860	118.00
0.351880	120.00
0.351900	123.00
0.351920	126.00
0.351940	129.00
0.351960	131.00
0.351980	132.00
0.352000	133.00
0.352020	133.00
0.352040	133.00
0.352060	131.00
0.352080	129.00
0.352100	127.00
0.352120	125.00
0.352140	124.00
0.352160	122.00
0.352180	121.00
0.352200	120.00
0.352220	120.00
0.352240	120.00
0.352260	121.00
0.352280	122.00
0.352300	122.00
0.352320	123.00
0.352340	124.00
0.352360	125.00
0.352380	126.00
0.352400	127.00
0.352420	127.00
0.352440	128.00
0.352460	128.00
0.352480	128.00
0.352500	127.00
0.352520	126.00
0.352540	126.00
0.352560	125.00
0.352580	125.00
0.352600	124.00
0.352620	123.00
0.352640	123.00
0.352660	123.00
0.352680	123.00
0.352700	123.00
0.352720	123.00
0.352740	124.00
0.352760	125.00
0.352780	126.00
0.352800	126.00
0.352820	126.00
0.352840	126.00
0.352860	126.00
0.352880	126.00
0.352900	125.00
0.352920	125.00
0.352940	125.00
0.352960	125.00
0.352980	125.00
0.353000	125.00
0.353020	124.00
0.353040	124.00
0.353060	124.00
0.353080	124.00
0.353100	124.00
0.353120	124.00
0.353140	125.00
0.353160	125.00
0.353180	125.00
0.353200	126.00
0.353220	126.00
0.353240	126.00
0.353260	126.00
0.353280	126.00
0.353300	125.00
0.353320	125.00
0.353340	125.00
0.353360	125.00
0.353380	125.00
0.353400	125.00
0.353420	124.00
0.353440	124.00
0.353460	124.00
0.353480	124.00
0.353500	124.00
0.353520	125.00
0.353540	125.00
0.353560	125.00
0.353580	125.00
0.353600	125.00
0.353620	124.00
0.353640	125.00
0.353660	125.00
0.353680	125.00
0.353700	125.00
0.353720	125.00
0.353740	125.00
0.353760	125.00
0.353780	125.00
0.353800	124.00
0.353820	124.00
0.353840	124.00
0.353860	124.00
0.353880	124.00
0.353900	124.00
0.353920	125.00
0.353940	125.00
0.353960	125.00
0.353980	125.00
0.354000	125.00
0.354020	125.00
0.354040	125.00
0.354060	125.00
0.354080	125.00
0.354100	125.00
0.354120	125.00
0.354140	124.00
0.354160	124.00
0.354180	124.00
0.354200	123.00
0.354220	123.00
0.354240	123.00
0.354260	124.00
0.354280	124.00
0.354300	124.00
0.354320	125.00
0.354340	125.00
0.354360	125.00
0.354380	125.00
0.354400	125.00
0.354420	125.00
0.354440	126.00
0.354460	126.00
0.354480	126.00
0.354500	126.00
0.354520	125.00
0.354540	125.00
0.354560	125.00
0.354580	125.00
0.354600	125.00
0.354620	125.00
0.354640	124.00
0.354660	124.00
0.354680	124.00
0.354700	125.00
0.354720	125.00
0.354740	125.00
0.354760	125.00
0.354780	125.00
0.354800	125.00
0.354820	125.00
0.354840	125.00
0.354860	125.00
0.354880	125.00
0.354900	125.00
0.354920	125.00
0.354940	124.00
0.354960	124.00
0.354980	125.00
0.355000	125.00
0.355020	125.00
0.355040	125.00
0.355060	125.00
0.355080	125.00
0.355100	125.00
0.355120	125.00
0.355140	125.00
0.355160	125.00
0.355180	125.00
0.355200	125.00
0.355220	125.00
0.355240	125.00
0.355260	125.00
0.355280	125.00
0.355300	125.00
0.355320	125.00
0.355340	125.00
0.355360	125.00
0.355380	125.00
0.355400	125.00
0.355420	124.00
0.355440	124.00
0.355460	124.00
0.355480	125.00
0.355500	125.00
0.355520	125.00
0.355540	125.00
0.355560	124.00
0.355580	124.00
0.355600	124.00
0.355620	124.00
0.355640	125.00
0.355660	125.00
0.355680	125.00
0.355700	125.00
0.355720	125.00
0.355740	125.00
0.355760	125.00
0.355780	125.00
0.355800	125.00
0.355820	125.00
0.355840	125.00
0.355860	125.00
0.355880	125.00
0.355900	125.00
0.355920	125.00
0.355940	126.00
0.355960	126.00
0.355980	125.00
0.356000	125.00
0.356020	125.00
0.356040	125.00
0.356060	126.00
0.356080	126.00
0.356100	126.00
0.356120	125.00
0.356140	125.00
0.356160	125.00
0.356180	125.00
0.356200	125.00
0.356220	124.00
0.356240	124.00
0.356260	124.00
0.356280	124.00
0.356300	124.00
0.356320	124.00
0.356340	123.00
0.356360	123.00
0.356380	123.00
0.356400	124.00
0.356420	125.00
0.356440	126.00
0.356460	126.00
0.356480	127.00
0.356500	127.00
0.356520	127.00
0.356540	127.00
0.356560	127.00
0.356580	127.00
0.356600	126.00
0.356620	124.00
0.356640	123.00
0.356660	122.00
0.356680	122.00
0.356700	122.00
0.356720	122.00
0.356740	122.00
0.356760	122.00
0.356780	122.00
0.356800	123.00
0.356820	123.00
0.356840	124.00
0.356860	125.00
0.356880	127.00
0.356900	128.00
0.356920	130.00
0.356940	131.00
0.356960	132.00
0.356980	131.00
0.357000	130.00
0.357020	129.00
0.357040	127.00
0.357060	125.00
0.357080	123.00
0.357100	121.00
0.357120	118.00
0.357140	116.00
0.357160	115.00
0.357180	115.00
0.357200	116.00
0.357220	118.00
0.357240	121.00
0.357260	124.00
0.357280	127.00
0.357300	130.00
0.357320	133.00
0.357340	135.00
0.357360	137.00
0.357380	137.00
0.357400	136.00
0.357420	135.00
0.357440	132.00
0.357460	129.00
0.357480	125.00
0.357500	122.00
0.357520	118.00
0.357540	115.00
0.357560	113.00
0.357580	112.00
0.357600	112.00
0.357620	113.00
0.357640	115.00
0.357660	118.00
0.357680	122.00
0.357700	125.00
0.357720	129.00
0.357740	132.00
0.357760	135.00
0.357780	136.00
0.357800	136.00
0.357820	135.00
0.357840	134.00
0.357860	132.00
0.357880	130.00
0.357900	127.00
0.357920	124.00
0.357940	122.00
0.357960	120.00
0.357980	118.00
0.358000	116.00
0.358020	116.00
0.358040	116.00
0.358060	117.00
0.358080	119.00
0.358100	121.00
0.358120	123.00
0.358140	125.00
0.358160	127.00
0.358180	129.00
0.358200	130.00
0.358220	130.00
0.358240	130.00
0.358260	130.00
0.358280	129.00
0.358300	128.00
0.358320	127.00
0.358340	125.00
0.358360	124.00
0.358380	123.00
0.358400	122.00
0.358420	121.00
0.358440	121.00
0.358460	121.00
0.358480	122.00
0.358500	123.00
0.358520	123.00
0.358540	123.00
0.358560	124.00
0.358580	125.00
0.358600	126.00
0.358620	127.00
0.358640	127.00
0.358660	127.00
0.358680	127.00
0.358700	127.00
0.358720	127.00
0.358740	126.00
0.358760	125.00
0.358780	125.00
0.358800	124.00
0.358820	124.00
0.358840	124.00
0.358860	123.00
0.358880	123.00
0.358900	123.00
0.358920	123.00
0.358940	123.00
0.358960	124.00
0.358980	125.00
0.359000	126.00
0.359020	126.00
0.359040	126.00
0.359060	126.00
0.359080	126.00
0.359100	126.00
0.359120	126.00
0.359140	125.00
0.359160	125.00
0.359180	125.00
0.359200	125.00
0.359220	124.00
0.359240	124.00
0.359260	124.00
0.359280	124.00
0.359300	124.00
0.359320	124.00
0.359340	124.00
0.359360	124.00
0.359380	124.00
0.359400	125.00
0.359420	125.00
0.359440	125.00
0.359460	125.00
0.359480	125.00
0.359500	126.00
0.359520	126.00
0.359540	126.00
0.359560	126.00
0.359580	125.00
0.359600	124.00
0.359620	124.00
0.359640	124.00
0.359660	124.00
0.359680	124.00
0.359700	125.00
0.359720	125.00
0.359740	125.00
0.359760	125.00
0.359780	125.00
0.359800	125.00
0.359820	125.00
0.359840	125.00
0.359860	125.00
0.359880	125.00
0.359900	125.00
0.359920	125.00
0.359940	125.00
0.359960	125.00
0.359980	126.00
