0.320000	101.00
0.320020	49.00
0.320040	101.00
0.320060	140.00
0.320080	143.00
0.320100	124.00
0.320120	112.00
0.320140	117.00
0.320160	130.00
0.320180	133.00
0.320200	125.00
0.320220	118.00
0.320240	121.00
0.320260	128.00
0.320280	130.00
0.320300	124.00
0.320320	120.00
0.320340	122.00
0.320360	127.00
0.320380	129.00
0.320400	125.00
0.320420	121.00
0.320440	123.00
0.320460	128.00
0.320480	129.00
0.320500	126.00
0.320520	123.00
0.320540	124.00
0.320560	127.00
0.320580	128.00
0.320600	125.00
0.320620	123.00
0.320640	123.00
0.320660	126.00
0.320680	126.00
0.320700	124.00
0.320720	122.00
0.320740	124.00
0.320760	127.00
0.320780	127.00
0.320800	125.00
0.320820	123.00
0.320840	123.00
0.320860	125.00
0.320880	127.00
0.320900	125.00
0.320920	124.00
0.320940	124.00
0.320960	125.00
0.320980	126.00
0.321000	124.00
0.321020	123.00
0.321040	123.00
0.321060	125.00
0.321080	126.00
0.321100	124.00
0.321120	123.00
0.321140	123.00
0.321160	125.00
0.321180	126.00
0.321200	125.00
0.321220	123.00
0.321240	124.00
0.321260	125.00
0.321280	126.00
0.321300	124.00
0.321320	123.00
0.321340	124.00
0.321360	126.00
0.321380	126.00
0.321400	125.00
0.321420	124.00
0.321440	125.00
0.321460	126.00
0.321480	126.00
0.321500	125.00
0.321520	124.00
0.321540	124.00
0.321560	125.00
0.321580	125.00
0.321600	125.00
0.321620	124.00
0.321640	125.00
0.321660	126.00
0.321680	126.00
0.321700	125.00
0.321720	124.00
0.321740	124.00
0.321760	125.00
0.321780	125.00
0.321800	125.00
0.321820	124.00
0.321840	124.00
0.321860	125.00
0.321880	125.00
0.321900	124.00
0.321920	123.00
0.321940	124.00
0.321960	125.00
0.321980	126.00
0.322000	125.00
0.322020	124.00
0.322040	124.00
0.322060	125.00
0.322080	125.00
0.322100	124.00
0.322120	124.00
0.322140	124.00
0.322160	125.00
0.322180	125.00
0.322200	124.00
0.322220	124.00
0.322240	124.00
0.322260	125.00
0.322280	126.00
0.322300	125.00
0.322320	124.00
0.322340	124.00
0.322360	125.00
0.322380	125.00
0.322400	124.00
0.322420	124.00
0.322440	124.00
0.322460	125.00
0.322480	126.00
0.322500	125.00
0.322520	125.00
0.322540	125.00
0.322560	126.00
0.322580	126.00
0.322600	125.00
0.322620	125.00
0.322640	125.00
0.322660	126.00
0.322680	126.00
0.322700	125.00
0.322720	124.00
0.322740	124.00
0.322760	124.00
0.322780	125.00
0.322800	124.00
0.322820	124.00
0.322840	124.00
0.322860	124.00
0.322880	125.00
0.322900	124.00
0.322920	124.00
0.322940	124.00
0.322960	124.00
0.322980	125.00
0.323000	124.00
0.323020	124.00
0.323040	124.00
0.323060	124.00
0.323080	125.00
0.323100	124.00
0.323120	124.00
0.323140	124.00
0.323160	125.00
0.323180	125.00
0.323200	124.00
0.323220	124.00
0.323240	124.00
0.323260	125.00
0.323280	126.00
0.323300	125.00
0.323320	124.00
0.323340	124.00
0.323360	125.00
0.323380	125.00
0.323400	125.00
0.323420	125.00
0.323440	125.00
0.323460	125.00
0.323480	126.00
0.323500	125.00
0.323520	125.00
0.323540	125.00
0.323560	125.00
0.323580	126.00
0.323600	125.00
0.323620	124.00
0.323640	124.00
0.323660	124.00
0.323680	125.00
0.323700	125.00
0.323720	125.00
0.323740	125.00
0.323760	125.00
0.323780	126.00
0.323800	125.00
0.323820	125.00
0.323840	124.00
0.323860	124.00
0.323880	124.00
0.323900	125.00
0.323920	125.00
0.323940	125.00
0.323960	125.00
0.323980	126.00
0.324000	125.00
0.324020	125.00
0.324040	125.00
0.324060	125.00
0.324080	125.00
0.324100	124.00
0.324120	124.00
0.324140	125.00
0.324160	125.00
0.324180	125.00
0.324200	125.00
0.324220	124.00
0.324240	124.00
0.324260	124.00
0.324280	125.00
0.324300	124.00
0.324320	124.00
0.324340	124.00
0.324360	125.00
0.324380	125.00
0.324400	124.00
0.324420	124.00
0.324440	124.00
0.324460	125.00
0.324480	126.00
0.324500	125.00
0.324520	125.00
0.324540	125.00
0.324560	125.00
0.324580	125.00
0.324600	125.00
0.324620	124.00
0.324640	124.00
0.324660	124.00
0.324680	125.00
0.324700	124.00
0.324720	124.00
0.324740	124.00
0.324760	125.00
0.324780	125.00
0.324800	125.00
0.324820	124.00
0.324840	124.00
0.324860	124.00
0.324880	125.00
0.324900	124.00
0.324920	124.00
0.324940	123.00
0.324960	123.00
0.324980	123.00
0.325000	122.00
0.325020	121.00
0.325040	121.00
0.325060	122.00
0.325080	124.00
0.325100	126.00
0.325120	128.00
0.325140	131.00
0.325160	135.00
0.325180	140.00
0.325200	143.00
0.325220	146.00
0.325240	147.00
0.325260	145.00
0.325280	139.00
0.325300	131.00
0.325320	120.00
0.325340	109.00
0.325360	100.00
0.325380	91.00
0.325400	84.00
0.325420	79.00
0.325440	78.00
0.325460	80.00
0.325480	88.00
0.325500	100.00
0.325520	115.00
0.325540	134.00
0.325560	153.00
0.325580	170.00
0.325600	182.00
0.325620	189.00
0.325640	194.00
0.325660	195.00
0.325680	191.00
0.325700	180.00
0.325720	163.00
0.325740	139.00
0.325760	110.00
0.325780	80.00
0.325800	50.00
0.325820	25.00
0.325840	9.00
0.325860	2.00
0.325880	6.00
0.325900	19.00
0.325920	44.00
0.325940	80.00
0.325960	125.00
0.325980	172.00
0.326000	213.00
0.326020	241.00
0.326040	254.00
0.326060	255.00
0.326080	254.00
0.326100	245.00
0.326120	225.00
0.326140	189.00
0.326160	136.00
0.326180	77.00
0.326200	27.00
0.326220	0.00
0.326240	0.00
0.326260	3.00
0.326280	7.00
0.326300	1.00
0.326320	0.00
0.326340	4.00
0.326360	43.00
0.326380	108.00
0.326400	176.00
0.326420	228.00
0.326440	253.00
0.326460	255.00
0.326480	255.00
0.326500	255.00
0.326520	254.00
0.326540	246.00
0.326560	221.00
0.326580	176.00
0.326600	118.00
0.326620	61.00
0.326640	18.00
0.326660	0.00
0.326680	0.00
0.326700	3.00
0.326720	4.00
0.326740	0.00
0.326760	0.00
0.326780	18.00
0.326800	60.00
0.326820	116.00
0.326840	169.00
0.326860	209.00
0.326880	232.00
0.326900	243.00
0.326920	246.00
0.326940	243.00
0.326960	232.00
0.326980	214.00
0.327000	187.00
0.327020	156.00
0.327040	121.00
0.327060	86.00
0.327080	56.00
0.327100	33.00
0.327120	20.00
0.327140	16.00
0.327160	21.00
0.327180	34.00
0.327200	54.00
0.327220	79.00
0.327240	106.00
0.327260	132.00
0.327280	155.00
0.327300	174.00
0.327320	187.00
0.327340	194.00
0.327360	194.00
0.327380	188.00
0.327400	178.00
0.327420	165.00
0.327440	149.00
0.327460	132.00
0.327480	116.00
0.327500	101.00
0.327520	90.00
0.327540	83.00
0.327560	79.00
0.327580	80.00
0.327600	84.00
0.327620	92.00
0.327640	102.00
0.327660	112.00
0.327680	123.00
0.327700	133.00
0.327720	142.00
0.327740	148.00
0.327760	152.00
0.327780	154.00
0.327800	152.00
0.327820	149.00
0.327840	144.00
0.327860	138.00
0.327880	131.00
0.327900	124.00
0.327920	118.00
0.327940	113.00
0.327960	109.00
0.327980	107.00
0.328000	106.00
0.328020	107.00
0.328040	110.00
0.328060	114.00
0.328080	118.00
0.328100	122.00
0.328120	126.00
0.328140	130.00
0.328160	132.00
0.328180	134.00
0.328200	135.00
0.328220	136.00
0.328240	135.00
0.328260	134.00
0.328280	132.00
0.328300	129.00
0.328320	126.00
0.328340	124.00
0.328360	122.00
0.328380	120.00
0.328400	119.00
0.328420	118.00
0.328440	118.00
0.328460	118.00
0.328480	119.00
0.328500	121.00
0.328520	123.00
0.328540	125.00
0.328560	126.00
0.328580	127.00
0.328600	128.00
0.328620	129.00
0.328640	129.00
0.328660	129.00
0.328680	129.00
0.328700	128.00
0.328720	127.00
0.328740	127.00
0.328760	126.00
0.328780	125.00
0.328800	124.00
0.328820	123.00
0.328840	123.00
0.328860	122.00
0.328880	122.00
0.328900	122.00
0.328920	123.00
0.328940	123.00
0.328960	124.00
0.328980	125.00
0.329000	125.00
0.329020	126.00
0.329040	126.00
0.329060	127.00
0.329080	127.00
0.329100	127.00
0.329120	127.00
0.329140	126.00
0.329160	126.00
0.329180	126.00
0.329200	125.00
0.329220	125.00
0.329240	124.00
0.329260	124.00
0.329280	124.00
0.329300	124.00
0.329320	124.00
0.329340	125.00
0.329360	125.00
0.329380	125.00
0.329400	124.00
0.329420	125.00
0.329440	126.00
0.329460	126.00
0.329480	126.00
0.329500	126.00
0.329520	126.00
0.329540	126.00
0.329560	126.00
0.329580	126.00
0.329600	126.00
0.329620	125.00
0.329640	125.00
0.329660	125.00
0.329680	124.00
0.329700	124.00
0.329720	124.00
0.329740	125.00
0.329760	125.00
0.329780	125.00
0.329800	125.00
0.329820	124.00
0.329840	124.00
0.329860	125.00
0.329880	125.00
0.329900	125.00
0.329920	125.00
0.329940	125.00
0.329960	126.00
0.329980	126.00
0.330000	125.00
0.330020	125.00
0.330040	125.00
0.330060	125.00
0.330080	125.00
0.330100	125.00
0.330120	124.00
0.330140	124.00
0.330160	125.00
0.330180	125.00
0.330200	125.00
0.330220	124.00
0.330240	124.00
0.330260	125.00
0.330280	125.00
0.330300	125.00
0.330320	125.00
0.330340	125.00
0.330360	125.00
0.330380	125.00
0.330400	126.00
0.330420	126.00
0.330440	125.00
0.330460	125.00
0.330480	125.00
0.330500	125.00
0.330520	125.00
0.330540	125.00
0.330560	125.00
0.330580	125.00
0.330600	125.00
0.330620	125.00
0.330640	125.00
0.330660	125.00
0.330680	125.00
0.330700	125.00
0.330720	125.00
0.330740	125.00
0.330760	126.00
0.330780	126.00
0.330800	125.00
0.330820	125.00
0.330840	125.00
0.330860	125.00
0.330880	124.00
0.330900	124.00
0.330920	125.00
0.330940	125.00
0.330960	126.00
0.330980	125.00
0.331000	125.00
0.331020	125.00
0.331040	125.00
0.331060	125.00
0.331080	125.00
0.331100	125.00
0.331120	125.00
0.331140	125.00
0.331160	125.00
0.331180	125.00
0.331200	125.00
0.331220	125.00
0.331240	126.00
0.331260	126.00
0.331280	126.00
0.331300	126.00
0.331320	125.00
0.331340	125.00
0.331360	124.00
0.331380	123.00
0.331400	122.00
0.331420	121.00
0.331440	120.00
0.331460	120.00
0.331480	120.00
0.331500	121.00
0.331520	123.00
0.331540	125.00
0.331560	128.00
0.331580	131.00
0.331600	133.00
0.331620	134.00
0.331640	135.00
0.331660	136.00
0.331680	136.00
0.331700	135.00
0.331720	132.00
0.331740	128.00
0.331760	123.00
0.331780	118.00
0.331800	114.00
0.331820	111.00
0.331840	108.00
0.331860	107.00
0.331880	107.00
0.331900	108.00
0.331920	110.00
0.331940	114.00
0.331960	120.00
0.331980	127.00
0.332000	134.00
0.332020	142.00
0.332040	148.00
0.332060	153.00
0.332080	155.00
0.332100	155.00
0.332120	153.00
0.332140	147.00
0.332160	139.00
0.332180	129.00
0.332200	116.00
0.332220	103.00
0.332240	91.00
0.332260	82.00
0.332280	77.00
0.332300	76.00
0.332320	80.00
0.332340	88.00
0.332360	100.00
0.332380	115.00
0.332400	131.00
0.332420	147.00
0.332440	162.00
0.332460	174.00
0.332480	182.00
0.332500	185.00
0.332520	183.00
0.332540	175.00
0.332560	163.00
0.332580	147.00
0.332600	129.00
0.332620	110.00
0.332640	93.00
0.332660	79.00
0.332680	68.00
0.332700	62.00
0.332720	62.00
0.332740	67.00
0.332760	77.00
0.332780	91.00
0.332800	107.00
0.332820	124.00
0.332840	141.00
0.332860	156.00
0.332880	168.00
0.332900	175.00
0.332920	178.00
0.332940	177.00
0.332960	171.00
0.332980	162.00
0.333000	150.00
0.333020	136.00
0.333040	122.00
0.333060	109.00
0.333080	98.00
0.333100	90.00
0.333120	85.00
0.333140	83.00
0.333160	86.00
0.333180	91.00
0.333200	99.00
0.333220	109.00
0.333240	119.00
0.333260	129.00
0.333280	138.00
0.333300	146.00
0.333320	151.00
0.333340	154.00
0.333360	154.00
0.333380	152.00
0.333400	147.00
0.333420	141.00
0.333440	134.00
0.333460	127.00
0.333480	120.00
0.333500	114.00
0.333520	110.00
0.333540	107.00
0.333560	106.00
0.333580	106.00
0.333600	108.00
0.333620	111.00
0.333640	115.00
0.333660	120.00
0.333680	124.00
0.333700	129.00
0.333720	133.00
0.333740	136.00
0.333760	138.00
0.333780	138.00
0.333800	137.00
0.333820	135.00
0.333840	133.00
0.333860	131.00
0.333880	128.00
0.333900	125.00
0.333920	122.00
0.333940	119.00
0.333960	118.00
0.333980	118.00
0.334000	117.00
0.334020	118.00
0.334040	118.00
0.334060	120.00
0.334080	122.00
0.334100	123.00
0.334120	125.00
0.334140	127.00
0.334160	128.00
0.334180	129.00
0.334200	130.00
0.334220	130.00
0.334240	129.00
0.334260	129.00
0.334280	128.00
0.334300	127.00
0.334320	126.00
0.334340	125.00
0.334360	124.00
0.334380	123.00
0.334400	122.00
0.334420	121.00
0.334440	121.00
0.334460	122.00
0.334480	123.00
0.334500	124.00
0.334520	124.00
0.334540	124.00
0.334560	125.00
0.334580	126.00
0.334600	126.00
0.334620	126.00
0.334640	126.00
0.334660	126.00
0.334680	126.00
0.334700	126.00
0.334720	126.00
0.334740	126.00
0.334760	125.00
0.334780	125.00
0.334800	124.00
0.334820	124.00
0.334840	124.00
0.334860	124.00
0.334880	123.00
0.334900	123.00
0.334920	123.00
0.334940	124.00
0.334960	125.00
0.334980	125.00
0.335000	126.00
0.335020	126.00
0.335040	126.00
0.335060	126.00
0.335080	126.00
0.335100	126.00
0.335120	126.00
0.335140	126.00
0.335160	126.00
0.335180	125.00
0.335200	125.00
0.335220	124.00
0.335240	124.00
0.335260	124.00
0.335280	124.00
0.335300	124.00
0.335320	124.00
0.335340	124.00
0.335360	124.00
0.335380	125.00
0.335400	125.00
0.335420	125.00
0.335440	125.00
0.335460	126.00
0.335480	126.00
0.335500	125.00
0.335520	125.00
0.335540	125.00
0.335560	125.00
0.335580	125.00
0.335600	125.00
0.335620	125.00
0.335640	125.00
0.335660	124.00
0.335680	124.00
0.335700	124.00
0.335720	124.00
0.335740	124.00
0.335760	124.00
0.335780	124.00
0.335800	124.00
0.335820	125.00
0.335840	125.00
0.335860	125.00
0.335880	125.00
0.335900	125.00
0.335920	125.00
0.335940	125.00
0.335960	125.00
0.335980	124.00
0.336000	124.00
0.336020	124.00
0.336040	125.00
0.336060	126.00
0.336080	126.00
0.336100	126.00
0.336120	125.00
0.336140	125.00
0.336160	125.00
0.336180	125.00
0.336200	125.00
0.336220	125.00
0.336240	125.00
0.336260	125.00
0.336280	125.00
0.336300	125.00
0.336320	125.00
0.336340	125.00
0.336360	124.00
0.336380	124.00
0.336400	124.00
0.336420	125.00
0.336440	125.00
0.336460	125.00
0.336480	125.00
0.336500	124.00
0.336520	124.00
0.336540	124.00
0.336560	125.00
0.336580	125.00
0.336600	125.00
0.336620	125.00
0.336640	125.00
0.336660	125.00
0.336680	125.00
0.336700	125.00
0.336720	125.00
0.336740	125.00
0.336760	125.00
0.336780	125.00
0.336800	125.00
0.336820	125.00
0.336840	125.00
0.336860	125.00
0.336880	125.00
0.336900	125.00
0.336920	125.00
0.336940	125.00
0.336960	125.00
0.336980	125.00
0.337000	125.00
0.337020	125.00
0.337040	125.00
0.337060	125.00
0.337080	125.00
0.337100	125.00
0.337120	125.00
0.337140	125.00
0.337160	125.00
0.337180	125.00
0.337200	125.00
0.337220	124.00
0.337240	124.00
0.337260	124.00
0.337280	125.00
0.337300	125.00
0.337320	124.00
0.337340	124.00
0.337360	124.00
0.337380	125.00
0.337400	125.00
0.337420	125.00
0.337440	125.00
0.337460	126.00
0.337480	126.00
0.337500	126.00
0.337520	126.00
0.337540	125.00
0.337560	125.00
0.337580	124.00
0.337600	124.00
0.337620	123.00
0.337640	123.00
0.337660	122.00
0.337680	122.00
0.337700	122.00
0.337720	122.00
0.337740	123.00
0.337760	124.00
0.337780	126.00
0.337800	127.00
0.337820	129.00
0.337840	130.00
0.337860	131.00
0.337880	132.00
0.337900	132.00
0.337920	131.00
0.337940	130.00
0.337960	128.00
0.337980	125.00
0.338000	122.00
0.338020	119.00
0.338040	117.00
0.338060	116.00
0.338080	115.00
0.338100	114.00
0.338120	114.00
0.338140	115.00
0.338160	117.00
0.338180	120.00
0.338200	124.00
0.338220	129.00
0.338240	134.00
0.338260	138.00
0.338280	141.00
0.338300	143.00
0.338320	144.00
0.338340	143.00
0.338360	140.00
0.338380	135.00
0.338400	129.00
0.338420	122.00
0.338440	114.00
0.338460	107.00
0.338480	100.00
0.338500	96.00
0.338520	95.00
0.338540	96.00
0.338560	101.00
0.338580	108.00
0.338600	116.00
0.338620	126.00
0.338640	136.00
0.338660	146.00
0.338680	154.00
0.338700	160.00
0.338720	163.00
0.338740	162.00
0.338760	158.00
0.338780	151.00
0.338800	141.00
0.338820	130.00
0.338840	119.00
0.338860	108.00
0.338880	99.00
0.338900	91.00
0.338920	87.00
0.338940	86.00
0.338960	88.00
0.338980	94.00
0.339000	102.00
0.339020	112.00
0.339040	122.00
0.339060	133.00
0.339080	143.00
0.339100	150.00
0.339120	155.00
0.339140	157.00
0.339160	156.00
0.339180	153.00
0.339200	149.00
0.339220	142.00
0.339240	134.00
0.339260	125.00
0.339280	117.00
0.339300	110.00
0.339320	105.00
0.339340	101.00
0.339360	100.00
0.339380	101.00
0.339400	104.00
0.339420	109.00
0.339440	114.00
0.339460	120.00
0.339480	126.00
0.339500	132.00
0.339520	136.00
0.339540	139.00
0.339560	141.00
0.339580	141.00
0.339600	140.00
0.339620	138.00
0.339640	135.00
0.339660	132.00
0.339680	128.00
0.339700	123.00
0.339720	120.00
0.339740	117.00
0.339760	116.00
0.339780	115.00
0.339800	115.00
0.339820	115.00
0.339840	116.00
0.339860	118.00
0.339880	121.00
0.339900	124.00
0.339920	127.00
0.339940	129.00
0.339960	130.00
0.339980	131.00
0.340000	131.00
0.340020	131.00
0.340040	131.00
0.340060	130.00
0.340080	129.00
0.340100	127.00
0.340120	125.00
0.340140	123.00
0.340160	122.00
0.340180	121.00
0.340200	120.00
0.340220	121.00
0.340240	121.00
0.340260	122.00
0.340280	122.00
0.340300	122.00
0.340320	123.00
0.340340	125.00
0.340360	126.00
0.340380	127.00
0.340400	127.00
0.340420	128.00
0.340440	128.00
0.340460	128.00
0.340480	128.00
0.340500	127.00
0.340520	126.00
0.340540	125.00
0.340560	124.00
0.340580	124.00
0.340600	123.00
0.340620	123.00
0.340640	123.00
0.340660	123.00
0.340680	123.00
0.340700	124.00
0.340720	124.00
0.340740	124.00
0.340760	125.00
0.340780	125.00
0.340800	125.00
0.340820	126.00
0.340840	126.00
0.340860	126.00
0.340880	126.00
0.340900	126.00
0.340920	126.00
0.340940	126.00
0.340960	126.00
0.340980	125.00
0.341000	125.00
0.341020	124.00
0.341040	124.00
0.341060	124.00
0.341080	125.00
0.341100	125.00
0.341120	125.00
0.341140	124.00
0.341160	124.00
0.341180	124.00
0.341200	124.00
0.341220	124.00
0.341240	125.00
0.341260	125.00
0.341280	125.00
0.341300	125.00
0.341320	125.00
0.341340	126.00
0.341360	126.00
0.341380	126.00
0.341400	126.00
0.341420	126.00
0.341440	125.00
0.341460	125.00
0.341480	125.00
0.341500	124.00
0.341520	124.00
0.341540	124.00
0.341560	125.00
0.341580	126.00
0.341600	125.00
0.341620	125.00
0.341640	124.00
0.341660	124.00
0.341680	124.00
0.341700	124.00
0.341720	124.00
0.341740	124.00
0.341760	125.00
0.341780	126.00
0.341800	126.00
0.341820	125.00
0.341840	125.00
0.341860	126.00
0.341880	126.00
0.341900	126.00
0.341920	126.00
0.341940	126.00
0.341960	125.00
0.341980	125.00
0.342000	125.00
0.342020	125.00
0.342040	125.00
0.342060	125.00
0.342080	125.00
0.342100	124.00
0.342120	123.00
0.342140	123.00
0.342160	124.00
0.342180	125.00
0.342200	125.00
0.342220	125.00
0.342240	125.00
0.342260	125.00
0.342280	125.00
0.342300	126.00
0.342320	126.00
0.342340	126.00
0.342360	126.00
0.342380	127.00
0.342400	126.00
0.342420	126.00
0.342440	125.00
0.342460	125.00
0.342480	124.00
0.342500	124.00
0.342520	124.00
0.342540	124.00
0.342560	124.00
0.342580	124.00
0.342600	124.00
0.342620	124.00
0.342640	125.00
0.342660	125.00
0.342680	126.00
0.342700	126.00
0.342720	126.00
0.342740	126.00
0.342760	126.00
0.342780	126.00
0.342800	126.00
0.342820	125.00
0.342840	125.00
0.342860	126.00
0.342880	126.00
0.342900	126.00
0.342920	125.00
0.342940	124.00
0.342960	124.00
0.342980	124.00
0.343000	124.00
0.343020	125.00
0.343040	125.00
0.343060	125.00
0.343080	125.00
0.343100	125.00
0.343120	125.00
0.343140	125.00
0.343160	125.00
0.343180	125.00
0.343200	125.00
0.343220	125.00
0.343240	125.00
0.343260	125.00
0.343280	125.00
0.343300	125.00
0.343320	125.00
0.343340	124.00
0.343360	124.00
0.343380	124.00
0.343400	125.00
0.343420	125.00
0.343440	125.00
0.343460	125.00
0.343480	125.00
0.343500	125.00
0.343520	125.00
0.343540	125.00
0.343560	125.00
0.343580	125.00
0.343600	126.00
0.343620	126.00
0.343640	126.00
0.343660	125.00
0.343680	125.00
0.343700	125.00
0.343720	125.00
0.343740	125.00
0.343760	125.00
0.343780	125.00
0.343800	125.00
0.343820	124.00
0.343840	124.00
0.343860	124.00
0.343880	123.00
0.343900	123.00
0.343920	123.00
0.343940	123.00
0.343960	123.00
0.343980	124.00
0.344000	126.00
0.344020	127.00
0.344040	127.00
0.344060	128.00
0.344080	129.00
0.344100	130.00
0.344120	130.00
0.344140	130.00
0.344160	129.00
0.344180	127.00
0.344200	125.00
0.344220	123.00
0.344240	122.00
0.344260	120.00
0.344280	119.00
0.344300	119.00
0.344320	119.00
0.344340	118.00
0.344360	118.00
0.344380	119.00
0.344400	120.00
0.344420	123.00
0.344440	127.00
0.344460	130.00
0.344480	133.00
0.344500	135.00
0.344520	136.00
0.344540	137.00
0.344560	137.00
0.344580	136.00
0.344600	134.00
0.344620	130.00
0.344640	125.00
0.344660	119.00
0.344680	114.00
0.344700	109.00
0.344720	106.00
0.344740	105.00
0.344760	105.00
0.344780	108.00
0.344800	112.00
0.344820	118.00
0.344840	124.00
0.344860	131.00
0.344880	137.00
0.344900	143.00
0.344920	147.00
0.344940	149.00
0.344960	149.00
0.344980	147.00
0.345000	143.00
0.345020	138.00
0.345040	131.00
0.345060	124.00
0.345080	117.00
0.345100	110.00
0.345120	104.00
0.345140	101.00
0.345160	99.00
0.345180	100.00
0.345200	103.00
0.345220	107.00
0.345240	113.00
0.345260	120.00
0.345280	127.00
0.345300	134.00
0.345320	140.00
0.345340	144.00
0.345360	146.00
0.345380	146.00
0.345400	145.00
0.345420	142.00
0.345440	138.00
0.345460	133.00
0.345480	128.00
0.345500	123.00
0.345520	118.00
0.345540	114.00
0.345560	111.00
0.345580	109.00
0.345600	109.00
0.345620	110.00
0.345640	112.00
0.345660	115.00
0.345680	119.00
0.345700	123.00
0.345720	127.00
0.345740	130.00
0.345760	133.00
0.345780	135.00
0.345800	136.00
0.345820	136.00
0.345840	135.00
0.345860	133.00
0.345880	131.00
0.345900	128.00
0.345920	126.00
0.345940	124.00
0.345960	121.00
0.345980	119.00
0.346000	118.00
0.346020	118.00
0.346040	118.00
0.346060	119.00
0.346080	120.00
0.346100	122.00
0.346120	123.00
0.346140	125.00
0.346160	127.00
0.346180	128.00
0.346200	129.00
0.346220	130.00
0.346240	129.00
0.346260	129.00
0.346280	128.00
0.346300	127.00
0.346320	127.00
0.346340	126.00
0.346360	124.00
0.346380	123.00
0.346400	123.00
0.346420	123.00
0.346440	123.00
0.346460	123.00
0.346480	123.00
0.346500	123.00
0.346520	123.00
0.346540	124.00
0.346560	125.00
0.346580	125.00
0.346600	125.00
0.346620	126.00
0.346640	127.00
0.346660	127.00
0.346680	127.00
0.346700	127.00
0.346720	126.00
0.346740	126.00
0.346760	126.00
0.346780	126.00
0.346800	125.00
0.346820	125.00
0.346840	125.00
0.346860	124.00
0.346880	124.00
0.346900	124.00
0.346920	124.00
0.346940	124.00
0.346960	124.00
0.346980	124.00
0.347000	124.00
0.347020	124.00
0.347040	125.00
0.347060	126.00
0.347080	126.00
0.347100	126.00
0.347120	125.00
0.347140	125.00
0.347160	125.00
0.347180	125.00
0.347200	125.00
0.347220	125.00
0.347240	124.00
0.347260	124.00
0.347280	124.00
0.347300	124.00
0.347320	124.00
0.347340	124.00
0.347360	125.00
0.347380	125.00
0.347400	125.00
0.347420	125.00
0.347440	125.00
0.347460	125.00
0.347480	125.00
0.347500	125.00
0.347520	125.00
0.347540	125.00
0.347560	125.00
0.347580	125.00
0.347600	124.00
0.347620	124.00
0.347640	125.00
0.347660	125.00
0.347680	125.00
0.347700	125.00
0.347720	124.00
0.347740	124.00
0.347760	124.00
0.347780	124.00
0.347800	125.00
0.347820	125.00
0.347840	125.00
0.347860	125.00
0.347880	125.00
0.347900	125.00
0.347920	124.00
0.347940	124.00
0.347960	125.00
0.347980	125.00
0.348000	125.00
0.348020	125.00
0.348040	125.00
0.348060	125.00
0.348080	126.00
0.348100	126.00
0.348120	126.00
0.348140	125.00
0.348160	125.00
0.348180	125.00
0.348200	125.00
0.348220	125.00
0.348240	125.00
0.348260	125.00
0.348280	125.00
0.348300	125.00
0.348320	124.00
0.348340	124.00
0.348360	125.00
0.348380	125.00
0.348400	124.00
0.348420	124.00
0.348440	125.00
0.348460	125.00
0.348480	126.00
0.348500	126.00
0.348520	126.00
0.348540	126.00
0.348560	126.00
0.348580	126.00
0.348600	126.00
0.348620	126.00
0.348640	126.00
0.348660	125.00
0.348680	125.00
0.348700	125.00
0.348720	125.00
0.348740	124.00
0.348760	124.00
0.348780	124.00
0.348800	124.00
0.348820	124.00
0.348840	124.00
0.348860	125.00
0.348880	125.00
0.348900	125.00
0.348920	125.00
0.348940	125.00
0.348960	125.00
0.348980	125.00
0.349000	125.00
0.349020	125.00
0.349040	125.00
0.349060	125.00
0.349080	125.00
0.349100	125.00
0.349120	125.00
0.349140	125.00
0.349160	125.00
0.349180	124.00
0.349200	124.00
0.349220	124.00
0.349240	124.00
0.349260	124.00
0.349280	124.00
0.349300	124.00
0.349320	124.00
0.349340	124.00
0.349360	124.00
0.349380	124.00
0.349400	124.00
0.349420	125.00
0.349440	125.00
0.349460	126.00
0.349480	126.00
0.349500	126.00
0.349520	125.00
0.349540	125.00
0.349560	125.00
0.349580	125.00
0.349600	125.00
0.349620	125.00
0.349640	125.00
0.349660	125.00
0.349680	125.00
0.349700	125.00
0.349720	125.00
0.349740	125.00
0.349760	125.00
0.349780	126.00
0.349800	126.00
0.349820	126.00
0.349840	125.00
0.349860	125.00
0.349880	125.00
0.349900	126.00
0.349920	126.00
0.349940	125.00
0.349960	125.00
0.349980	125.00
0.350000	125.00
0.350020	125.00
0.350040	125.00
0.350060	125.00
0.350080	124.00
0.350100	123.00
0.350120	123.00
0.350140	123.00
0.350160	124.00
0.350180	124.00
0.350200	125.00
0.350220	126.00
0.350240	126.00
0.350260	127.00
0.350280	127.00
0.350300	127.00
0.350320	128.00
0.350340	128.00
0.350360	127.00
0.350380	127.00
0.350400	126.00
0.350420	125.00
0.350440	124.00
0.350460	123.00
0.350480	122.00
0.350500	121.00
0.350520	121.00
0.350540	120.00
0.350560	120.00
0.350580	121.00
0.350600	121.00
0.350620	122.00
0.350640	124.00
0.350660	126.00
0.350680	128.00
0.350700	130.00
0.350720	131.00
0.350740	133.00
0.350760	134.00
0.350780	134.00
0.350800	133.00
0.350820	131.00
0.350840	129.00
0.350860	125.00
0.350880	122.00
0.350900	118.00
0.350920	115.00
0.350940	113.00
0.350960	111.00
0.350980	111.00
0.351000	112.00
0.351020	115.00
0.351040	119.00
0.351060	123.00
0.351080	127.00
0.351100	132.00
0.351120	137.00
0.351140	140.00
0.351160	142.00
0.351180	142.00
0.351200	141.00
0.351220	138.00
0.351240	134.00
0.351260	130.00
0.351280	125.00
0.351300	120.00
0.351320	115.00
0.351340	111.00
0.351360	108.00
0.351380	107.00
0.351400	107.00
0.351420	109.00
0.351440	112.00
0.351460	116.00
0.351480	120.00
0.351500	126.00
0.351520	131.00
0.351540	135.00
0.351560	137.00
0.351580	139.00
0.351600	140.00
0.351620	140.00
0.351640	138.00
0.351660	135.00
0.351680	132.00
0.351700	128.00
0.351720	124.00
0.351740	120.00
0.351760	117.00
0.351780	115.00
0.351800	113.00
0.351820	113.00
0.351840	114.00
0.351860	115.00
0.351880	117.00
0.351900	119.00
0.351920	122.00
0.351940	125.00
0.351960	128.00
0.351980	130.00
0.352000	131.00
0.352020	132.00
0.352040	132.00
0.352060	132.00
0.352080	131.00
0.352100	130.00
0.352120	128.00
0.352140	126.00
0.352160	124.00
0.352180	122.00
0.352200	121.00
0.352220	120.00
0.352240	120.00
0.352260	120.00
0.352280	120.00
0.352300	121.00
0.352320	122.00
0.352340	123.00
0.352360	124.00
0.352380	125.00
0.352400	126.00
0.352420	127.00
0.352440	128.00
0.352460	128.00
0.352480	128.00
0.352500	128.00
0.352520	127.00
0.352540	126.00
0.352560	126.00
0.352580	125.00
0.352600	125.00
0.352620	124.00
0.352640	123.00
0.352660	123.00
0.352680	123.00
0.352700	123.00
0.352720	124.00
0.352740	124.00
0.352760	124.00
0.352780	125.00
0.352800	125.00
0.352820	126.00
0.352840	126.00
0.352860	126.00
0.352880	126.00
0.352900	126.00
0.352920	126.00
0.352940	126.00
0.352960	126.00
0.352980	126.00
0.353000	125.00
0.353020	125.00
0.353040	124.00
0.353060	124.00
0.353080	124.00
0.353100	124.00
0.353120	124.00
0.353140	124.00
0.353160	124.00
0.353180	124.00
0.353200	124.00
0.353220	124.00
0.353240	124.00
0.353260	125.00
0.353280	125.00
0.353300	125.00
0.353320	125.00
0.353340	125.00
0.353360	125.00
0.353380	125.00
0.353400	125.00
0.353420	125.00
0.353440	124.00
0.353460	124.00
0.353480	125.00
0.353500	125.00
0.353520	125.00
0.353540	125.00
0.353560	124.00
0.353580	124.00
0.353600	124.00
0.353620	124.00
0.353640	125.00
0.353660	125.00
0.353680	125.00
0.353700	125.00
0.353720	125.00
0.353740	125.00
0.353760	125.00
0.353780	125.00
0.353800	125.00
0.353820	125.00
0.353840	125.00
0.353860	125.00
0.353880	125.00
0.353900	125.00
0.353920	125.00
0.353940	124.00
0.353960	124.00
0.353980	124.00
0.354000	124.00
0.354020	125.00
0.354040	125.00
0.354060	124.00
0.354080	124.00
0.354100	124.00
0.354120	125.00
0.354140	125.00
0.354160	125.00
0.354180	125.00
0.354200	125.00
0.354220	125.00
0.354240	125.00
0.354260	125.00
0.354280	125.00
0.354300	126.00
0.354320	126.00
0.354340	126.00
0.354360	125.00
0.354380	125.00
0.354400	125.00
0.354420	125.00
0.354440	125.00
0.354460	125.00
0.354480	125.00
0.354500	125.00
0.354520	124.00
0.354540	124.00
0.354560	124.00
0.354580	125.00
0.354600	125.00
0.354620	124.00
0.354640	124.00
0.354660	124.00
0.354680	125.00
0.354700	125.00
0.354720	125.00
0.354740	125.00
0.354760	125.00
0.354780	125.00
0.354800	125.00
0.354820	125.00
0.354840	125.00
0.354860	125.00
0.354880	125.00
0.354900	124.00
0.354920	124.00
0.354940	124.00
0.354960	124.00
0.354980	124.00
0.355000	124.00
0.355020	124.00
0.355040	125.00
0.355060	125.00
0.355080	125.00
0.355100	126.00
0.355120	126.00
0.355140	126.00
0.355160	126.00
0.355180	126.00
0.355200	126.00
0.355220	126.00
0.355240	125.00
0.355260	125.00
0.355280	125.00
0.355300	125.00
0.355320	125.00
0.355340	125.00
0.355360	124.00
0.355380	124.00
0.355400	124.00
0.355420	125.00
0.355440	125.00
0.355460	124.00
0.355480	124.00
0.355500	124.00
0.355520	125.00
0.355540	125.00
0.355560	125.00
0.355580	125.00
0.355600	126.00
0.355620	126.00
0.355640	126.00
0.355660	125.00
0.355680	124.00
0.355700	124.00
0.355720	125.00
0.355740	125.00
0.355760	125.00
0.355780	125.00
0.355800	125.00
0.355820	125.00
0.355840	125.00
0.355860	125.00
0.355880	125.00
0.355900	124.00
0.355920	124.00
0.355940	124.00
0.355960	124.00
0.355980	124.00
0.356000	124.00
0.356020	124.00
0.356040	125.00
0.356060	125.00
0.356080	125.00
0.356100	125.00
0.356120	125.00
0.356140	125.00
0.356160	125.00
0.356180	125.00
0.356200	126.00
0.356220	126.00
0.356240	126.00
0.356260	125.00
0.356280	125.00
0.356300	124.00
0.356320	124.00
0.356340	124.00
0.356360	124.00
0.356380	124.00
0.356400	124.00
0.356420	124.00
0.356440	125.00
0.356460	125.00
0.356480	126.00
0.356500	126.00
0.356520	126.00
0.356540	127.00
0.356560	127.00
0.356580	127.00
0.356600	127.00
0.356620	126.00
0.356640	125.00
0.356660	124.00
0.356680	123.00
0.356700	123.00
0.356720	123.00
0.356740	123.00
0.356760	122.00
0.356780	121.00
0.356800	121.00
0.356820	121.00
0.356840	122.00
0.356860	124.00
0.356880	125.00
0.356900	127.00
0.356920	128.00
0.356940	129.00
0.356960	130.00
0.356980	131.00
0.357000	131.00
0.357020	130.00
0.357040	129.00
0.357060	128.00
0.357080	126.00
0.357100	123.00
0.357120	120.00
0.357140	118.00
0.357160	117.00
0.357180	116.00
0.357200	116.00
0.357220	117.00
0.357240	118.00
0.357260	121.00
0.357280	124.00
0.357300	127.00
0.357320	130.00
0.357340	132.00
0.357360	134.00
0.357380	135.00
0.357400	136.00
0.357420	136.00
0.357440	135.00
0.357460	132.00
0.357480	129.00
0.357500	126.00
0.357520	123.00
0.357540	119.00
0.357560	116.00
0.357580	114.00
0.357600	112.00
0.357620	112.00
0.357640	113.00
0.357660	115.00
0.357680	118.00
0.357700	121.00
0.357720	125.00
0.357740	128.00
0.357760	131.00
0.357780	133.00
0.357800	134.00
0.357820	135.00
0.357840	135.00
0.357860	134.00
0.357880	133.00
0.357900	131.00
0.357920	128.00
0.357940	125.00
0.357960	122.00
0.357980	120.00
0.358000	118.00
0.358020	117.00
0.358040	117.00
0.358060	117.00
0.358080	118.00
0.358100	119.00
0.358120	121.00
0.358140	123.00
0.358160	125.00
0.358180	127.00
0.358200	129.00
0.358220	130.00
0.358240	130.00
0.358260	130.00
0.358280	130.00
0.358300	129.00
0.358320	128.00
0.358340	127.00
0.358360	126.00
0.358380	124.00
0.358400	123.00
0.358420	121.00
0.358440	121.00
0.358460	121.00
0.358480	121.00
0.358500	121.00
0.358520	122.00
0.358540	122.00
0.358560	123.00
0.358580	124.00
0.358600	125.00
0.358620	126.00
0.358640	127.00
0.358660	127.00
0.358680	127.00
0.358700	127.00
0.358720	127.00
0.358740	127.00
0.358760	126.00
0.358780	126.00
0.358800	126.00
0.358820	125.00
0.358840	124.00
0.358860	124.00
0.358880	124.00
0.358900	124.00
0.358920	124.00
0.358940	124.00
0.358960	124.00
0.358980	124.00
0.359000	124.00
0.359020	125.00
0.359040	126.00
0.359060	126.00
0.359080	126.00
0.359100	126.00
0.359120	126.00
0.359140	126.00
0.359160	126.00
0.359180	126.00
0.359200	125.00
0.359220	125.00
0.359240	125.00
0.359260	125.00
0.359280	124.00
0.359300	124.00
0.359320	124.00
0.359340	124.00
0.359360	124.00
0.359380	124.00
0.359400	124.00
0.359420	124.00
0.359440	124.00
0.359460	124.00
0.359480	125.00
0.359500	125.00
0.359520	125.00
0.359540	125.00
0.359560	126.00
0.359580	126.00
0.359600	126.00
0.359620	126.00
0.359640	125.00
0.359660	126.00
0.359680	126.00
0.359700	125.00
0.359720	125.00
0.359740	125.00
0.359760	125.00
0.359780	125.00
0.359800	125.00
0.359820	125.00
0.359840	125.00
0.359860	125.00
0.359880	125.00
0.359900	125.00
0.359920	125.00
0.359940	125.00
0.359960	125.00
0.359980	126.00
