0.310000	101.00
0.310020	49.00
0.310040	101.00
0.310060	140.00
0.310080	144.00
0.310100	125.00
0.310120	112.00
0.310140	118.00
0.310160	130.00
0.310180	133.00
0.310200	125.00
0.310220	118.00
0.310240	121.00
0.310260	128.00
0.310280	130.00
0.310300	126.00
0.310320	121.00
0.310340	123.00
0.310360	128.00
0.310380	129.00
0.310400	124.00
0.310420	120.00
0.310440	122.00
0.310460	126.00
0.310480	128.00
0.310500	125.00
0.310520	123.00
0.310540	124.00
0.310560	127.00
0.310580	127.00
0.310600	124.00
0.310620	122.00
0.310640	123.00
0.310660	126.00
0.310680	127.00
0.310700	124.00
0.310720	122.00
0.310740	122.00
0.310760	125.00
0.310780	126.00
0.310800	124.00
0.310820	123.00
0.310840	124.00
0.310860	127.00
0.310880	127.00
0.310900	125.00
0.310920	123.00
0.310940	123.00
0.310960	125.00
0.310980	126.00
0.311000	125.00
0.311020	124.00
0.311040	124.00
0.311060	125.00
0.311080	126.00
0.311100	124.00
0.311120	123.00
0.311140	124.00
0.311160	125.00
0.311180	126.00
0.311200	125.00
0.311220	124.00
0.311240	125.00
0.311260	126.00
0.311280	126.00
0.311300	125.00
0.311320	124.00
0.311340	125.00
0.311360	126.00
0.311380	127.00
0.311400	126.00
0.311420	125.00
0.311440	125.00
0.311460	127.00
0.311480	127.00
0.311500	126.00
0.311520	124.00
0.311540	124.00
0.311560	125.00
0.311580	125.00
0.311600	124.00
0.311620	124.00
0.311640	124.00
0.311660	124.00
0.311680	125.00
0.311700	125.00
0.311720	124.00
0.311740	125.00
0.311760	125.00
0.311780	125.00
0.311800	125.00
0.311820	125.00
0.311840	126.00
0.311860	127.00
0.311880	127.00
0.311900	126.00
0.311920	125.00
0.311940	125.00
0.311960	126.00
0.311980	126.00
0.312000	125.00
0.312020	123.00
0.312040	124.00
0.312060	124.00
0.312080	125.00
0.312100	125.00
0.312120	125.00
0.312140	126.00
0.312160	127.00
0.312180	127.00
0.312200	125.00
0.312220	124.00
0.312240	124.00
0.312260	125.00
0.312280	126.00
0.312300	126.00
0.312320	125.00
0.312340	124.00
0.312360	124.00
0.312380	124.00
0.312400	123.00
0.312420	123.00
0.312440	123.00
0.312460	124.00
0.312480	124.00
0.312500	123.00
0.312520	123.00
0.312540	123.00
0.312560	124.00
0.312580	125.00
0.312600	124.00
0.312620	124.00
0.312640	124.00
0.312660	124.00
0.312680	125.00
0.312700	125.00
0.312720	125.00
0.312740	125.00
0.312760	125.00
0.312780	125.00
0.312800	125.00
0.312820	125.00
0.312840	126.00
0.312860	127.00
0.312880	127.00
0.312900	126.00
0.312920	125.00
0.312940	124.00
0.312960	125.00
0.312980	125.00
0.313000	125.00
0.313020	124.00
0.313040	124.00
0.313060	124.00
0.313080	124.00
0.313100	125.00
0.313120	125.00
0.313140	125.00
0.313160	125.00
0.313180	125.00
0.313200	124.00
0.313220	124.00
0.313240	124.00
0.313260	125.00
0.313280	125.00
0.313300	125.00
0.313320	125.00
0.313340	125.00
0.313360	126.00
0.313380	126.00
0.313400	126.00
0.313420	125.00
0.313440	125.00
0.313460	125.00
0.313480	125.00
0.313500	124.00
0.313520	124.00
0.313540	124.00
0.313560	125.00
0.313580	125.00
0.313600	124.00
0.313620	124.00
0.313640	125.00
0.313660	125.00
0.313680	125.00
0.313700	125.00
0.313720	125.00
0.313740	126.00
0.313760	127.00
0.313780	127.00
0.313800	126.00
0.313820	125.00
0.313840	124.00
0.313860	124.00
0.313880	124.00
0.313900	125.00
0.313920	125.00
0.313940	125.00
0.313960	126.00
0.313980	126.00
0.314000	125.00
0.314020	124.00
0.314040	124.00
0.314060	125.00
0.314080	125.00
0.314100	124.00
0.314120	124.00
0.314140	125.00
0.314160	126.00
0.314180	126.00
0.314200	125.00
0.314220	124.00
0.314240	124.00
0.314260	124.00
0.314280	125.00
0.314300	125.00
0.314320	124.00
0.314340	124.00
0.314360	124.00
0.314380	124.00
0.314400	124.00
0.314420	124.00
0.314440	125.00
0.314460	125.00
0.314480	125.00
0.314500	125.00
0.314520	125.00
0.314540	125.00
0.314560	125.00
0.314580	125.00
0.314600	124.00
0.314620	124.00
0.314640	124.00
0.314660	125.00
0.314680	125.00
0.314700	125.00
0.314720	125.00
0.314740	126.00
0.314760	125.00
0.314780	125.00
0.314800	124.00
0.314820	124.00
0.314840	124.00
0.314860	125.00
0.314880	125.00
0.314900	124.00
0.314920	124.00
0.314940	124.00
0.314960	125.00
0.314980	125.00
0.315000	124.00
0.315020	124.00
0.315040	125.00
0.315060	125.00
0.315080	125.00
0.315100	125.00
0.315120	124.00
0.315140	125.00
0.315160	125.00
0.315180	125.00
0.315200	124.00
0.315220	123.00
0.315240	124.00
0.315260	125.00
0.315280	125.00
0.315300	125.00
0.315320	124.00
0.315340	124.00
0.315360	124.00
0.315380	125.00
0.315400	125.00
0.315420	124.00
0.315440	124.00
0.315460	125.00
0.315480	125.00
0.315500	125.00
0.315520	125.00
0.315540	126.00
0.315560	126.00
0.315580	125.00
0.315600	124.00
0.315620	123.00
0.315640	124.00
0.315660	125.00
0.315680	126.00
0.315700	126.00
0.315720	126.00
0.315740	126.00
0.315760	125.00
0.315780	125.00
0.315800	124.00
0.315820	124.00
0.315840	124.00
0.315860	124.00
0.315880	124.00
0.315900	124.00
0.315920	124.00
0.315940	124.00
0.315960	125.00
0.315980	125.00
0.316000	125.00
0.316020	125.00
0.316040	126.00
0.316060	127.00
0.316080	126.00
0.316100	125.00
0.316120	125.00
0.316140	125.00
0.316160	126.00
0.316180	125.00
0.316200	124.00
0.316220	124.00
0.316240	124.00
0.316260	125.00
0.316280	126.00
0.316300	125.00
0.316320	125.00
0.316340	125.00
0.316360	125.00
0.316380	125.00
0.316400	125.00
0.316420	125.00
0.316440	124.00
0.316460	124.00
0.316480	124.00
0.316500	123.00
0.316520	123.00
0.316540	124.00
0.316560	124.00
0.316580	125.00
0.316600	124.00
0.316620	124.00
0.316640	124.00
0.316660	124.00
0.316680	125.00
0.316700	125.00
0.316720	125.00
0.316740	125.00
0.316760	125.00
0.316780	125.00
0.316800	124.00
0.316820	124.00
0.316840	125.00
0.316860	125.00
0.316880	126.00
0.316900	125.00
0.316920	125.00
0.316940	125.00
0.316960	125.00
0.316980	125.00
0.317000	125.00
0.317020	124.00
0.317040	124.00
0.317060	124.00
0.317080	125.00
0.317100	124.00
0.317120	124.00
0.317140	124.00
0.317160	125.00
0.317180	125.00
0.317200	125.00
0.317220	125.00
0.317240	125.00
0.317260	124.00
0.317280	125.00
0.317300	125.00
0.317320	125.00
0.317340	125.00
0.317360	125.00
0.317380	124.00
0.317400	125.00
0.317420	125.00
0.317440	126.00
0.317460	126.00
0.317480	125.00
0.317500	124.00
0.317520	124.00
0.317540	125.00
0.317560	126.00
0.317580	126.00
0.317600	125.00
0.317620	124.00
0.317640	124.00
0.317660	124.00
0.317680	124.00
0.317700	124.00
0.317720	124.00
0.317740	124.00
0.317760	124.00
0.317780	125.00
0.317800	125.00
0.317820	124.00
0.317840	124.00
0.317860	124.00
0.317880	123.00
0.317900	124.00
0.317920	124.00
0.317940	125.00
0.317960	125.00
0.317980	125.00
0.318000	125.00
0.318020	124.00
0.318040	125.00
0.318060	126.00
0.318080	126.00
0.318100	126.00
0.318120	126.00
0.318140	126.00
0.318160	125.00
0.318180	125.00
0.318200	125.00
0.318220	126.00
0.318240	126.00
0.318260	125.00
0.318280	125.00
0.318300	124.00
0.318320	125.00
0.318340	126.00
0.318360	126.00
0.318380	126.00
0.318400	125.00
0.318420	124.00
0.318440	124.00
0.318460	125.00
0.318480	124.00
0.318500	123.00
0.318520	123.00
0.318540	123.00
0.318560	124.00
0.318580	124.00
0.318600	124.00
0.318620	124.00
0.318640	124.00
0.318660	125.00
0.318680	125.00
0.318700	125.00
0.318720	124.00
0.318740	124.00
0.318760	125.00
0.318780	126.00
0.318800	126.00
0.318820	126.00
0.318840	126.00
0.318860	126.00
0.318880	127.00
0.318900	126.00
0.318920	126.00
0.318940	125.00
0.318960	125.00
0.318980	125.00
0.319000	125.00
0.319020	125.00
0.319040	125.00
0.319060	125.00
0.319080	125.00
0.319100	124.00
0.319120	124.00
0.319140	125.00
0.319160	125.00
0.319180	126.00
0.319200	126.00
0.319220	126.00
0.319240	125.00
0.319260	125.00
0.319280	125.00
0.319300	125.00
0.319320	125.00
0.319340	125.00
0.319360	125.00
0.319380	125.00
0.319400	125.00
0.319420	125.00
0.319440	125.00
0.319460	125.00
0.319480	125.00
0.319500	124.00
0.319520	123.00
0.319540	123.00
0.319560	123.00
0.319580	122.00
0.319600	122.00
0.319620	122.00
0.319640	123.00
0.319660	124.00
0.319680	126.00
0.319700	126.00
0.319720	126.00
0.319740	125.00
0.319760	125.00
0.319780	124.00
0.319800	124.00
0.319820	124.00
0.319840	125.00
0.319860	126.00
0.319880	127.00
0.319900	126.00
0.319920	125.00
0.319940	124.00
0.319960	124.00
0.319980	124.00
0.320000	124.00
0.320020	125.00
0.320040	125.00
0.320060	126.00
0.320080	126.00
0.320100	125.00
0.320120	125.00
0.320140	125.00
0.320160	125.00
0.320180	124.00
0.320200	123.00
0.320220	122.00
0.320240	122.00
0.320260	124.00
0.320280	125.00
0.320300	125.00
0.320320	125.00
0.320340	124.00
0.320360	124.00
0.320380	125.00
0.320400	125.00
0.320420	125.00
0.320440	124.00
0.320460	124.00
0.320480	124.00
0.320500	123.00
0.320520	123.00
0.320540	123.00
0.320560	123.00
0.320580	124.00
0.320600	124.00
0.320620	124.00
0.320640	125.00
0.320660	126.00
0.320680	127.00
0.320700	127.00
0.320720	127.00
0.320740	127.00
0.320760	127.00
0.320780	127.00
0.320800	126.00
0.320820	126.00
0.320840	125.00
0.320860	126.00
0.320880	126.00
0.320900	126.00
0.320920	126.00
0.320940	125.00
0.320960	124.00
0.320980	124.00
0.321000	125.00
0.321020	125.00
0.321040	124.00
0.321060	124.00
0.321080	123.00
0.321100	123.00
0.321120	123.00
0.321140	124.00
0.321160	124.00
0.321180	124.00
0.321200	124.00
0.321220	124.00
0.321240	125.00
0.321260	125.00
0.321280	125.00
0.321300	125.00
0.321320	124.00
0.321340	123.00
0.321360	124.00
0.321380	125.00
0.321400	126.00
0.321420	126.00
0.321440	126.00
0.321460	125.00
0.321480	124.00
0.321500	123.00
0.321520	123.00
0.321540	123.00
0.321560	123.00
0.321580	123.00
0.321600	123.00
0.321620	124.00
0.321640	124.00
0.321660	125.00
0.321680	124.00
0.321700	124.00
0.321720	123.00
0.321740	123.00
0.321760	124.00
0.321780	125.00
0.321800	125.00
0.321820	125.00
0.321840	125.00
0.321860	125.00
0.321880	125.00
0.321900	125.00
0.321920	125.00
0.321940	126.00
0.321960	126.00
0.321980	126.00
0.322000	126.00
0.322020	126.00
0.322040	126.00
0.322060	126.00
0.322080	125.00
0.322100	125.00
0.322120	124.00
0.322140	124.00
0.322160	124.00
0.322180	124.00
0.322200	124.00
0.322220	125.00
0.322240	125.00
0.322260	125.00
0.322280	125.00
0.322300	125.00
0.322320	125.00
0.322340	125.00
0.322360	126.00
0.322380	126.00
0.322400	125.00
0.322420	125.00
0.322440	125.00
0.322460	125.00
0.322480	125.00
0.322500	125.00
0.322520	124.00
0.322540	123.00
0.322560	123.00
0.322580	124.00
0.322600	124.00
0.322620	125.00
0.322640	125.00
0.322660	125.00
0.322680	124.00
0.322700	124.00
0.322720	125.00
0.322740	125.00
0.322760	126.00
0.322780	126.00
0.322800	125.00
0.322820	125.00
0.322840	125.00
0.322860	125.00
0.322880	125.00
0.322900	124.00
0.322920	124.00
0.322940	124.00
0.322960	124.00
0.322980	124.00
0.323000	124.00
0.323020	124.00
0.323040	124.00
0.323060	124.00
0.323080	124.00
0.323100	125.00
0.323120	125.00
0.323140	126.00
0.323160	126.00
0.323180	126.00
0.323200	126.00
0.323220	126.00
0.323240	126.00
0.323260	126.00
0.323280	126.00
0.323300	126.00
0.323320	125.00
0.323340	125.00
0.323360	124.00
0.323380	124.00
0.323400	124.00
0.323420	124.00
0.323440	124.00
0.323460	125.00
0.323480	125.00
0.323500	125.00
0.323520	124.00
0.323540	124.00
0.323560	124.00
0.323580	124.00
0.323600	124.00
0.323620	124.00
0.323640	124.00
0.323660	124.00
0.323680	124.00
0.323700	125.00
0.323720	125.00
0.323740	126.00
0.323760	126.00
0.323780	127.00
0.323800	126.00
0.323820	126.00
0.323840	126.00
0.323860	126.00
0.323880	126.00
0.323900	126.00
0.323920	125.00
0.323940	125.00
0.323960	124.00
0.323980	125.00
0.324000	125.00
0.324020	125.00
0.324040	124.00
0.324060	124.00
0.324080	123.00
0.324100	123.00
0.324120	124.00
0.324140	125.00
0.324160	125.00
0.324180	125.00
0.324200	125.00
0.324220	125.00
0.324240	126.00
0.324260	126.00
0.324280	126.00
0.324300	125.00
0.324320	125.00
0.324340	125.00
0.324360	125.00
0.324380	125.00
0.324400	125.00
0.324420	124.00
0.324440	124.00
0.324460	124.00
0.324480	124.00
0.324500	124.00
0.324520	124.00
0.324540	125.00
0.324560	125.00
0.324580	125.00
0.324600	125.00
0.324620	124.00
0.324640	125.00
0.324660	126.00
0.324680	126.00
0.324700	125.00
0.324720	125.00
0.324740	124.00
0.324760	124.00
0.324780	124.00
0.324800	124.00
0.324820	124.00
0.324840	124.00
0.324860	125.00
0.324880	126.00
0.324900	126.00
0.324920	126.00
0.324940	126.00
0.324960	125.00
0.324980	124.00
0.325000	124.00
0.325020	124.00
0.325040	125.00
0.325060	125.00
0.325080	125.00
0.325100	125.00
0.325120	125.00
0.325140	125.00
0.325160	125.00
0.325180	125.00
0.325200	124.00
0.325220	124.00
0.325240	124.00
0.325260	124.00
0.325280	124.00
0.325300	124.00
0.325320	124.00
0.325340	124.00
0.325360	124.00
0.325380	124.00
0.325400	124.00
0.325420	124.00
0.325440	124.00
0.325460	124.00
0.325480	124.00
0.325500	124.00
0.325520	124.00
0.325540	124.00
0.325560	124.00
0.325580	124.00
0.325600	124.00
0.325620	125.00
0.325640	125.00
0.325660	125.00
0.325680	125.00
0.325700	124.00
0.325720	124.00
0.325740	124.00
0.325760	124.00
0.325780	125.00
0.325800	125.00
0.325820	125.00
0.325840	124.00
0.325860	125.00
0.325880	125.00
0.325900	125.00
0.325920	125.00
0.325940	126.00
0.325960	126.00
0.325980	125.00
0.326000	125.00
0.326020	125.00
0.326040	125.00
0.326060	126.00
0.326080	126.00
0.326100	125.00
0.326120	125.00
0.326140	124.00
0.326160	124.00
0.326180	124.00
0.326200	124.00
0.326220	123.00
0.326240	124.00
0.326260	124.00
0.326280	125.00
0.326300	125.00
0.326320	125.00
0.326340	125.00
0.326360	124.00
0.326380	124.00
0.326400	124.00
0.326420	124.00
0.326440	125.00
0.326460	125.00
0.326480	125.00
0.326500	125.00
0.326520	125.00
0.326540	125.00
0.326560	125.00
0.326580	125.00
0.326600	126.00
0.326620	126.00
0.326640	126.00
0.326660	126.00
0.326680	125.00
0.326700	124.00
0.326720	124.00
0.326740	124.00
0.326760	125.00
0.326780	125.00
0.326800	125.00
0.326820	124.00
0.326840	124.00
0.326860	125.00
0.326880	126.00
0.326900	126.00
0.326920	126.00
0.326940	126.00
0.326960	125.00
0.326980	125.00
0.327000	124.00
0.327020	124.00
0.327040	123.00
0.327060	123.00
0.327080	124.00
0.327100	125.00
0.327120	126.00
0.327140	126.00
0.327160	125.00
0.327180	125.00
0.327200	124.00
0.327220	124.00
0.327240	125.00
0.327260	125.00
0.327280	125.00
0.327300	124.00
0.327320	123.00
0.327340	123.00
0.327360	124.00
0.327380	124.00
0.327400	124.00
0.327420	124.00
0.327440	123.00
0.327460	123.00
0.327480	124.00
0.327500	124.00
0.327520	124.00
0.327540	125.00
0.327560	126.00
0.327580	126.00
0.327600	127.00
0.327620	126.00
0.327640	126.00
0.327660	126.00
0.327680	126.00
0.327700	127.00
0.327720	127.00
0.327740	126.00
0.327760	125.00
0.327780	124.00
0.327800	124.00
0.327820	125.00
0.327840	125.00
0.327860	125.00
0.327880	125.00
0.327900	125.00
0.327920	125.00
0.327940	124.00
0.327960	124.00
0.327980	124.00
0.328000	125.00
0.328020	125.00
0.328040	126.00
0.328060	126.00
0.328080	125.00
0.328100	125.00
0.328120	125.00
0.328140	125.00
0.328160	124.00
0.328180	124.00
0.328200	123.00
0.328220	124.00
0.328240	125.00
0.328260	125.00
0.328280	125.00
0.328300	124.00
0.328320	124.00
0.328340	125.00
0.328360	125.00
0.328380	125.00
0.328400	124.00
0.328420	124.00
0.328440	124.00
0.328460	125.00
0.328480	126.00
0.328500	125.00
0.328520	125.00
0.328540	125.00
0.328560	125.00
0.328580	125.00
0.328600	125.00
0.328620	126.00
0.328640	126.00
0.328660	125.00
0.328680	125.00
0.328700	125.00
0.328720	124.00
0.328740	124.00
0.328760	123.00
0.328780	123.00
0.328800	123.00
0.328820	124.00
0.328840	125.00
0.328860	125.00
0.328880	124.00
0.328900	123.00
0.328920	123.00
0.328940	124.00
0.328960	125.00
0.328980	125.00
0.329000	124.00
0.329020	124.00
0.329040	124.00
0.329060	125.00
0.329080	125.00
0.329100	125.00
0.329120	124.00
0.329140	124.00
0.329160	125.00
0.329180	125.00
0.329200	125.00
0.329220	125.00
0.329240	125.00
0.329260	126.00
0.329280	126.00
0.329300	125.00
0.329320	125.00
0.329340	124.00
0.329360	124.00
0.329380	124.00
0.329400	124.00
0.329420	125.00
0.329440	125.00
0.329460	125.00
0.329480	125.00
0.329500	125.00
0.329520	125.00
0.329540	126.00
0.329560	127.00
0.329580	126.00
0.329600	125.00
0.329620	124.00
0.329640	124.00
0.329660	124.00
0.329680	124.00
0.329700	125.00
0.329720	124.00
0.329740	124.00
0.329760	123.00
0.329780	123.00
0.329800	123.00
0.329820	124.00
0.329840	124.00
0.329860	125.00
0.329880	126.00
0.329900	126.00
0.329920	125.00
0.329940	124.00
0.329960	124.00
0.329980	125.00
0.330000	125.00
0.330020	125.00
0.330040	124.00
0.330060	124.00
0.330080	125.00
0.330100	125.00
0.330120	126.00
0.330140	125.00
0.330160	125.00
0.330180	124.00
0.330200	124.00
0.330220	124.00
0.330240	124.00
0.330260	124.00
0.330280	124.00
0.330300	125.00
0.330320	125.00
0.330340	125.00
0.330360	124.00
0.330380	124.00
0.330400	124.00
0.330420	125.00
0.330440	126.00
0.330460	127.00
0.330480	126.00
0.330500	125.00
0.330520	125.00
0.330540	124.00
0.330560	125.00
0.330580	126.00
0.330600	126.00
0.330620	126.00
0.330640	126.00
0.330660	126.00
0.330680	126.00
0.330700	126.00
0.330720	126.00
0.330740	126.00
0.330760	126.00
0.330780	125.00
0.330800	125.00
0.330820	125.00
0.330840	125.00
0.330860	126.00
0.330880	126.00
0.330900	126.00
0.330920	126.00
0.330940	125.00
0.330960	125.00
0.330980	124.00
0.331000	123.00
0.331020	124.00
0.331040	124.00
0.331060	125.00
0.331080	125.00
0.331100	126.00
0.331120	126.00
0.331140	126.00
0.331160	125.00
0.331180	125.00
0.331200	124.00
0.331220	123.00
0.331240	123.00
0.331260	123.00
0.331280	124.00
0.331300	124.00
0.331320	124.00
0.331340	124.00
0.331360	123.00
0.331380	123.00
0.331400	123.00
0.331420	124.00
0.331440	124.00
0.331460	124.00
0.331480	124.00
0.331500	124.00
0.331520	124.00
0.331540	125.00
0.331560	126.00
0.331580	125.00
0.331600	125.00
0.331620	124.00
0.331640	124.00
0.331660	124.00
0.331680	124.00
0.331700	124.00
0.331720	125.00
0.331740	125.00
0.331760	126.00
0.331780	126.00
0.331800	126.00
0.331820	126.00
0.331840	125.00
0.331860	125.00
0.331880	126.00
0.331900	126.00
0.331920	126.00
0.331940	126.00
0.331960	126.00
0.331980	126.00
0.332000	125.00
0.332020	125.00
0.332040	124.00
0.332060	124.00
0.332080	124.00
0.332100	125.00
0.332120	125.00
0.332140	125.00
0.332160	125.00
0.332180	125.00
0.332200	124.00
0.332220	123.00
0.332240	123.00
0.332260	123.00
0.332280	122.00
0.332300	123.00
0.332320	124.00
0.332340	124.00
0.332360	125.00
0.332380	124.00
0.332400	124.00
0.332420	124.00
0.332440	125.00
0.332460	126.00
0.332480	126.00
0.332500	126.00
0.332520	126.00
0.332540	125.00
0.332560	125.00
0.332580	124.00
0.332600	123.00
0.332620	122.00
0.332640	123.00
0.332660	124.00
0.332680	125.00
0.332700	125.00
0.332720	125.00
0.332740	125.00
0.332760	125.00
0.332780	126.00
0.332800	126.00
0.332820	125.00
0.332840	125.00
0.332860	126.00
0.332880	126.00
0.332900	126.00
0.332920	126.00
0.332940	126.00
0.332960	125.00
0.332980	125.00
0.333000	125.00
0.333020	125.00
0.333040	125.00
0.333060	126.00
0.333080	126.00
0.333100	125.00
0.333120	124.00
0.333140	124.00
0.333160	124.00
0.333180	124.00
0.333200	124.00
0.333220	123.00
0.333240	123.00
0.333260	124.00
0.333280	125.00
0.333300	126.00
0.333320	126.00
0.333340	126.00
0.333360	125.00
0.333380	125.00
0.333400	124.00
0.333420	124.00
0.333440	124.00
0.333460	124.00
0.333480	124.00
0.333500	124.00
0.333520	124.00
0.333540	124.00
0.333560	123.00
0.333580	123.00
0.333600	123.00
0.333620	124.00
0.333640	125.00
0.333660	126.00
0.333680	127.00
0.333700	127.00
0.333720	127.00
0.333740	126.00
0.333760	125.00
0.333780	125.00
0.333800	125.00
0.333820	125.00
0.333840	125.00
0.333860	125.00
0.333880	125.00
0.333900	125.00
0.333920	124.00
0.333940	124.00
0.333960	124.00
0.333980	125.00
0.334000	125.00
0.334020	125.00
0.334040	124.00
0.334060	123.00
0.334080	123.00
0.334100	123.00
0.334120	124.00
0.334140	125.00
0.334160	125.00
0.334180	125.00
0.334200	124.00
0.334220	124.00
0.334240	125.00
0.334260	126.00
0.334280	127.00
0.334300	127.00
0.334320	126.00
0.334340	125.00
0.334360	124.00
0.334380	124.00
0.334400	124.00
0.334420	124.00
0.334440	124.00
0.334460	125.00
0.334480	125.00
0.334500	126.00
0.334520	126.00
0.334540	126.00
0.334560	125.00
0.334580	125.00
0.334600	125.00
0.334620	125.00
0.334640	126.00
0.334660	126.00
0.334680	126.00
0.334700	126.00
0.334720	125.00
0.334740	126.00
0.334760	126.00
0.334780	127.00
0.334800	126.00
0.334820	126.00
0.334840	125.00
0.334860	125.00
0.334880	125.00
0.334900	125.00
0.334920	125.00
0.334940	124.00
0.334960	124.00
0.334980	124.00
0.335000	124.00
0.335020	124.00
0.335040	124.00
0.335060	125.00
0.335080	125.00
0.335100	125.00
0.335120	125.00
0.335140	124.00
0.335160	124.00
0.335180	124.00
0.335200	125.00
0.335220	125.00
0.335240	125.00
0.335260	125.00
0.335280	125.00
0.335300	124.00
0.335320	124.00
0.335340	124.00
0.335360	124.00
0.335380	125.00
0.335400	125.00
0.335420	125.00
0.335440	125.00
0.335460	126.00
0.335480	126.00
0.335500	126.00
0.335520	126.00
0.335540	125.00
0.335560	124.00
0.335580	124.00
0.335600	124.00
0.335620	125.00
0.335640	125.00
0.335660	125.00
0.335680	124.00
0.335700	124.00
0.335720	125.00
0.335740	126.00
0.335760	126.00
0.335780	126.00
0.335800	125.00
0.335820	124.00
0.335840	124.00
0.335860	124.00
0.335880	124.00
0.335900	124.00
0.335920	124.00
0.335940	124.00
0.335960	124.00
0.335980	125.00
0.336000	125.00
0.336020	125.00
0.336040	125.00
0.336060	125.00
0.336080	125.00
0.336100	125.00
0.336120	124.00
0.336140	124.00
0.336160	124.00
0.336180	124.00
0.336200	124.00
0.336220	124.00
0.336240	124.00
0.336260	124.00
0.336280	124.00
0.336300	124.00
0.336320	124.00
0.336340	124.00
0.336360	124.00
0.336380	124.00
0.336400	125.00
0.336420	125.00
0.336440	125.00
0.336460	124.00
0.336480	124.00
0.336500	124.00
0.336520	124.00
0.336540	124.00
0.336560	124.00
0.336580	124.00
0.336600	124.00
0.336620	125.00
0.336640	125.00
0.336660	125.00
0.336680	125.00
0.336700	125.00
0.336720	126.00
0.336740	126.00
0.336760	125.00
0.336780	125.00
0.336800	124.00
0.336820	125.00
0.336840	126.00
0.336860	126.00
0.336880	125.00
0.336900	124.00
0.336920	124.00
0.336940	124.00
0.336960	125.00
0.336980	125.00
0.337000	124.00
0.337020	124.00
0.337040	124.00
0.337060	125.00
0.337080	126.00
0.337100	126.00
0.337120	125.00
0.337140	125.00
0.337160	124.00
0.337180	124.00
0.337200	124.00
0.337220	125.00
0.337240	125.00
0.337260	125.00
0.337280	124.00
0.337300	124.00
0.337320	124.00
0.337340	125.00
0.337360	125.00
0.337380	125.00
0.337400	126.00
0.337420	126.00
0.337440	126.00
0.337460	125.00
0.337480	125.00
0.337500	125.00
0.337520	125.00
0.337540	125.00
0.337560	124.00
0.337580	124.00
0.337600	124.00
0.337620	124.00
0.337640	124.00
0.337660	124.00
0.337680	124.00
0.337700	125.00
0.337720	125.00
0.337740	126.00
0.337760	125.00
0.337780	124.00
0.337800	123.00
0.337820	123.00
0.337840	124.00
0.337860	125.00
0.337880	125.00
0.337900	125.00
0.337920	125.00
0.337940	125.00
0.337960	126.00
0.337980	126.00
0.338000	125.00
0.338020	124.00
0.338040	124.00
0.338060	124.00
0.338080	125.00
0.338100	125.00
0.338120	126.00
0.338140	126.00
0.338160	126.00
0.338180	125.00
0.338200	124.00
0.338220	124.00
0.338240	124.00
0.338260	124.00
0.338280	125.00
0.338300	124.00
0.338320	123.00
0.338340	123.00
0.338360	123.00
0.338380	124.00
0.338400	125.00
0.338420	125.00
0.338440	125.00
0.338460	125.00
0.338480	126.00
0.338500	126.00
0.338520	126.00
0.338540	125.00
0.338560	125.00
0.338580	125.00
0.338600	125.00
0.338620	125.00
0.338640	124.00
0.338660	124.00
0.338680	124.00
0.338700	125.00
0.338720	125.00
0.338740	125.00
0.338760	124.00
0.338780	124.00
0.338800	124.00
0.338820	125.00
0.338840	126.00
0.338860	126.00
0.338880	125.00
0.338900	125.00
0.338920	125.00
0.338940	125.00
0.338960	125.00
0.338980	125.00
0.339000	125.00
0.339020	125.00
0.339040	125.00
0.339060	125.00
0.339080	124.00
0.339100	124.00
0.339120	124.00
0.339140	124.00
0.339160	124.00
0.339180	124.00
0.339200	124.00
0.339220	124.00
0.339240	124.00
0.339260	124.00
0.339280	125.00
0.339300	125.00
0.339320	125.00
0.339340	125.00
0.339360	125.00
0.339380	126.00
0.339400	126.00
0.339420	126.00
0.339440	126.00
0.339460	126.00
0.339480	126.00
0.339500	125.00
0.339520	125.00
0.339540	125.00
0.339560	125.00
0.339580	125.00
0.339600	125.00
0.339620	125.00
0.339640	125.00
0.339660	125.00
0.339680	125.00
0.339700	125.00
0.339720	124.00
0.339740	123.00
0.339760	123.00
0.339780	124.00
0.339800	125.00
0.339820	125.00
0.339840	125.00
0.339860	124.00
0.339880	124.00
0.339900	124.00
0.339920	124.00
0.339940	124.00
0.339960	124.00
0.339980	125.00
0.340000	125.00
0.340020	125.00
0.340040	125.00
0.340060	124.00
0.340080	124.00
0.340100	125.00
0.340120	125.00
0.340140	125.00
0.340160	124.00
0.340180	124.00
0.340200	124.00
0.340220	124.00
0.340240	124.00
0.340260	124.00
0.340280	124.00
0.340300	124.00
0.340320	124.00
0.340340	125.00
0.340360	125.00
0.340380	125.00
0.340400	125.00
0.340420	126.00
0.340440	126.00
0.340460	126.00
0.340480	126.00
0.340500	125.00
0.340520	126.00
0.340540	126.00
0.340560	126.00
0.340580	126.00
0.340600	125.00
0.340620	125.00
0.340640	125.00
0.340660	125.00
0.340680	125.00
0.340700	124.00
0.340720	124.00
0.340740	124.00
0.340760	124.00
0.340780	125.00
0.340800	125.00
0.340820	126.00
0.340840	126.00
0.340860	126.00
0.340880	126.00
0.340900	125.00
0.340920	125.00
0.340940	125.00
0.340960	125.00
0.340980	124.00
0.341000	123.00
0.341020	123.00
0.341040	124.00
0.341060	125.00
0.341080	125.00
0.341100	124.00
0.341120	124.00
0.341140	124.00
0.341160	124.00
0.341180	124.00
0.341200	124.00
0.341220	124.00
0.341240	123.00
0.341260	124.00
0.341280	124.00
0.341300	125.00
0.341320	125.00
0.341340	126.00
0.341360	126.00
0.341380	126.00
0.341400	124.00
0.341420	123.00
0.341440	123.00
0.341460	123.00
0.341480	124.00
0.341500	124.00
0.341520	124.00
0.341540	124.00
0.341560	125.00
0.341580	126.00
0.341600	126.00
0.341620	125.00
0.341640	124.00
0.341660	124.00
0.341680	124.00
0.341700	125.00
0.341720	126.00
0.341740	125.00
0.341760	125.00
0.341780	125.00
0.341800	125.00
0.341820	125.00
0.341840	125.00
0.341860	125.00
0.341880	124.00
0.341900	124.00
0.341920	124.00
0.341940	125.00
0.341960	125.00
0.341980	125.00
0.342000	125.00
0.342020	124.00
0.342040	123.00
0.342060	123.00
0.342080	123.00
0.342100	124.00
0.342120	125.00
0.342140	125.00
0.342160	125.00
0.342180	125.00
0.342200	125.00
0.342220	126.00
0.342240	126.00
0.342260	126.00
0.342280	125.00
0.342300	125.00
0.342320	125.00
0.342340	126.00
0.342360	126.00
0.342380	125.00
0.342400	125.00
0.342420	125.00
0.342440	124.00
0.342460	124.00
0.342480	124.00
0.342500	124.00
0.342520	124.00
0.342540	124.00
0.342560	124.00
0.342580	124.00
0.342600	124.00
0.342620	124.00
0.342640	125.00
0.342660	125.00
0.342680	124.00
0.342700	124.00
0.342720	124.00
0.342740	125.00
0.342760	125.00
0.342780	125.00
0.342800	124.00
0.342820	123.00
0.342840	124.00
0.342860	125.00
0.342880	125.00
0.342900	125.00
0.342920	125.00
0.342940	125.00
0.342960	125.00
0.342980	125.00
0.343000	125.00
0.343020	125.00
0.343040	125.00
0.343060	125.00
0.343080	125.00
0.343100	125.00
0.343120	124.00
0.343140	124.00
0.343160	124.00
0.343180	125.00
0.343200	125.00
0.343220	125.00
0.343240	125.00
0.343260	125.00
0.343280	124.00
0.343300	124.00
0.343320	124.00
0.343340	125.00
0.343360	125.00
0.343380	125.00
0.343400	125.00
0.343420	125.00
0.343440	124.00
0.343460	124.00
0.343480	124.00
0.343500	124.00
0.343520	125.00
0.343540	125.00
0.343560	124.00
0.343580	124.00
0.343600	124.00
0.343620	124.00
0.343640	124.00
0.343660	124.00
0.343680	124.00
0.343700	125.00
0.343720	126.00
0.343740	126.00
0.343760	126.00
0.343780	126.00
0.343800	125.00
0.343820	125.00
0.343840	125.00
0.343860	125.00
0.343880	125.00
0.343900	125.00
0.343920	124.00
0.343940	124.00
0.343960	124.00
0.343980	125.00
0.344000	124.00
0.344020	124.00
0.344040	124.00
0.344060	124.00
0.344080	125.00
0.344100	126.00
0.344120	125.00
0.344140	125.00
0.344160	125.00
0.344180	125.00
0.344200	126.00
0.344220	126.00
0.344240	126.00
0.344260	125.00
0.344280	124.00
0.344300	124.00
0.344320	124.00
0.344340	125.00
0.344360	125.00
0.344380	125.00
0.344400	125.00
0.344420	125.00
0.344440	125.00
0.344460	126.00
0.344480	127.00
0.344500	126.00
0.344520	126.00
0.344540	125.00
0.344560	124.00
0.344580	124.00
0.344600	124.00
0.344620	124.00
0.344640	124.00
0.344660	124.00
0.344680	124.00
0.344700	124.00
0.344720	124.00
0.344740	124.00
0.344760	124.00
0.344780	125.00
0.344800	125.00
0.344820	124.00
0.344840	124.00
0.344860	123.00
0.344880	124.00
0.344900	126.00
0.344920	126.00
0.344940	126.00
0.344960	125.00
0.344980	125.00
0.345000	125.00
0.345020	125.00
0.345040	125.00
0.345060	125.00
0.345080	125.00
0.345100	124.00
0.345120	124.00
0.345140	123.00
0.345160	122.00
0.345180	123.00
0.345200	124.00
0.345220	125.00
0.345240	126.00
0.345260	126.00
0.345280	126.00
0.345300	126.00
0.345320	126.00
0.345340	126.00
0.345360	125.00
0.345380	124.00
0.345400	124.00
0.345420	125.00
0.345440	126.00
0.345460	126.00
0.345480	125.00
0.345500	124.00
0.345520	124.00
0.345540	124.00
0.345560	125.00
0.345580	125.00
0.345600	125.00
0.345620	125.00
0.345640	126.00
0.345660	126.00
0.345680	126.00
0.345700	125.00
0.345720	124.00
0.345740	125.00
0.345760	125.00
0.345780	125.00
0.345800	125.00
0.345820	124.00
0.345840	124.00
0.345860	124.00
0.345880	124.00
0.345900	123.00
0.345920	123.00
0.345940	123.00
0.345960	123.00
0.345980	123.00
0.346000	123.00
0.346020	123.00
0.346040	123.00
0.346060	124.00
0.346080	124.00
0.346100	124.00
0.346120	124.00
0.346140	124.00
0.346160	125.00
0.346180	125.00
0.346200	124.00
0.346220	124.00
0.346240	124.00
0.346260	125.00
0.346280	125.00
0.346300	125.00
0.346320	126.00
0.346340	126.00
0.346360	126.00
0.346380	125.00
0.346400	124.00
0.346420	123.00
0.346440	123.00
0.346460	124.00
0.346480	125.00
0.346500	125.00
0.346520	125.00
0.346540	126.00
0.346560	126.00
0.346580	126.00
0.346600	125.00
0.346620	125.00
0.346640	125.00
0.346660	126.00
0.346680	126.00
0.346700	126.00
0.346720	126.00
0.346740	126.00
0.346760	126.00
0.346780	126.00
0.346800	126.00
0.346820	125.00
0.346840	124.00
0.346860	123.00
0.346880	124.00
0.346900	125.00
0.346920	125.00
0.346940	125.00
0.346960	125.00
0.346980	125.00
0.347000	125.00
0.347020	125.00
0.347040	125.00
0.347060	124.00
0.347080	124.00
0.347100	125.00
0.347120	125.00
0.347140	124.00
0.347160	124.00
0.347180	124.00
0.347200	124.00
0.347220	125.00
0.347240	126.00
0.347260	126.00
0.347280	126.00
0.347300	125.00
0.347320	125.00
0.347340	125.00
0.347360	125.00
0.347380	125.00
0.347400	124.00
0.347420	124.00
0.347440	124.00
0.347460	124.00
0.347480	124.00
0.347500	124.00
0.347520	124.00
0.347540	124.00
0.347560	125.00
0.347580	126.00
0.347600	126.00
0.347620	126.00
0.347640	125.00
0.347660	125.00
0.347680	125.00
0.347700	125.00
0.347720	125.00
0.347740	125.00
0.347760	125.00
0.347780	125.00
0.347800	125.00
0.347820	125.00
0.347840	125.00
0.347860	125.00
0.347880	125.00
0.347900	125.00
0.347920	124.00
0.347940	124.00
0.347960	124.00
0.347980	124.00
0.348000	124.00
0.348020	124.00
0.348040	124.00
0.348060	124.00
0.348080	124.00
0.348100	124.00
0.348120	123.00
0.348140	123.00
0.348160	124.00
0.348180	124.00
0.348200	124.00
0.348220	124.00
0.348240	124.00
0.348260	124.00
0.348280	125.00
0.348300	125.00
0.348320	125.00
0.348340	125.00
0.348360	124.00
0.348380	124.00
0.348400	124.00
0.348420	125.00
0.348440	125.00
0.348460	125.00
0.348480	125.00
0.348500	125.00
0.348520	125.00
0.348540	125.00
0.348560	124.00
0.348580	123.00
0.348600	123.00
0.348620	124.00
0.348640	125.00
0.348660	126.00
0.348680	126.00
0.348700	126.00
0.348720	125.00
0.348740	124.00
0.348760	124.00
0.348780	125.00
0.348800	126.00
0.348820	126.00
0.348840	126.00
0.348860	125.00
0.348880	125.00
0.348900	125.00
0.348920	125.00
0.348940	125.00
0.348960	125.00
0.348980	125.00
0.349000	125.00
0.349020	125.00
0.349040	125.00
0.349060	125.00
0.349080	125.00
0.349100	125.00
0.349120	124.00
0.349140	124.00
0.349160	124.00
0.349180	125.00
0.349200	125.00
0.349220	125.00
0.349240	126.00
0.349260	126.00
0.349280	125.00
0.349300	125.00
0.349320	124.00
0.349340	124.00
0.349360	124.00
0.349380	124.00
0.349400	125.00
0.349420	125.00
0.349440	125.00
0.349460	126.00
0.349480	126.00
0.349500	127.00
0.349520	127.00
0.349540	126.00
0.349560	126.00
0.349580	126.00
0.349600	126.00
0.349620	125.00
0.349640	125.00
0.349660	124.00
0.349680	124.00
0.349700	124.00
0.349720	124.00
0.349740	123.00
0.349760	123.00
0.349780	123.00
0.349800	124.00
0.349820	124.00
0.349840	125.00
0.349860	125.00
0.349880	125.00
0.349900	125.00
0.349920	125.00
0.349940	125.00
0.349960	125.00
0.349980	126.00
