0.320000	101.00
0.320020	49.00
0.320040	101.00
0.320060	140.00
0.320080	144.00
0.320100	125.00
0.320120	112.00
0.320140	118.00
0.320160	131.00
0.320180	133.00
0.320200	125.00
0.320220	118.00
0.320240	121.00
0.320260	128.00
0.320280	130.00
0.320300	125.00
0.320320	120.00
0.320340	122.00
0.320360	128.00
0.320380	129.00
0.320400	125.00
0.320420	122.00
0.320440	123.00
0.320460	127.00
0.320480	128.00
0.320500	124.00
0.320520	121.00
0.320540	122.00
0.320560	126.00
0.320580	128.00
0.320600	125.00
0.320620	123.00
0.320640	124.00
0.320660	127.00
0.320680	127.00
0.320700	125.00
0.320720	123.00
0.320740	124.00
0.320760	126.00
0.320780	127.00
0.320800	125.00
0.320820	122.00
0.320840	123.00
0.320860	125.00
0.320880	126.00
0.320900	124.00
0.320920	123.00
0.320940	123.00
0.320960	125.00
0.320980	126.00
0.321000	125.00
0.321020	124.00
0.321040	124.00
0.321060	126.00
0.321080	126.00
0.321100	125.00
0.321120	124.00
0.321140	124.00
0.321160	125.00
0.321180	126.00
0.321200	125.00
0.321220	124.00
0.321240	124.00
0.321260	126.00
0.321280	127.00
0.321300	125.00
0.321320	124.00
0.321340	124.00
0.321360	125.00
0.321380	126.00
0.321400	125.00
0.321420	124.00
0.321440	125.00
0.321460	126.00
0.321480	126.00
0.321500	125.00
0.321520	124.00
0.321540	124.00
0.321560	126.00
0.321580	126.00
0.321600	125.00
0.321620	124.00
0.321640	124.00
0.321660	125.00
0.321680	125.00
0.321700	124.00
0.321720	124.00
0.321740	124.00
0.321760	125.00
0.321780	126.00
0.321800	125.00
0.321820	125.00
0.321840	125.00
0.321860	126.00
0.321880	126.00
0.321900	124.00
0.321920	123.00
0.321940	124.00
0.321960	125.00
0.321980	125.00
0.322000	124.00
0.322020	123.00
0.322040	124.00
0.322060	125.00
0.322080	126.00
0.322100	125.00
0.322120	124.00
0.322140	124.00
0.322160	125.00
0.322180	126.00
0.322200	125.00
0.322220	125.00
0.322240	125.00
0.322260	126.00
0.322280	126.00
0.322300	125.00
0.322320	124.00
0.322340	124.00
0.322360	125.00
0.322380	125.00
0.322400	125.00
0.322420	125.00
0.322440	125.00
0.322460	126.00
0.322480	126.00
0.322500	125.00
0.322520	124.00
0.322540	124.00
0.322560	125.00
0.322580	125.00
0.322600	124.00
0.322620	124.00
0.322640	124.00
0.322660	125.00
0.322680	125.00
0.322700	124.00
0.322720	124.00
0.322740	124.00
0.322760	125.00
0.322780	126.00
0.322800	125.00
0.322820	124.00
0.322840	124.00
0.322860	125.00
0.322880	125.00
0.322900	125.00
0.322920	124.00
0.322940	125.00
0.322960	126.00
0.322980	126.00
0.323000	125.00
0.323020	124.00
0.323040	124.00
0.323060	125.00
0.323080	125.00
0.323100	125.00
0.323120	124.00
0.323140	124.00
0.323160	125.00
0.323180	126.00
0.323200	126.00
0.323220	125.00
0.323240	124.00
0.323260	125.00
0.323280	125.00
0.323300	125.00
0.323320	124.00
0.323340	125.00
0.323360	125.00
0.323380	126.00
0.323400	125.00
0.323420	125.00
0.323440	124.00
0.323460	124.00
0.323480	125.00
0.323500	124.00
0.323520	124.00
0.323540	124.00
0.323560	125.00
0.323580	125.00
0.323600	125.00
0.323620	125.00
0.323640	125.00
0.323660	125.00
0.323680	125.00
0.323700	125.00
0.323720	124.00
0.323740	124.00
0.323760	125.00
0.323780	126.00
0.323800	125.00
0.323820	125.00
0.323840	124.00
0.323860	124.00
0.323880	124.00
0.323900	124.00
0.323920	124.00
0.323940	124.00
0.323960	125.00
0.323980	125.00
0.324000	125.00
0.324020	124.00
0.324040	125.00
0.324060	125.00
0.324080	125.00
0.324100	124.00
0.324120	124.00
0.324140	124.00
0.324160	125.00
0.324180	126.00
0.324200	126.00
0.324220	125.00
0.324240	124.00
0.324260	125.00
0.324280	125.00
0.324300	126.00
0.324320	125.00
0.324340	125.00
0.324360	125.00
0.324380	125.00
0.324400	124.00
0.324420	124.00
0.324440	124.00
0.324460	124.00
0.324480	125.00
0.324500	124.00
0.324520	124.00
0.324540	124.00
0.324560	125.00
0.324580	125.00
0.324600	125.00
0.324620	125.00
0.324640	124.00
0.324660	124.00
0.324680	124.00
0.324700	124.00
0.324720	124.00
0.324740	124.00
0.324760	124.00
0.324780	125.00
0.324800	124.00
0.324820	124.00
0.324840	124.00
0.324860	124.00
0.324880	125.00
0.324900	125.00
0.324920	125.00
0.324940	125.00
0.324960	125.00
0.324980	125.00
0.325000	125.00
0.325020	124.00
0.325040	124.00
0.325060	124.00
0.325080	123.00
0.325100	122.00
0.325120	121.00
0.325140	120.00
0.325160	121.00
0.325180	122.00
0.325200	124.00
0.325220	125.00
0.325240	128.00
0.325260	132.00
0.325280	136.00
0.325300	140.00
0.325320	143.00
0.325340	146.00
0.325360	146.00
0.325380	144.00
0.325400	137.00
0.325420	128.00
0.325440	117.00
0.325460	107.00
0.325480	99.00
0.325500	91.00
0.325520	85.00
0.325540	81.00
0.325560	80.00
0.325580	83.00
0.325600	91.00
0.325620	103.00
0.325640	120.00
0.325660	139.00
0.325680	157.00
0.325700	172.00
0.325720	183.00
0.325740	190.00
0.325760	194.00
0.325780	194.00
0.325800	188.00
0.325820	175.00
0.325840	157.00
0.325860	132.00
0.325880	104.00
0.325900	73.00
0.325920	44.00
0.325940	21.00
0.325960	8.00
0.325980	4.00
0.326000	10.00
0.326020	26.00
0.326040	53.00
0.326060	91.00
0.326080	137.00
0.326100	183.00
0.326120	221.00
0.326140	245.00
0.326160	255.00
0.326180	255.00
0.326200	252.00
0.326220	241.00
0.326240	217.00
0.326260	177.00
0.326280	121.00
0.326300	62.00
0.326320	16.00
0.326340	0.00
0.326360	0.00
0.326380	5.00
0.326400	7.00
0.326420	0.00
0.326440	0.00
0.326460	10.00
0.326480	58.00
0.326500	126.00
0.326520	192.00
0.326540	237.00
0.326560	255.00
0.326580	255.00
0.326600	255.00
0.326620	255.00
0.326640	254.00
0.326660	242.00
0.326680	211.00
0.326700	162.00
0.326720	102.00
0.326740	47.00
0.326760	10.00
0.326780	0.00
0.326800	0.00
0.326820	4.00
0.326840	2.00
0.326860	0.00
0.326880	3.00
0.326900	28.00
0.326920	75.00
0.326940	131.00
0.326960	181.00
0.326980	216.00
0.327000	235.00
0.327020	245.00
0.327040	246.00
0.327060	241.00
0.327080	228.00
0.327100	208.00
0.327120	180.00
0.327140	147.00
0.327160	112.00
0.327180	78.00
0.327200	49.00
0.327220	29.00
0.327240	19.00
0.327260	17.00
0.327280	24.00
0.327300	39.00
0.327320	60.00
0.327340	86.00
0.327360	114.00
0.327380	139.00
0.327400	161.00
0.327420	178.00
0.327440	189.00
0.327460	194.00
0.327480	192.00
0.327500	186.00
0.327520	175.00
0.327540	161.00
0.327560	144.00
0.327580	127.00
0.327600	111.00
0.327620	98.00
0.327640	88.00
0.327660	82.00
0.327680	79.00
0.327700	81.00
0.327720	86.00
0.327740	94.00
0.327760	104.00
0.327780	115.00
0.327800	125.00
0.327820	135.00
0.327840	143.00
0.327860	149.00
0.327880	152.00
0.327900	153.00
0.327920	151.00
0.327940	148.00
0.327960	143.00
0.327980	136.00
0.328000	129.00
0.328020	122.00
0.328040	117.00
0.328060	112.00
0.328080	109.00
0.328100	107.00
0.328120	107.00
0.328140	109.00
0.328160	111.00
0.328180	114.00
0.328200	118.00
0.328220	122.00
0.328240	126.00
0.328260	130.00
0.328280	133.00
0.328300	135.00
0.328320	136.00
0.328340	136.00
0.328360	136.00
0.328380	134.00
0.328400	132.00
0.328420	130.00
0.328440	127.00
0.328460	124.00
0.328480	122.00
0.328500	120.00
0.328520	119.00
0.328540	119.00
0.328560	118.00
0.328580	119.00
0.328600	119.00
0.328620	121.00
0.328640	123.00
0.328660	125.00
0.328680	127.00
0.328700	127.00
0.328720	128.00
0.328740	129.00
0.328760	129.00
0.328780	130.00
0.328800	129.00
0.328820	128.00
0.328840	127.00
0.328860	126.00
0.328880	125.00
0.328900	124.00
0.328920	123.00
0.328940	123.00
0.328960	122.00
0.328980	122.00
0.329000	122.00
0.329020	122.00
0.329040	123.00
0.329060	124.00
0.329080	125.00
0.329100	125.00
0.329120	126.00
0.329140	126.00
0.329160	127.00
0.329180	127.00
0.329200	127.00
0.329220	127.00
0.329240	127.00
0.329260	126.00
0.329280	125.00
0.329300	125.00
0.329320	124.00
0.329340	124.00
0.329360	124.00
0.329380	124.00
0.329400	124.00
0.329420	124.00
0.329440	124.00
0.329460	125.00
0.329480	125.00
0.329500	125.00
0.329520	125.00
0.329540	125.00
0.329560	125.00
0.329580	125.00
0.329600	125.00
0.329620	125.00
0.329640	125.00
0.329660	125.00
0.329680	125.00
0.329700	125.00
0.329720	125.00
0.329740	124.00
0.329760	124.00
0.329780	124.00
0.329800	124.00
0.329820	124.00
0.329840	124.00
0.329860	124.00
0.329880	124.00
0.329900	124.00
0.329920	124.00
0.329940	124.00
0.329960	124.00
0.329980	125.00
0.330000	125.00
0.330020	125.00
0.330040	125.00
0.330060	125.00
0.330080	125.00
0.330100	125.00
0.330120	125.00
0.330140	125.00
0.330160	125.00
0.330180	125.00
0.330200	125.00
0.330220	125.00
0.330240	125.00
0.330260	125.00
0.330280	125.00
0.330300	125.00
0.330320	125.00
0.330340	125.00
0.330360	125.00
0.330380	125.00
0.330400	125.00
0.330420	125.00
0.330440	125.00
0.330460	125.00
0.330480	125.00
0.330500	125.00
0.330520	125.00
0.330540	125.00
0.330560	125.00
0.330580	125.00
0.330600	125.00
0.330620	125.00
0.330640	125.00
0.330660	125.00
0.330680	125.00
0.330700	125.00
0.330720	125.00
0.330740	124.00
0.330760	124.00
0.330780	124.00
0.330800	125.00
0.330820	125.00
0.330840	125.00
0.330860	125.00
0.330880	125.00
0.330900	125.00
0.330920	125.00
0.330940	125.00
0.330960	125.00
0.330980	125.00
0.331000	124.00
0.331020	124.00
0.331040	124.00
0.331060	125.00
0.331080	125.00
0.331100	125.00
0.331120	125.00
0.331140	126.00
0.331160	125.00
0.331180	125.00
0.331200	124.00
0.331220	125.00
0.331240	125.00
0.331260	125.00
0.331280	125.00
0.331300	125.00
0.331320	126.00
0.331340	126.00
0.331360	126.00
0.331380	126.00
0.331400	125.00
0.331420	125.00
0.331440	124.00
0.331460	124.00
0.331480	124.00
0.331500	122.00
0.331520	121.00
0.331540	120.00
0.331560	120.00
0.331580	120.00
0.331600	121.00
0.331620	122.00
0.331640	124.00
0.331660	127.00
0.331680	129.00
0.331700	132.00
0.331720	134.00
0.331740	135.00
0.331760	136.00
0.331780	136.00
0.331800	135.00
0.331820	133.00
0.331840	130.00
0.331860	126.00
0.331880	121.00
0.331900	117.00
0.331920	113.00
0.331940	110.00
0.331960	109.00
0.331980	108.00
0.332000	108.00
0.332020	109.00
0.332040	112.00
0.332060	116.00
0.332080	122.00
0.332100	129.00
0.332120	137.00
0.332140	144.00
0.332160	150.00
0.332180	154.00
0.332200	156.00
0.332220	155.00
0.332240	151.00
0.332260	145.00
0.332280	135.00
0.332300	123.00
0.332320	110.00
0.332340	98.00
0.332360	87.00
0.332380	80.00
0.332400	76.00
0.332420	77.00
0.332440	82.00
0.332460	92.00
0.332480	105.00
0.332500	121.00
0.332520	138.00
0.332540	154.00
0.332560	169.00
0.332580	179.00
0.332600	184.00
0.332620	185.00
0.332640	180.00
0.332660	170.00
0.332680	157.00
0.332700	140.00
0.332720	121.00
0.332740	103.00
0.332760	87.00
0.332780	74.00
0.332800	66.00
0.332820	62.00
0.332840	64.00
0.332860	72.00
0.332880	83.00
0.332900	98.00
0.332920	115.00
0.332940	133.00
0.332960	149.00
0.332980	162.00
0.333000	171.00
0.333020	176.00
0.333040	177.00
0.333060	174.00
0.333080	167.00
0.333100	156.00
0.333120	144.00
0.333140	130.00
0.333160	117.00
0.333180	105.00
0.333200	95.00
0.333220	88.00
0.333240	84.00
0.333260	85.00
0.333280	88.00
0.333300	94.00
0.333320	103.00
0.333340	113.00
0.333360	123.00
0.333380	133.00
0.333400	141.00
0.333420	147.00
0.333440	151.00
0.333460	153.00
0.333480	152.00
0.333500	149.00
0.333520	144.00
0.333540	139.00
0.333560	132.00
0.333580	125.00
0.333600	119.00
0.333620	113.00
0.333640	109.00
0.333660	107.00
0.333680	106.00
0.333700	107.00
0.333720	109.00
0.333740	113.00
0.333760	118.00
0.333780	123.00
0.333800	126.00
0.333820	130.00
0.333840	133.00
0.333860	135.00
0.333880	136.00
0.333900	137.00
0.333920	135.00
0.333940	134.00
0.333960	132.00
0.333980	130.00
0.334000	128.00
0.334020	125.00
0.334040	122.00
0.334060	120.00
0.334080	119.00
0.334100	118.00
0.334120	118.00
0.334140	118.00
0.334160	119.00
0.334180	120.00
0.334200	122.00
0.334220	124.00
0.334240	126.00
0.334260	127.00
0.334280	128.00
0.334300	129.00
0.334320	130.00
0.334340	130.00
0.334360	130.00
0.334380	128.00
0.334400	127.00
0.334420	126.00
0.334440	125.00
0.334460	125.00
0.334480	124.00
0.334500	123.00
0.334520	122.00
0.334540	122.00
0.334560	122.00
0.334580	123.00
0.334600	123.00
0.334620	124.00
0.334640	125.00
0.334660	125.00
0.334680	126.00
0.334700	126.00
0.334720	126.00
0.334740	126.00
0.334760	126.00
0.334780	126.00
0.334800	126.00
0.334820	126.00
0.334840	126.00
0.334860	126.00
0.334880	126.00
0.334900	126.00
0.334920	125.00
0.334940	125.00
0.334960	125.00
0.334980	124.00
0.335000	124.00
0.335020	124.00
0.335040	124.00
0.335060	124.00
0.335080	125.00
0.335100	125.00
0.335120	125.00
0.335140	125.00
0.335160	124.00
0.335180	124.00
0.335200	124.00
0.335220	125.00
0.335240	126.00
0.335260	126.00
0.335280	126.00
0.335300	125.00
0.335320	125.00
0.335340	125.00
0.335360	125.00
0.335380	125.00
0.335400	125.00
0.335420	124.00
0.335440	124.00
0.335460	124.00
0.335480	124.00
0.335500	124.00
0.335520	124.00
0.335540	124.00
0.335560	125.00
0.335580	125.00
0.335600	126.00
0.335620	125.00
0.335640	125.00
0.335660	125.00
0.335680	126.00
0.335700	126.00
0.335720	126.00
0.335740	126.00
0.335760	125.00
0.335780	125.00
0.335800	125.00
0.335820	125.00
0.335840	125.00
0.335860	125.00
0.335880	125.00
0.335900	125.00
0.335920	125.00
0.335940	124.00
0.335960	124.00
0.335980	124.00
0.336000	124.00
0.336020	124.00
0.336040	124.00
0.336060	124.00
0.336080	124.00
0.336100	124.00
0.336120	124.00
0.336140	125.00
0.336160	125.00
0.336180	125.00
0.336200	125.00
0.336220	125.00
0.336240	125.00
0.336260	125.00
0.336280	125.00
0.336300	125.00
0.336320	125.00
0.336340	125.00
0.336360	125.00
0.336380	125.00
0.336400	125.00
0.336420	125.00
0.336440	125.00
0.336460	125.00
0.336480	125.00
0.336500	124.00
0.336520	124.00
0.336540	124.00
0.336560	125.00
0.336580	125.00
0.336600	125.00
0.336620	125.00
0.336640	125.00
0.336660	125.00
0.336680	125.00
0.336700	125.00
0.336720	125.00
0.336740	125.00
0.336760	125.00
0.336780	125.00
0.336800	125.00
0.336820	125.00
0.336840	125.00
0.336860	125.00
0.336880	125.00
0.336900	125.00
0.336920	125.00
0.336940	125.00
0.336960	125.00
0.336980	125.00
0.337000	125.00
0.337020	125.00
0.337040	125.00
0.337060	125.00
0.337080	125.00
0.337100	125.00
0.337120	125.00
0.337140	125.00
0.337160	125.00
0.337180	125.00
0.337200	125.00
0.337220	125.00
0.337240	124.00
0.337260	124.00
0.337280	124.00
0.337300	124.00
0.337320	125.00
0.337340	125.00
0.337360	125.00
0.337380	125.00
0.337400	125.00
0.337420	125.00
0.337440	125.00
0.337460	125.00
0.337480	125.00
0.337500	125.00
0.337520	125.00
0.337540	125.00
0.337560	125.00
0.337580	125.00
0.337600	126.00
0.337620	126.00
0.337640	126.00
0.337660	125.00
0.337680	125.00
0.337700	124.00
0.337720	123.00
0.337740	123.00
0.337760	122.00
0.337780	121.00
0.337800	121.00
0.337820	121.00
0.337840	122.00
0.337860	124.00
0.337880	125.00
0.337900	127.00
0.337920	129.00
0.337940	130.00
0.337960	131.00
0.337980	132.00
0.338000	132.00
0.338020	131.00
0.338040	130.00
0.338060	128.00
0.338080	126.00
0.338100	123.00
0.338120	120.00
0.338140	118.00
0.338160	117.00
0.338180	116.00
0.338200	115.00
0.338220	115.00
0.338240	115.00
0.338260	117.00
0.338280	119.00
0.338300	123.00
0.338320	127.00
0.338340	132.00
0.338360	136.00
0.338380	140.00
0.338400	143.00
0.338420	144.00
0.338440	143.00
0.338460	142.00
0.338480	138.00
0.338500	132.00
0.338520	125.00
0.338540	117.00
0.338560	109.00
0.338580	103.00
0.338600	98.00
0.338620	95.00
0.338640	95.00
0.338660	98.00
0.338680	103.00
0.338700	112.00
0.338720	122.00
0.338740	132.00
0.338760	142.00
0.338780	151.00
0.338800	158.00
0.338820	162.00
0.338840	162.00
0.338860	159.00
0.338880	153.00
0.338900	145.00
0.338920	135.00
0.338940	124.00
0.338960	113.00
0.338980	103.00
0.339000	94.00
0.339020	89.00
0.339040	87.00
0.339060	88.00
0.339080	92.00
0.339100	99.00
0.339120	108.00
0.339140	118.00
0.339160	128.00
0.339180	138.00
0.339200	146.00
0.339220	153.00
0.339240	156.00
0.339260	157.00
0.339280	155.00
0.339300	151.00
0.339320	145.00
0.339340	137.00
0.339360	128.00
0.339380	120.00
0.339400	113.00
0.339420	107.00
0.339440	103.00
0.339460	102.00
0.339480	102.00
0.339500	104.00
0.339520	107.00
0.339540	112.00
0.339560	118.00
0.339580	124.00
0.339600	130.00
0.339620	134.00
0.339640	138.00
0.339660	140.00
0.339680	141.00
0.339700	140.00
0.339720	138.00
0.339740	135.00
0.339760	132.00
0.339780	129.00
0.339800	125.00
0.339820	121.00
0.339840	118.00
0.339860	116.00
0.339880	115.00
0.339900	116.00
0.339920	116.00
0.339940	117.00
0.339960	119.00
0.339980	121.00
0.340000	124.00
0.340020	126.00
0.340040	128.00
0.340060	130.00
0.340080	131.00
0.340100	132.00
0.340120	131.00
0.340140	131.00
0.340160	130.00
0.340180	129.00
0.340200	127.00
0.340220	126.00
0.340240	124.00
0.340260	123.00
0.340280	122.00
0.340300	121.00
0.340320	121.00
0.340340	121.00
0.340360	122.00
0.340380	123.00
0.340400	123.00
0.340420	124.00
0.340440	125.00
0.340460	125.00
0.340480	126.00
0.340500	127.00
0.340520	127.00
0.340540	127.00
0.340560	127.00
0.340580	127.00
0.340600	126.00
0.340620	125.00
0.340640	125.00
0.340660	125.00
0.340680	124.00
0.340700	124.00
0.340720	124.00
0.340740	124.00
0.340760	124.00
0.340780	123.00
0.340800	123.00
0.340820	124.00
0.340840	124.00
0.340860	125.00
0.340880	125.00
0.340900	125.00
0.340920	126.00
0.340940	126.00
0.340960	126.00
0.340980	126.00
0.341000	126.00
0.341020	126.00
0.341040	125.00
0.341060	125.00
0.341080	125.00
0.341100	125.00
0.341120	125.00
0.341140	125.00
0.341160	125.00
0.341180	124.00
0.341200	124.00
0.341220	124.00
0.341240	124.00
0.341260	124.00
0.341280	124.00
0.341300	124.00
0.341320	124.00
0.341340	125.00
0.341360	125.00
0.341380	125.00
0.341400	125.00
0.341420	125.00
0.341440	125.00
0.341460	125.00
0.341480	125.00
0.341500	126.00
0.341520	126.00
0.341540	125.00
0.341560	125.00
0.341580	125.00
0.341600	125.00
0.341620	125.00
0.341640	125.00
0.341660	125.00
0.341680	124.00
0.341700	124.00
0.341720	124.00
0.341740	124.00
0.341760	124.00
0.341780	124.00
0.341800	124.00
0.341820	124.00
0.341840	125.00
0.341860	125.00
0.341880	125.00
0.341900	125.00
0.341920	125.00
0.341940	126.00
0.341960	126.00
0.341980	126.00
0.342000	126.00
0.342020	126.00
0.342040	126.00
0.342060	126.00
0.342080	125.00
0.342100	124.00
0.342120	124.00
0.342140	124.00
0.342160	123.00
0.342180	123.00
0.342200	123.00
0.342220	123.00
0.342240	124.00
0.342260	124.00
0.342280	124.00
0.342300	124.00
0.342320	124.00
0.342340	124.00
0.342360	125.00
0.342380	126.00
0.342400	126.00
0.342420	126.00
0.342440	126.00
0.342460	125.00
0.342480	125.00
0.342500	126.00
0.342520	126.00
0.342540	126.00
0.342560	125.00
0.342580	125.00
0.342600	124.00
0.342620	124.00
0.342640	124.00
0.342660	124.00
0.342680	124.00
0.342700	124.00
0.342720	124.00
0.342740	123.00
0.342760	124.00
0.342780	124.00
0.342800	125.00
0.342820	125.00
0.342840	126.00
0.342860	126.00
0.342880	126.00
0.342900	126.00
0.342920	126.00
0.342940	126.00
0.342960	125.00
0.342980	125.00
0.343000	125.00
0.343020	124.00
0.343040	124.00
0.343060	124.00
0.343080	124.00
0.343100	125.00
0.343120	125.00
0.343140	125.00
0.343160	125.00
0.343180	125.00
0.343200	125.00
0.343220	125.00
0.343240	125.00
0.343260	125.00
0.343280	125.00
0.343300	125.00
0.343320	125.00
0.343340	125.00
0.343360	125.00
0.343380	125.00
0.343400	125.00
0.343420	125.00
0.343440	125.00
0.343460	125.00
0.343480	125.00
0.343500	125.00
0.343520	125.00
0.343540	125.00
0.343560	125.00
0.343580	125.00
0.343600	125.00
0.343620	125.00
0.343640	125.00
0.343660	125.00
0.343680	125.00
0.343700	125.00
0.343720	124.00
0.343740	124.00
0.343760	125.00
0.343780	125.00
0.343800	126.00
0.343820	126.00
0.343840	125.00
0.343860	125.00
0.343880	125.00
0.343900	125.00
0.343920	125.00
0.343940	124.00
0.343960	123.00
0.343980	123.00
0.344000	123.00
0.344020	123.00
0.344040	123.00
0.344060	124.00
0.344080	124.00
0.344100	125.00
0.344120	126.00
0.344140	127.00
0.344160	128.00
0.344180	129.00
0.344200	130.00
0.344220	130.00
0.344240	130.00
0.344260	129.00
0.344280	128.00
0.344300	126.00
0.344320	124.00
0.344340	122.00
0.344360	121.00
0.344380	120.00
0.344400	119.00
0.344420	118.00
0.344440	118.00
0.344460	118.00
0.344480	119.00
0.344500	120.00
0.344520	123.00
0.344540	126.00
0.344560	129.00
0.344580	132.00
0.344600	134.00
0.344620	136.00
0.344640	137.00
0.344660	138.00
0.344680	136.00
0.344700	134.00
0.344720	130.00
0.344740	125.00
0.344760	121.00
0.344780	116.00
0.344800	111.00
0.344820	107.00
0.344840	105.00
0.344860	105.00
0.344880	107.00
0.344900	111.00
0.344920	116.00
0.344940	122.00
0.344960	129.00
0.344980	135.00
0.345000	141.00
0.345020	146.00
0.345040	148.00
0.345060	149.00
0.345080	147.00
0.345100	144.00
0.345120	138.00
0.345140	132.00
0.345160	125.00
0.345180	118.00
0.345200	112.00
0.345220	106.00
0.345240	103.00
0.345260	100.00
0.345280	101.00
0.345300	103.00
0.345320	107.00
0.345340	112.00
0.345360	119.00
0.345380	125.00
0.345400	132.00
0.345420	137.00
0.345440	141.00
0.345460	144.00
0.345480	145.00
0.345500	145.00
0.345520	142.00
0.345540	139.00
0.345560	134.00
0.345580	130.00
0.345600	125.00
0.345620	120.00
0.345640	116.00
0.345660	113.00
0.345680	111.00
0.345700	110.00
0.345720	111.00
0.345740	113.00
0.345760	115.00
0.345780	119.00
0.345800	123.00
0.345820	126.00
0.345840	129.00
0.345860	132.00
0.345880	134.00
0.345900	135.00
0.345920	135.00
0.345940	134.00
0.345960	133.00
0.345980	131.00
0.346000	128.00
0.346020	126.00
0.346040	123.00
0.346060	121.00
0.346080	120.00
0.346100	119.00
0.346120	119.00
0.346140	119.00
0.346160	120.00
0.346180	121.00
0.346200	122.00
0.346220	123.00
0.346240	125.00
0.346260	126.00
0.346280	127.00
0.346300	128.00
0.346320	128.00
0.346340	128.00
0.346360	128.00
0.346380	128.00
0.346400	127.00
0.346420	126.00
0.346440	125.00
0.346460	124.00
0.346480	123.00
0.346500	122.00
0.346520	122.00
0.346540	122.00
0.346560	123.00
0.346580	123.00
0.346600	123.00
0.346620	124.00
0.346640	124.00
0.346660	124.00
0.346680	125.00
0.346700	126.00
0.346720	126.00
0.346740	126.00
0.346760	126.00
0.346780	126.00
0.346800	126.00
0.346820	126.00
0.346840	125.00
0.346860	124.00
0.346880	124.00
0.346900	124.00
0.346920	124.00
0.346940	124.00
0.346960	124.00
0.346980	124.00
0.347000	124.00
0.347020	124.00
0.347040	125.00
0.347060	125.00
0.347080	125.00
0.347100	125.00
0.347120	125.00
0.347140	125.00
0.347160	125.00
0.347180	125.00
0.347200	125.00
0.347220	125.00
0.347240	125.00
0.347260	125.00
0.347280	125.00
0.347300	125.00
0.347320	125.00
0.347340	125.00
0.347360	125.00
0.347380	125.00
0.347400	124.00
0.347420	124.00
0.347440	124.00
0.347460	124.00
0.347480	125.00
0.347500	125.00
0.347520	125.00
0.347540	125.00
0.347560	125.00
0.347580	125.00
0.347600	125.00
0.347620	125.00
0.347640	125.00
0.347660	125.00
0.347680	125.00
0.347700	125.00
0.347720	125.00
0.347740	125.00
0.347760	125.00
0.347780	125.00
0.347800	124.00
0.347820	124.00
0.347840	124.00
0.347860	125.00
0.347880	125.00
0.347900	124.00
0.347920	124.00
0.347940	124.00
0.347960	125.00
0.347980	125.00
0.348000	125.00
0.348020	125.00
0.348040	124.00
0.348060	124.00
0.348080	125.00
0.348100	125.00
0.348120	125.00
0.348140	125.00
0.348160	125.00
0.348180	125.00
0.348200	126.00
0.348220	126.00
0.348240	126.00
0.348260	126.00
0.348280	126.00
0.348300	125.00
0.348320	125.00
0.348340	125.00
0.348360	124.00
0.348380	124.00
0.348400	123.00
0.348420	123.00
0.348440	124.00
0.348460	124.00
0.348480	124.00
0.348500	124.00
0.348520	124.00
0.348540	124.00
0.348560	125.00
0.348580	125.00
0.348600	126.00
0.348620	126.00
0.348640	126.00
0.348660	126.00
0.348680	126.00
0.348700	127.00
0.348720	126.00
0.348740	125.00
0.348760	125.00
0.348780	124.00
0.348800	124.00
0.348820	124.00
0.348840	124.00
0.348860	124.00
0.348880	124.00
0.348900	124.00
0.348920	125.00
0.348940	125.00
0.348960	126.00
0.348980	126.00
0.349000	126.00
0.349020	126.00
0.349040	126.00
0.349060	126.00
0.349080	126.00
0.349100	125.00
0.349120	125.00
0.349140	125.00
0.349160	125.00
0.349180	125.00
0.349200	125.00
0.349220	125.00
0.349240	125.00
0.349260	124.00
0.349280	124.00
0.349300	124.00
0.349320	124.00
0.349340	124.00
0.349360	124.00
0.349380	124.00
0.349400	125.00
0.349420	125.00
0.349440	125.00
0.349460	125.00
0.349480	125.00
0.349500	125.00
0.349520	125.00
0.349540	125.00
0.349560	125.00
0.349580	125.00
0.349600	125.00
0.349620	124.00
0.349640	124.00
0.349660	124.00
0.349680	124.00
0.349700	124.00
0.349720	124.00
0.349740	125.00
0.349760	125.00
0.349780	125.00
0.349800	125.00
0.349820	125.00
0.349840	125.00
0.349860	125.00
0.349880	125.00
0.349900	125.00
0.349920	125.00
0.349940	125.00
0.349960	125.00
0.349980	125.00
0.350000	125.00
0.350020	125.00
0.350040	125.00
0.350060	125.00
0.350080	125.00
0.350100	125.00
0.350120	125.00
0.350140	124.00
0.350160	124.00
0.350180	124.00
0.350200	124.00
0.350220	123.00
0.350240	123.00
0.350260	123.00
0.350280	124.00
0.350300	125.00
0.350320	126.00
0.350340	126.00
0.350360	126.00
0.350380	126.00
0.350400	127.00
0.350420	128.00
0.350440	128.00
0.350460	128.00
0.350480	128.00
0.350500	127.00
0.350520	126.00
0.350540	124.00
0.350560	123.00
0.350580	122.00
0.350600	122.00
0.350620	121.00
0.350640	121.00
0.350660	120.00
0.350680	120.00
0.350700	121.00
0.350720	122.00
0.350740	123.00
0.350760	125.00
0.350780	127.00
0.350800	129.00
0.350820	131.00
0.350840	133.00
0.350860	134.00
0.350880	134.00
0.350900	133.00
0.350920	131.00
0.350940	129.00
0.350960	126.00
0.350980	123.00
0.351000	119.00
0.351020	116.00
0.351040	114.00
0.351060	112.00
0.351080	112.00
0.351100	113.00
0.351120	115.00
0.351140	118.00
0.351160	122.00
0.351180	127.00
0.351200	131.00
0.351220	135.00
0.351240	139.00
0.351260	141.00
0.351280	142.00
0.351300	141.00
0.351320	139.00
0.351340	135.00
0.351360	131.00
0.351380	126.00
0.351400	122.00
0.351420	117.00
0.351440	113.00
0.351460	110.00
0.351480	108.00
0.351500	108.00
0.351520	110.00
0.351540	112.00
0.351560	116.00
0.351580	120.00
0.351600	124.00
0.351620	129.00
0.351640	133.00
0.351660	136.00
0.351680	138.00
0.351700	139.00
0.351720	139.00
0.351740	138.00
0.351760	136.00
0.351780	133.00
0.351800	129.00
0.351820	125.00
0.351840	122.00
0.351860	119.00
0.351880	117.00
0.351900	115.00
0.351920	114.00
0.351940	114.00
0.351960	115.00
0.351980	117.00
0.352000	119.00
0.352020	122.00
0.352040	125.00
0.352060	127.00
0.352080	129.00
0.352100	131.00
0.352120	131.00
0.352140	132.00
0.352160	131.00
0.352180	131.00
0.352200	130.00
0.352220	128.00
0.352240	127.00
0.352260	125.00
0.352280	123.00
0.352300	121.00
0.352320	120.00
0.352340	120.00
0.352360	120.00
0.352380	120.00
0.352400	120.00
0.352420	121.00
0.352440	122.00
0.352460	123.00
0.352480	125.00
0.352500	126.00
0.352520	126.00
0.352540	127.00
0.352560	127.00
0.352580	127.00
0.352600	127.00
0.352620	126.00
0.352640	126.00
0.352660	126.00
0.352680	125.00
0.352700	124.00
0.352720	123.00
0.352740	123.00
0.352760	124.00
0.352780	124.00
0.352800	124.00
0.352820	124.00
0.352840	123.00
0.352860	123.00
0.352880	124.00
0.352900	125.00
0.352920	126.00
0.352940	126.00
0.352960	126.00
0.352980	126.00
0.353000	126.00
0.353020	126.00
0.353040	126.00
0.353060	126.00
0.353080	126.00
0.353100	125.00
0.353120	125.00
0.353140	124.00
0.353160	124.00
0.353180	125.00
0.353200	125.00
0.353220	124.00
0.353240	124.00
0.353260	125.00
0.353280	125.00
0.353300	124.00
0.353320	124.00
0.353340	124.00
0.353360	125.00
0.353380	125.00
0.353400	126.00
0.353420	125.00
0.353440	125.00
0.353460	125.00
0.353480	125.00
0.353500	125.00
0.353520	125.00
0.353540	125.00
0.353560	124.00
0.353580	124.00
0.353600	124.00
0.353620	124.00
0.353640	124.00
0.353660	125.00
0.353680	125.00
0.353700	126.00
0.353720	126.00
0.353740	125.00
0.353760	125.00
0.353780	125.00
0.353800	125.00
0.353820	125.00
0.353840	124.00
0.353860	124.00
0.353880	124.00
0.353900	125.00
0.353920	125.00
0.353940	124.00
0.353960	124.00
0.353980	124.00
0.354000	124.00
0.354020	125.00
0.354040	125.00
0.354060	125.00
0.354080	125.00
0.354100	125.00
0.354120	125.00
0.354140	125.00
0.354160	125.00
0.354180	125.00
0.354200	125.00
0.354220	125.00
0.354240	125.00
0.354260	125.00
0.354280	125.00
0.354300	125.00
0.354320	125.00
0.354340	125.00
0.354360	126.00
0.354380	126.00
0.354400	125.00
0.354420	125.00
0.354440	125.00
0.354460	125.00
0.354480	125.00
0.354500	125.00
0.354520	124.00
0.354540	124.00
0.354560	124.00
0.354580	124.00
0.354600	124.00
0.354620	124.00
0.354640	124.00
0.354660	124.00
0.354680	125.00
0.354700	125.00
0.354720	125.00
0.354740	125.00
0.354760	125.00
0.354780	125.00
0.354800	126.00
0.354820	126.00
0.354840	126.00
0.354860	126.00
0.354880	126.00
0.354900	125.00
0.354920	125.00
0.354940	124.00
0.354960	124.00
0.354980	124.00
0.355000	124.00
0.355020	124.00
0.355040	124.00
0.355060	124.00
0.355080	124.00
0.355100	124.00
0.355120	124.00
0.355140	124.00
0.355160	124.00
0.355180	125.00
0.355200	126.00
0.355220	126.00
0.355240	126.00
0.355260	126.00
0.355280	126.00
0.355300	126.00
0.355320	126.00
0.355340	126.00
0.355360	125.00
0.355380	125.00
0.355400	125.00
0.355420	125.00
0.355440	125.00
0.355460	125.00
0.355480	124.00
0.355500	124.00
0.355520	125.00
0.355540	125.00
0.355560	125.00
0.355580	125.00
0.355600	125.00
0.355620	125.00
0.355640	125.00
0.355660	125.00
0.355680	125.00
0.355700	125.00
0.355720	125.00
0.355740	125.00
0.355760	125.00
0.355780	125.00
0.355800	125.00
0.355820	125.00
0.355840	125.00
0.355860	125.00
0.355880	125.00
0.355900	125.00
0.355920	125.00
0.355940	124.00
0.355960	124.00
0.355980	124.00
0.356000	124.00
0.356020	124.00
0.356040	124.00
0.356060	125.00
0.356080	125.00
0.356100	125.00
0.356120	124.00
0.356140	124.00
0.356160	124.00
0.356180	125.00
0.356200	125.00
0.356220	125.00
0.356240	125.00
0.356260	125.00
0.356280	125.00
0.356300	125.00
0.356320	125.00
0.356340	125.00
0.356360	125.00
0.356380	125.00
0.356400	124.00
0.356420	124.00
0.356440	124.00
0.356460	124.00
0.356480	124.00
0.356500	125.00
0.356520	125.00
0.356540	125.00
0.356560	126.00
0.356580	126.00
0.356600	127.00
0.356620	127.00
0.356640	127.00
0.356660	127.00
0.356680	127.00
0.356700	127.00
0.356720	126.00
0.356740	125.00
0.356760	124.00
0.356780	124.00
0.356800	124.00
0.356820	123.00
0.356840	122.00
0.356860	122.00
0.356880	122.00
0.356900	122.00
0.356920	122.00
0.356940	123.00
0.356960	124.00
0.356980	125.00
0.357000	127.00
0.357020	128.00
0.357040	129.00
0.357060	130.00
0.357080	131.00
0.357100	131.00
0.357120	130.00
0.357140	129.00
0.357160	127.00
0.357180	125.00
0.357200	123.00
0.357220	120.00
0.357240	118.00
0.357260	116.00
0.357280	116.00
0.357300	116.00
0.357320	117.00
0.357340	118.00
0.357360	120.00
0.357380	123.00
0.357400	126.00
0.357420	130.00
0.357440	132.00
0.357460	135.00
0.357480	136.00
0.357500	136.00
0.357520	136.00
0.357540	134.00
0.357560	131.00
0.357580	128.00
0.357600	125.00
0.357620	122.00
0.357640	119.00
0.357660	116.00
0.357680	114.00
0.357700	113.00
0.357720	113.00
0.357740	114.00
0.357760	116.00
0.357780	118.00
0.357800	121.00
0.357820	124.00
0.357840	127.00
0.357860	130.00
0.357880	133.00
0.357900	134.00
0.357920	135.00
0.357940	135.00
0.357960	134.00
0.357980	132.00
0.358000	130.00
0.358020	128.00
0.358040	125.00
0.358060	123.00
0.358080	121.00
0.358100	119.00
0.358120	117.00
0.358140	117.00
0.358160	117.00
0.358180	118.00
0.358200	119.00
0.358220	121.00
0.358240	122.00
0.358260	124.00
0.358280	126.00
0.358300	128.00
0.358320	130.00
0.358340	131.00
0.358360	130.00
0.358380	130.00
0.358400	129.00
0.358420	128.00
0.358440	127.00
0.358460	126.00
0.358480	124.00
0.358500	123.00
0.358520	122.00
0.358540	122.00
0.358560	121.00
0.358580	121.00
0.358600	121.00
0.358620	122.00
0.358640	123.00
0.358660	124.00
0.358680	124.00
0.358700	125.00
0.358720	126.00
0.358740	127.00
0.358760	127.00
0.358780	127.00
0.358800	127.00
0.358820	127.00
0.358840	127.00
0.358860	126.00
0.358880	126.00
0.358900	125.00
0.358920	124.00
0.358940	124.00
0.358960	123.00
0.358980	123.00
0.359000	123.00
0.359020	123.00
0.359040	124.00
0.359060	124.00
0.359080	125.00
0.359100	125.00
0.359120	126.00
0.359140	126.00
0.359160	126.00
0.359180	126.00
0.359200	126.00
0.359220	126.00
0.359240	126.00
0.359260	126.00
0.359280	126.00
0.359300	126.00
0.359320	125.00
0.359340	125.00
0.359360	124.00
0.359380	124.00
0.359400	124.00
0.359420	124.00
0.359440	124.00
0.359460	124.00
0.359480	124.00
0.359500	125.00
0.359520	125.00
0.359540	125.00
0.359560	125.00
0.359580	126.00
0.359600	126.00
0.359620	126.00
0.359640	126.00
0.359660	125.00
0.359680	125.00
0.359700	125.00
0.359720	126.00
0.359740	126.00
0.359760	126.00
0.359780	125.00
0.359800	124.00
0.359820	124.00
0.359840	125.00
0.359860	125.00
0.359880	125.00
0.359900	125.00
0.359920	124.00
0.359940	124.00
0.359960	124.00
0.359980	126.00
