0.320000	101.00
0.320020	49.00
0.320040	101.00
0.320060	140.00
0.320080	144.00
0.320100	125.00
0.320120	113.00
0.320140	119.00
0.320160	131.00
0.320180	133.00
0.320200	125.00
0.320220	118.00
0.320240	121.00
0.320260	129.00
0.320280	131.00
0.320300	125.00
0.320320	120.00
0.320340	122.00
0.320360	127.00
0.320380	128.00
0.320400	124.00
0.320420	121.00
0.320440	122.00
0.320460	126.00
0.320480	127.00
0.320500	124.00
0.320520	122.00
0.320540	124.00
0.320560	127.00
0.320580	127.00
0.320600	124.00
0.320620	122.00
0.320640	123.00
0.320660	126.00
0.320680	127.00
0.320700	124.00
0.320720	122.00
0.320740	123.00
0.320760	126.00
0.320780	127.00
0.320800	125.00
0.320820	123.00
0.320840	124.00
0.320860	127.00
0.320880	127.00
0.320900	124.00
0.320920	122.00
0.320940	123.00
0.320960	125.00
0.320980	126.00
0.321000	124.00
0.321020	123.00
0.321040	124.00
0.321060	126.00
0.321080	126.00
0.321100	125.00
0.321120	123.00
0.321140	123.00
0.321160	125.00
0.321180	126.00
0.321200	125.00
0.321220	124.00
0.321240	124.00
0.321260	125.00
0.321280	125.00
0.321300	124.00
0.321320	123.00
0.321340	124.00
0.321360	126.00
0.321380	126.00
0.321400	125.00
0.321420	124.00
0.321440	125.00
0.321460	126.00
0.321480	126.00
0.321500	124.00
0.321520	123.00
0.321540	124.00
0.321560	126.00
0.321580	126.00
0.321600	125.00
0.321620	124.00
0.321640	124.00
0.321660	126.00
0.321680	126.00
0.321700	125.00
0.321720	124.00
0.321740	125.00
0.321760	126.00
0.321780	126.00
0.321800	125.00
0.321820	124.00
0.321840	125.00
0.321860	126.00
0.321880	126.00
0.321900	125.00
0.321920	124.00
0.321940	125.00
0.321960	126.00
0.321980	126.00
0.322000	125.00
0.322020	124.00
0.322040	125.00
0.322060	126.00
0.322080	126.00
0.322100	125.00
0.322120	124.00
0.322140	125.00
0.322160	126.00
0.322180	126.00
0.322200	125.00
0.322220	124.00
0.322240	125.00
0.322260	126.00
0.322280	126.00
0.322300	125.00
0.322320	124.00
0.322340	124.00
0.322360	125.00
0.322380	125.00
0.322400	124.00
0.322420	124.00
0.322440	124.00
0.322460	125.00
0.322480	126.00
0.322500	125.00
0.322520	125.00
0.322540	125.00
0.322560	126.00
0.322580	126.00
0.322600	125.00
0.322620	124.00
0.322640	124.00
0.322660	125.00
0.322680	125.00
0.322700	124.00
0.322720	124.00
0.322740	124.00
0.322760	125.00
0.322780	126.00
0.322800	125.00
0.322820	124.00
0.322840	124.00
0.322860	124.00
0.322880	125.00
0.322900	124.00
0.322920	124.00
0.322940	124.00
0.322960	125.00
0.322980	126.00
0.323000	125.00
0.323020	125.00
0.323040	124.00
0.323060	125.00
0.323080	125.00
0.323100	125.00
0.323120	125.00
0.323140	125.00
0.323160	125.00
0.323180	126.00
0.323200	125.00
0.323220	125.00
0.323240	125.00
0.323260	125.00
0.323280	126.00
0.323300	125.00
0.323320	125.00
0.323340	125.00
0.323360	126.00
0.323380	126.00
0.323400	125.00
0.323420	125.00
0.323440	124.00
0.323460	124.00
0.323480	125.00
0.323500	124.00
0.323520	124.00
0.323540	124.00
0.323560	125.00
0.323580	125.00
0.323600	125.00
0.323620	125.00
0.323640	125.00
0.323660	125.00
0.323680	125.00
0.323700	125.00
0.323720	125.00
0.323740	125.00
0.323760	125.00
0.323780	125.00
0.323800	125.00
0.323820	124.00
0.323840	125.00
0.323860	125.00
0.323880	125.00
0.323900	124.00
0.323920	124.00
0.323940	124.00
0.323960	125.00
0.323980	125.00
0.324000	124.00
0.324020	124.00
0.324040	124.00
0.324060	125.00
0.324080	125.00
0.324100	125.00
0.324120	125.00
0.324140	125.00
0.324160	125.00
0.324180	125.00
0.324200	125.00
0.324220	125.00
0.324240	125.00
0.324260	125.00
0.324280	125.00
0.324300	125.00
0.324320	125.00
0.324340	125.00
0.324360	125.00
0.324380	126.00
0.324400	125.00
0.324420	125.00
0.324440	125.00
0.324460	125.00
0.324480	125.00
0.324500	124.00
0.324520	125.00
0.324540	125.00
0.324560	125.00
0.324580	125.00
0.324600	125.00
0.324620	124.00
0.324640	125.00
0.324660	125.00
0.324680	125.00
0.324700	124.00
0.324720	124.00
0.324740	124.00
0.324760	125.00
0.324780	125.00
0.324800	124.00
0.324820	124.00
0.324840	124.00
0.324860	125.00
0.324880	125.00
0.324900	125.00
0.324920	125.00
0.324940	125.00
0.324960	125.00
0.324980	124.00
0.325000	123.00
0.325020	122.00
0.325040	121.00
0.325060	121.00
0.325080	120.00
0.325100	120.00
0.325120	121.00
0.325140	123.00
0.325160	126.00
0.325180	129.00
0.325200	132.00
0.325220	136.00
0.325240	140.00
0.325260	144.00
0.325280	146.00
0.325300	146.00
0.325320	143.00
0.325340	137.00
0.325360	129.00
0.325380	118.00
0.325400	107.00
0.325420	97.00
0.325440	89.00
0.325460	83.00
0.325480	79.00
0.325500	78.00
0.325520	81.00
0.325540	90.00
0.325560	103.00
0.325580	120.00
0.325600	139.00
0.325620	158.00
0.325640	173.00
0.325660	185.00
0.325680	191.00
0.325700	194.00
0.325720	193.00
0.325740	188.00
0.325760	177.00
0.325780	158.00
0.325800	132.00
0.325820	103.00
0.325840	72.00
0.325860	44.00
0.325880	21.00
0.325900	6.00
0.325920	1.00
0.325940	7.00
0.325960	23.00
0.325980	51.00
0.326000	90.00
0.326020	136.00
0.326040	183.00
0.326060	222.00
0.326080	246.00
0.326100	255.00
0.326120	255.00
0.326140	252.00
0.326160	242.00
0.326180	219.00
0.326200	177.00
0.326220	121.00
0.326240	61.00
0.326260	16.00
0.326280	0.00
0.326300	0.00
0.326320	5.00
0.326340	7.00
0.326360	0.00
0.326380	0.00
0.326400	9.00
0.326420	56.00
0.326440	124.00
0.326460	191.00
0.326480	237.00
0.326500	255.00
0.326520	255.00
0.326540	255.00
0.326560	255.00
0.326580	254.00
0.326600	242.00
0.326620	211.00
0.326640	162.00
0.326660	103.00
0.326680	48.00
0.326700	10.00
0.326720	0.00
0.326740	0.00
0.326760	4.00
0.326780	3.00
0.326800	0.00
0.326820	2.00
0.326840	27.00
0.326860	74.00
0.326880	131.00
0.326900	181.00
0.326920	216.00
0.326940	236.00
0.326960	245.00
0.326980	246.00
0.327000	241.00
0.327020	229.00
0.327040	209.00
0.327060	181.00
0.327080	148.00
0.327100	112.00
0.327120	78.00
0.327140	50.00
0.327160	30.00
0.327180	19.00
0.327200	17.00
0.327220	23.00
0.327240	39.00
0.327260	61.00
0.327280	86.00
0.327300	113.00
0.327320	137.00
0.327340	159.00
0.327360	177.00
0.327380	189.00
0.327400	194.00
0.327420	193.00
0.327440	186.00
0.327460	175.00
0.327480	161.00
0.327500	145.00
0.327520	127.00
0.327540	111.00
0.327560	97.00
0.327580	87.00
0.327600	81.00
0.327620	78.00
0.327640	80.00
0.327660	86.00
0.327680	94.00
0.327700	104.00
0.327720	114.00
0.327740	125.00
0.327760	135.00
0.327780	144.00
0.327800	150.00
0.327820	153.00
0.327840	154.00
0.327860	152.00
0.327880	148.00
0.327900	143.00
0.327920	136.00
0.327940	129.00
0.327960	123.00
0.327980	118.00
0.328000	113.00
0.328020	109.00
0.328040	107.00
0.328060	107.00
0.328080	109.00
0.328100	111.00
0.328120	114.00
0.328140	118.00
0.328160	122.00
0.328180	127.00
0.328200	130.00
0.328220	133.00
0.328240	135.00
0.328260	136.00
0.328280	136.00
0.328300	135.00
0.328320	133.00
0.328340	131.00
0.328360	129.00
0.328380	126.00
0.328400	124.00
0.328420	122.00
0.328440	120.00
0.328460	119.00
0.328480	119.00
0.328500	119.00
0.328520	119.00
0.328540	120.00
0.328560	122.00
0.328580	123.00
0.328600	125.00
0.328620	126.00
0.328640	127.00
0.328660	128.00
0.328680	129.00
0.328700	129.00
0.328720	129.00
0.328740	129.00
0.328760	128.00
0.328780	128.00
0.328800	126.00
0.328820	125.00
0.328840	124.00
0.328860	123.00
0.328880	122.00
0.328900	121.00
0.328920	121.00
0.328940	121.00
0.328960	122.00
0.328980	123.00
0.329000	124.00
0.329020	124.00
0.329040	125.00
0.329060	126.00
0.329080	126.00
0.329100	127.00
0.329120	127.00
0.329140	127.00
0.329160	127.00
0.329180	127.00
0.329200	126.00
0.329220	126.00
0.329240	125.00
0.329260	125.00
0.329280	124.00
0.329300	123.00
0.329320	123.00
0.329340	123.00
0.329360	124.00
0.329380	124.00
0.329400	124.00
0.329420	124.00
0.329440	124.00
0.329460	125.00
0.329480	125.00
0.329500	126.00
0.329520	126.00
0.329540	126.00
0.329560	126.00
0.329580	127.00
0.329600	126.00
0.329620	126.00
0.329640	126.00
0.329660	126.00
0.329680	126.00
0.329700	125.00
0.329720	125.00
0.329740	125.00
0.329760	125.00
0.329780	125.00
0.329800	124.00
0.329820	124.00
0.329840	124.00
0.329860	124.00
0.329880	125.00
0.329900	124.00
0.329920	124.00
0.329940	124.00
0.329960	125.00
0.329980	125.00
0.330000	125.00
0.330020	125.00
0.330040	125.00
0.330060	125.00
0.330080	125.00
0.330100	125.00
0.330120	124.00
0.330140	124.00
0.330160	125.00
0.330180	125.00
0.330200	125.00
0.330220	125.00
0.330240	125.00
0.330260	125.00
0.330280	125.00
0.330300	125.00
0.330320	125.00
0.330340	125.00
0.330360	125.00
0.330380	126.00
0.330400	126.00
0.330420	125.00
0.330440	125.00
0.330460	125.00
0.330480	125.00
0.330500	125.00
0.330520	125.00
0.330540	125.00
0.330560	125.00
0.330580	125.00
0.330600	125.00
0.330620	125.00
0.330640	125.00
0.330660	125.00
0.330680	125.00
0.330700	124.00
0.330720	124.00
0.330740	124.00
0.330760	125.00
0.330780	125.00
0.330800	124.00
0.330820	124.00
0.330840	124.00
0.330860	125.00
0.330880	125.00
0.330900	125.00
0.330920	124.00
0.330940	124.00
0.330960	125.00
0.330980	125.00
0.331000	125.00
0.331020	124.00
0.331040	124.00
0.331060	124.00
0.331080	125.00
0.331100	125.00
0.331120	125.00
0.331140	125.00
0.331160	125.00
0.331180	126.00
0.331200	126.00
0.331220	125.00
0.331240	125.00
0.331260	126.00
0.331280	126.00
0.331300	126.00
0.331320	126.00
0.331340	126.00
0.331360	126.00
0.331380	125.00
0.331400	124.00
0.331420	123.00
0.331440	122.00
0.331460	121.00
0.331480	121.00
0.331500	120.00
0.331520	120.00
0.331540	121.00
0.331560	122.00
0.331580	124.00
0.331600	127.00
0.331620	129.00
0.331640	132.00
0.331660	134.00
0.331680	135.00
0.331700	136.00
0.331720	136.00
0.331740	135.00
0.331760	133.00
0.331780	130.00
0.331800	125.00
0.331820	121.00
0.331840	117.00
0.331860	114.00
0.331880	111.00
0.331900	109.00
0.331920	108.00
0.331940	107.00
0.331960	108.00
0.331980	111.00
0.332000	116.00
0.332020	123.00
0.332040	130.00
0.332060	138.00
0.332080	145.00
0.332100	151.00
0.332120	155.00
0.332140	156.00
0.332160	155.00
0.332180	151.00
0.332200	143.00
0.332220	134.00
0.332240	122.00
0.332260	110.00
0.332280	98.00
0.332300	87.00
0.332320	79.00
0.332340	75.00
0.332360	77.00
0.332380	83.00
0.332400	94.00
0.332420	107.00
0.332440	123.00
0.332460	139.00
0.332480	155.00
0.332500	169.00
0.332520	179.00
0.332540	184.00
0.332560	184.00
0.332580	179.00
0.332600	169.00
0.332620	155.00
0.332640	138.00
0.332660	119.00
0.332680	101.00
0.332700	85.00
0.332720	73.00
0.332740	65.00
0.332760	62.00
0.332780	65.00
0.332800	73.00
0.332820	84.00
0.332840	100.00
0.332860	117.00
0.332880	134.00
0.332900	150.00
0.332920	163.00
0.332940	172.00
0.332960	177.00
0.332980	177.00
0.333000	173.00
0.333020	165.00
0.333040	155.00
0.333060	142.00
0.333080	129.00
0.333100	115.00
0.333120	103.00
0.333140	94.00
0.333160	87.00
0.333180	84.00
0.333200	84.00
0.333220	88.00
0.333240	95.00
0.333260	104.00
0.333280	114.00
0.333300	124.00
0.333320	133.00
0.333340	141.00
0.333360	148.00
0.333380	152.00
0.333400	154.00
0.333420	152.00
0.333440	149.00
0.333460	144.00
0.333480	138.00
0.333500	131.00
0.333520	124.00
0.333540	118.00
0.333560	112.00
0.333580	109.00
0.333600	107.00
0.333620	107.00
0.333640	108.00
0.333660	110.00
0.333680	113.00
0.333700	117.00
0.333720	122.00
0.333740	126.00
0.333760	130.00
0.333780	133.00
0.333800	135.00
0.333820	137.00
0.333840	137.00
0.333860	136.00
0.333880	135.00
0.333900	132.00
0.333920	129.00
0.333940	126.00
0.333960	123.00
0.333980	121.00
0.334000	119.00
0.334020	118.00
0.334040	118.00
0.334060	118.00
0.334080	119.00
0.334100	119.00
0.334120	121.00
0.334140	123.00
0.334160	124.00
0.334180	126.00
0.334200	127.00
0.334220	128.00
0.334240	129.00
0.334260	130.00
0.334280	130.00
0.334300	129.00
0.334320	128.00
0.334340	128.00
0.334360	127.00
0.334380	125.00
0.334400	124.00
0.334420	123.00
0.334440	122.00
0.334460	122.00
0.334480	122.00
0.334500	122.00
0.334520	122.00
0.334540	123.00
0.334560	124.00
0.334580	125.00
0.334600	125.00
0.334620	126.00
0.334640	126.00
0.334660	127.00
0.334680	127.00
0.334700	127.00
0.334720	127.00
0.334740	127.00
0.334760	127.00
0.334780	126.00
0.334800	125.00
0.334820	125.00
0.334840	124.00
0.334860	124.00
0.334880	124.00
0.334900	124.00
0.334920	124.00
0.334940	124.00
0.334960	124.00
0.334980	124.00
0.335000	124.00
0.335020	124.00
0.335040	125.00
0.335060	125.00
0.335080	126.00
0.335100	126.00
0.335120	126.00
0.335140	125.00
0.335160	125.00
0.335180	125.00
0.335200	125.00
0.335220	125.00
0.335240	125.00
0.335260	125.00
0.335280	125.00
0.335300	125.00
0.335320	125.00
0.335340	125.00
0.335360	125.00
0.335380	125.00
0.335400	124.00
0.335420	124.00
0.335440	125.00
0.335460	125.00
0.335480	125.00
0.335500	125.00
0.335520	124.00
0.335540	124.00
0.335560	124.00
0.335580	124.00
0.335600	124.00
0.335620	124.00
0.335640	124.00
0.335660	125.00
0.335680	125.00
0.335700	125.00
0.335720	125.00
0.335740	125.00
0.335760	125.00
0.335780	125.00
0.335800	125.00
0.335820	125.00
0.335840	125.00
0.335860	125.00
0.335880	125.00
0.335900	125.00
0.335920	125.00
0.335940	124.00
0.335960	124.00
0.335980	124.00
0.336000	124.00
0.336020	124.00
0.336040	124.00
0.336060	125.00
0.336080	125.00
0.336100	125.00
0.336120	125.00
0.336140	125.00
0.336160	126.00
0.336180	126.00
0.336200	125.00
0.336220	125.00
0.336240	125.00
0.336260	125.00
0.336280	125.00
0.336300	124.00
0.336320	124.00
0.336340	124.00
0.336360	124.00
0.336380	124.00
0.336400	124.00
0.336420	124.00
0.336440	124.00
0.336460	124.00
0.336480	125.00
0.336500	125.00
0.336520	125.00
0.336540	125.00
0.336560	126.00
0.336580	126.00
0.336600	126.00
0.336620	125.00
0.336640	125.00
0.336660	125.00
0.336680	125.00
0.336700	125.00
0.336720	125.00
0.336740	125.00
0.336760	125.00
0.336780	125.00
0.336800	125.00
0.336820	125.00
0.336840	125.00
0.336860	125.00
0.336880	125.00
0.336900	125.00
0.336920	125.00
0.336940	125.00
0.336960	125.00
0.336980	125.00
0.337000	125.00
0.337020	125.00
0.337040	125.00
0.337060	125.00
0.337080	125.00
0.337100	125.00
0.337120	126.00
0.337140	126.00
0.337160	126.00
0.337180	125.00
0.337200	125.00
0.337220	125.00
0.337240	125.00
0.337260	125.00
0.337280	125.00
0.337300	125.00
0.337320	125.00
0.337340	125.00
0.337360	126.00
0.337380	126.00
0.337400	125.00
0.337420	125.00
0.337440	125.00
0.337460	125.00
0.337480	125.00
0.337500	126.00
0.337520	126.00
0.337540	125.00
0.337560	125.00
0.337580	125.00
0.337600	125.00
0.337620	125.00
0.337640	125.00
0.337660	124.00
0.337680	123.00
0.337700	122.00
0.337720	121.00
0.337740	121.00
0.337760	122.00
0.337780	123.00
0.337800	124.00
0.337820	126.00
0.337840	127.00
0.337860	129.00
0.337880	130.00
0.337900	131.00
0.337920	132.00
0.337940	133.00
0.337960	132.00
0.337980	130.00
0.338000	128.00
0.338020	125.00
0.338040	122.00
0.338060	120.00
0.338080	118.00
0.338100	116.00
0.338120	115.00
0.338140	114.00
0.338160	114.00
0.338180	114.00
0.338200	115.00
0.338220	118.00
0.338240	122.00
0.338260	127.00
0.338280	132.00
0.338300	136.00
0.338320	140.00
0.338340	142.00
0.338360	144.00
0.338380	144.00
0.338400	142.00
0.338420	138.00
0.338440	132.00
0.338460	125.00
0.338480	117.00
0.338500	109.00
0.338520	102.00
0.338540	97.00
0.338560	94.00
0.338580	95.00
0.338600	98.00
0.338620	104.00
0.338640	113.00
0.338660	123.00
0.338680	133.00
0.338700	143.00
0.338720	152.00
0.338740	158.00
0.338760	162.00
0.338780	162.00
0.338800	159.00
0.338820	152.00
0.338840	144.00
0.338860	133.00
0.338880	122.00
0.338900	111.00
0.338920	101.00
0.338940	94.00
0.338960	89.00
0.338980	87.00
0.339000	88.00
0.339020	92.00
0.339040	99.00
0.339060	108.00
0.339080	119.00
0.339100	130.00
0.339120	139.00
0.339140	147.00
0.339160	153.00
0.339180	156.00
0.339200	156.00
0.339220	154.00
0.339240	149.00
0.339260	143.00
0.339280	135.00
0.339300	127.00
0.339320	119.00
0.339340	112.00
0.339360	107.00
0.339380	103.00
0.339400	101.00
0.339420	102.00
0.339440	104.00
0.339460	108.00
0.339480	113.00
0.339500	119.00
0.339520	125.00
0.339540	130.00
0.339560	135.00
0.339580	138.00
0.339600	140.00
0.339620	141.00
0.339640	141.00
0.339660	139.00
0.339680	136.00
0.339700	132.00
0.339720	128.00
0.339740	124.00
0.339760	120.00
0.339780	117.00
0.339800	115.00
0.339820	114.00
0.339840	114.00
0.339860	115.00
0.339880	117.00
0.339900	119.00
0.339920	122.00
0.339940	124.00
0.339960	126.00
0.339980	128.00
0.340000	130.00
0.340020	132.00
0.340040	133.00
0.340060	133.00
0.340080	132.00
0.340100	131.00
0.340120	129.00
0.340140	127.00
0.340160	126.00
0.340180	125.00
0.340200	123.00
0.340220	122.00
0.340240	121.00
0.340260	120.00
0.340280	120.00
0.340300	121.00
0.340320	122.00
0.340340	123.00
0.340360	124.00
0.340380	125.00
0.340400	126.00
0.340420	127.00
0.340440	127.00
0.340460	127.00
0.340480	128.00
0.340500	128.00
0.340520	127.00
0.340540	127.00
0.340560	126.00
0.340580	126.00
0.340600	125.00
0.340620	125.00
0.340640	124.00
0.340660	123.00
0.340680	123.00
0.340700	123.00
0.340720	123.00
0.340740	123.00
0.340760	123.00
0.340780	124.00
0.340800	125.00
0.340820	125.00
0.340840	125.00
0.340860	125.00
0.340880	125.00
0.340900	126.00
0.340920	126.00
0.340940	126.00
0.340960	126.00
0.340980	125.00
0.341000	125.00
0.341020	124.00
0.341040	124.00
0.341060	124.00
0.341080	124.00
0.341100	124.00
0.341120	124.00
0.341140	124.00
0.341160	124.00
0.341180	124.00
0.341200	124.00
0.341220	125.00
0.341240	125.00
0.341260	125.00
0.341280	125.00
0.341300	125.00
0.341320	125.00
0.341340	126.00
0.341360	126.00
0.341380	126.00
0.341400	126.00
0.341420	126.00
0.341440	125.00
0.341460	125.00
0.341480	125.00
0.341500	125.00
0.341520	125.00
0.341540	125.00
0.341560	125.00
0.341580	124.00
0.341600	124.00
0.341620	124.00
0.341640	125.00
0.341660	125.00
0.341680	125.00
0.341700	125.00
0.341720	124.00
0.341740	124.00
0.341760	124.00
0.341780	125.00
0.341800	125.00
0.341820	125.00
0.341840	126.00
0.341860	126.00
0.341880	127.00
0.341900	126.00
0.341920	126.00
0.341940	126.00
0.341960	126.00
0.341980	127.00
0.342000	126.00
0.342020	126.00
0.342040	125.00
0.342060	125.00
0.342080	125.00
0.342100	124.00
0.342120	124.00
0.342140	124.00
0.342160	124.00
0.342180	124.00
0.342200	124.00
0.342220	124.00
0.342240	124.00
0.342260	124.00
0.342280	125.00
0.342300	126.00
0.342320	126.00
0.342340	126.00
0.342360	126.00
0.342380	126.00
0.342400	126.00
0.342420	126.00
0.342440	126.00
0.342460	126.00
0.342480	125.00
0.342500	125.00
0.342520	124.00
0.342540	124.00
0.342560	124.00
0.342580	125.00
0.342600	125.00
0.342620	125.00
0.342640	125.00
0.342660	125.00
0.342680	125.00
0.342700	125.00
0.342720	125.00
0.342740	125.00
0.342760	125.00
0.342780	125.00
0.342800	125.00
0.342820	125.00
0.342840	125.00
0.342860	126.00
0.342880	126.00
0.342900	126.00
0.342920	125.00
0.342940	125.00
0.342960	125.00
0.342980	125.00
0.343000	125.00
0.343020	125.00
0.343040	125.00
0.343060	125.00
0.343080	125.00
0.343100	125.00
0.343120	124.00
0.343140	125.00
0.343160	125.00
0.343180	126.00
0.343200	125.00
0.343220	125.00
0.343240	124.00
0.343260	124.00
0.343280	125.00
0.343300	125.00
0.343320	125.00
0.343340	125.00
0.343360	125.00
0.343380	125.00
0.343400	125.00
0.343420	125.00
0.343440	125.00
0.343460	125.00
0.343480	125.00
0.343500	125.00
0.343520	125.00
0.343540	124.00
0.343560	124.00
0.343580	124.00
0.343600	125.00
0.343620	125.00
0.343640	125.00
0.343660	125.00
0.343680	125.00
0.343700	125.00
0.343720	125.00
0.343740	125.00
0.343760	126.00
0.343780	126.00
0.343800	126.00
0.343820	125.00
0.343840	124.00
0.343860	124.00
0.343880	124.00
0.343900	123.00
0.343920	123.00
0.343940	123.00
0.343960	123.00
0.343980	123.00
0.344000	123.00
0.344020	124.00
0.344040	125.00
0.344060	126.00
0.344080	127.00
0.344100	128.00
0.344120	129.00
0.344140	129.00
0.344160	129.00
0.344180	129.00
0.344200	128.00
0.344220	127.00
0.344240	125.00
0.344260	124.00
0.344280	122.00
0.344300	121.00
0.344320	119.00
0.344340	119.00
0.344360	118.00
0.344380	118.00
0.344400	118.00
0.344420	119.00
0.344440	121.00
0.344460	123.00
0.344480	126.00
0.344500	129.00
0.344520	132.00
0.344540	134.00
0.344560	137.00
0.344580	138.00
0.344600	138.00
0.344620	137.00
0.344640	134.00
0.344660	130.00
0.344680	125.00
0.344700	120.00
0.344720	115.00
0.344740	110.00
0.344760	107.00
0.344780	106.00
0.344800	106.00
0.344820	108.00
0.344840	111.00
0.344860	116.00
0.344880	122.00
0.344900	129.00
0.344920	135.00
0.344940	141.00
0.344960	145.00
0.344980	148.00
0.345000	149.00
0.345020	147.00
0.345040	144.00
0.345060	139.00
0.345080	132.00
0.345100	125.00
0.345120	118.00
0.345140	111.00
0.345160	106.00
0.345180	103.00
0.345200	101.00
0.345220	101.00
0.345240	103.00
0.345260	107.00
0.345280	113.00
0.345300	119.00
0.345320	126.00
0.345340	132.00
0.345360	138.00
0.345380	142.00
0.345400	144.00
0.345420	145.00
0.345440	144.00
0.345460	142.00
0.345480	138.00
0.345500	134.00
0.345520	129.00
0.345540	123.00
0.345560	119.00
0.345580	115.00
0.345600	112.00
0.345620	110.00
0.345640	110.00
0.345660	111.00
0.345680	114.00
0.345700	117.00
0.345720	120.00
0.345740	123.00
0.345760	126.00
0.345780	129.00
0.345800	132.00
0.345820	134.00
0.345840	135.00
0.345860	134.00
0.345880	133.00
0.345900	132.00
0.345920	130.00
0.345940	128.00
0.345960	125.00
0.345980	123.00
0.346000	122.00
0.346020	120.00
0.346040	120.00
0.346060	119.00
0.346080	119.00
0.346100	120.00
0.346120	121.00
0.346140	122.00
0.346160	123.00
0.346180	124.00
0.346200	126.00
0.346220	127.00
0.346240	128.00
0.346260	128.00
0.346280	129.00
0.346300	128.00
0.346320	128.00
0.346340	127.00
0.346360	127.00
0.346380	126.00
0.346400	125.00
0.346420	124.00
0.346440	123.00
0.346460	123.00
0.346480	123.00
0.346500	123.00
0.346520	123.00
0.346540	123.00
0.346560	124.00
0.346580	124.00
0.346600	125.00
0.346620	126.00
0.346640	126.00
0.346660	126.00
0.346680	127.00
0.346700	127.00
0.346720	127.00
0.346740	126.00
0.346760	126.00
0.346780	126.00
0.346800	125.00
0.346820	125.00
0.346840	124.00
0.346860	123.00
0.346880	123.00
0.346900	123.00
0.346920	123.00
0.346940	124.00
0.346960	124.00
0.346980	124.00
0.347000	124.00
0.347020	124.00
0.347040	125.00
0.347060	125.00
0.347080	125.00
0.347100	126.00
0.347120	126.00
0.347140	126.00
0.347160	126.00
0.347180	125.00
0.347200	125.00
0.347220	125.00
0.347240	125.00
0.347260	124.00
0.347280	125.00
0.347300	125.00
0.347320	125.00
0.347340	125.00
0.347360	125.00
0.347380	124.00
0.347400	124.00
0.347420	124.00
0.347440	124.00
0.347460	124.00
0.347480	124.00
0.347500	124.00
0.347520	125.00
0.347540	125.00
0.347560	126.00
0.347580	126.00
0.347600	126.00
0.347620	125.00
0.347640	125.00
0.347660	125.00
0.347680	125.00
0.347700	125.00
0.347720	125.00
0.347740	125.00
0.347760	125.00
0.347780	125.00
0.347800	125.00
0.347820	125.00
0.347840	125.00
0.347860	125.00
0.347880	124.00
0.347900	124.00
0.347920	124.00
0.347940	124.00
0.347960	125.00
0.347980	125.00
0.348000	125.00
0.348020	125.00
0.348040	125.00
0.348060	125.00
0.348080	125.00
0.348100	126.00
0.348120	126.00
0.348140	126.00
0.348160	125.00
0.348180	125.00
0.348200	125.00
0.348220	125.00
0.348240	125.00
0.348260	125.00
0.348280	125.00
0.348300	124.00
0.348320	124.00
0.348340	123.00
0.348360	123.00
0.348380	123.00
0.348400	124.00
0.348420	124.00
0.348440	125.00
0.348460	125.00
0.348480	125.00
0.348500	126.00
0.348520	126.00
0.348540	126.00
0.348560	126.00
0.348580	126.00
0.348600	126.00
0.348620	126.00
0.348640	126.00
0.348660	126.00
0.348680	125.00
0.348700	125.00
0.348720	125.00
0.348740	125.00
0.348760	124.00
0.348780	124.00
0.348800	124.00
0.348820	125.00
0.348840	125.00
0.348860	125.00
0.348880	125.00
0.348900	125.00
0.348920	125.00
0.348940	125.00
0.348960	125.00
0.348980	125.00
0.349000	125.00
0.349020	125.00
0.349040	125.00
0.349060	125.00
0.349080	124.00
0.349100	124.00
0.349120	124.00
0.349140	124.00
0.349160	124.00
0.349180	124.00
0.349200	124.00
0.349220	124.00
0.349240	124.00
0.349260	124.00
0.349280	124.00
0.349300	124.00
0.349320	124.00
0.349340	125.00
0.349360	126.00
0.349380	126.00
0.349400	126.00
0.349420	125.00
0.349440	125.00
0.349460	125.00
0.349480	125.00
0.349500	125.00
0.349520	125.00
0.349540	124.00
0.349560	124.00
0.349580	124.00
0.349600	124.00
0.349620	124.00
0.349640	124.00
0.349660	125.00
0.349680	125.00
0.349700	125.00
0.349720	125.00
0.349740	125.00
0.349760	125.00
0.349780	125.00
0.349800	125.00
0.349820	125.00
0.349840	125.00
0.349860	125.00
0.349880	125.00
0.349900	125.00
0.349920	125.00
0.349940	125.00
0.349960	125.00
0.349980	125.00
0.350000	125.00
0.350020	125.00
0.350040	125.00
0.350060	125.00
0.350080	125.00
0.350100	124.00
0.350120	124.00
0.350140	123.00
0.350160	123.00
0.350180	123.00
0.350200	124.00
0.350220	124.00
0.350240	125.00
0.350260	126.00
0.350280	126.00
0.350300	126.00
0.350320	127.00
0.350340	128.00
0.350360	128.00
0.350380	128.00
0.350400	128.00
0.350420	127.00
0.350440	125.00
0.350460	124.00
0.350480	123.00
0.350500	123.00
0.350520	122.00
0.350540	122.00
0.350560	121.00
0.350580	121.00
0.350600	121.00
0.350620	121.00
0.350640	121.00
0.350660	122.00
0.350680	123.00
0.350700	125.00
0.350720	127.00
0.350740	129.00
0.350760	131.00
0.350780	132.00
0.350800	133.00
0.350820	134.00
0.350840	133.00
0.350860	132.00
0.350880	129.00
0.350900	126.00
0.350920	122.00
0.350940	119.00
0.350960	115.00
0.350980	113.00
0.351000	112.00
0.351020	112.00
0.351040	114.00
0.351060	116.00
0.351080	119.00
0.351100	123.00
0.351120	128.00
0.351140	132.00
0.351160	136.00
0.351180	139.00
0.351200	141.00
0.351220	141.00
0.351240	140.00
0.351260	138.00
0.351280	134.00
0.351300	130.00
0.351320	125.00
0.351340	120.00
0.351360	116.00
0.351380	112.00
0.351400	110.00
0.351420	108.00
0.351440	108.00
0.351460	109.00
0.351480	112.00
0.351500	115.00
0.351520	120.00
0.351540	125.00
0.351560	129.00
0.351580	133.00
0.351600	136.00
0.351620	138.00
0.351640	139.00
0.351660	139.00
0.351680	138.00
0.351700	135.00
0.351720	132.00
0.351740	129.00
0.351760	125.00
0.351780	121.00
0.351800	118.00
0.351820	116.00
0.351840	115.00
0.351860	115.00
0.351880	115.00
0.351900	116.00
0.351920	118.00
0.351940	120.00
0.351960	123.00
0.351980	125.00
0.352000	127.00
0.352020	129.00
0.352040	130.00
0.352060	131.00
0.352080	131.00
0.352100	131.00
0.352120	130.00
0.352140	129.00
0.352160	128.00
0.352180	126.00
0.352200	125.00
0.352220	123.00
0.352240	122.00
0.352260	121.00
0.352280	120.00
0.352300	120.00
0.352320	120.00
0.352340	121.00
0.352360	122.00
0.352380	123.00
0.352400	124.00
0.352420	125.00
0.352440	125.00
0.352460	126.00
0.352480	127.00
0.352500	127.00
0.352520	127.00
0.352540	127.00
0.352560	127.00
0.352580	126.00
0.352600	126.00
0.352620	125.00
0.352640	125.00
0.352660	124.00
0.352680	124.00
0.352700	123.00
0.352720	123.00
0.352740	124.00
0.352760	124.00
0.352780	124.00
0.352800	124.00
0.352820	124.00
0.352840	125.00
0.352860	125.00
0.352880	126.00
0.352900	126.00
0.352920	126.00
0.352940	126.00
0.352960	126.00
0.352980	126.00
0.353000	126.00
0.353020	126.00
0.353040	125.00
0.353060	125.00
0.353080	125.00
0.353100	125.00
0.353120	124.00
0.353140	124.00
0.353160	124.00
0.353180	124.00
0.353200	124.00
0.353220	124.00
0.353240	124.00
0.353260	124.00
0.353280	124.00
0.353300	125.00
0.353320	125.00
0.353340	125.00
0.353360	125.00
0.353380	125.00
0.353400	125.00
0.353420	125.00
0.353440	125.00
0.353460	125.00
0.353480	124.00
0.353500	124.00
0.353520	124.00
0.353540	124.00
0.353560	124.00
0.353580	124.00
0.353600	124.00
0.353620	124.00
0.353640	124.00
0.353660	125.00
0.353680	125.00
0.353700	126.00
0.353720	126.00
0.353740	125.00
0.353760	125.00
0.353780	124.00
0.353800	124.00
0.353820	125.00
0.353840	125.00
0.353860	124.00
0.353880	124.00
0.353900	125.00
0.353920	125.00
0.353940	125.00
0.353960	125.00
0.353980	125.00
0.354000	125.00
0.354020	125.00
0.354040	125.00
0.354060	125.00
0.354080	124.00
0.354100	124.00
0.354120	124.00
0.354140	125.00
0.354160	125.00
0.354180	125.00
0.354200	125.00
0.354220	125.00
0.354240	125.00
0.354260	125.00
0.354280	125.00
0.354300	125.00
0.354320	125.00
0.354340	126.00
0.354360	126.00
0.354380	126.00
0.354400	125.00
0.354420	125.00
0.354440	124.00
0.354460	125.00
0.354480	125.00
0.354500	125.00
0.354520	124.00
0.354540	124.00
0.354560	124.00
0.354580	124.00
0.354600	124.00
0.354620	124.00
0.354640	124.00
0.354660	125.00
0.354680	125.00
0.354700	126.00
0.354720	126.00
0.354740	126.00
0.354760	126.00
0.354780	126.00
0.354800	126.00
0.354820	126.00
0.354840	125.00
0.354860	125.00
0.354880	125.00
0.354900	125.00
0.354920	124.00
0.354940	124.00
0.354960	123.00
0.354980	123.00
0.355000	123.00
0.355020	124.00
0.355040	124.00
0.355060	124.00
0.355080	124.00
0.355100	124.00
0.355120	125.00
0.355140	125.00
0.355160	126.00
0.355180	126.00
0.355200	126.00
0.355220	126.00
0.355240	126.00
0.355260	126.00
0.355280	126.00
0.355300	125.00
0.355320	125.00
0.355340	125.00
0.355360	125.00
0.355380	125.00
0.355400	125.00
0.355420	124.00
0.355440	125.00
0.355460	125.00
0.355480	126.00
0.355500	125.00
0.355520	125.00
0.355540	124.00
0.355560	125.00
0.355580	125.00
0.355600	125.00
0.355620	125.00
0.355640	125.00
0.355660	125.00
0.355680	125.00
0.355700	125.00
0.355720	125.00
0.355740	125.00
0.355760	125.00
0.355780	125.00
0.355800	125.00
0.355820	125.00
0.355840	125.00
0.355860	124.00
0.355880	124.00
0.355900	124.00
0.355920	124.00
0.355940	124.00
0.355960	124.00
0.355980	124.00
0.356000	125.00
0.356020	125.00
0.356040	125.00
0.356060	125.00
0.356080	125.00
0.356100	125.00
0.356120	125.00
0.356140	125.00
0.356160	125.00
0.356180	125.00
0.356200	125.00
0.356220	125.00
0.356240	124.00
0.356260	124.00
0.356280	124.00
0.356300	125.00
0.356320	125.00
0.356340	125.00
0.356360	124.00
0.356380	124.00
0.356400	124.00
0.356420	124.00
0.356440	124.00
0.356460	125.00
0.356480	125.00
0.356500	125.00
0.356520	126.00
0.356540	126.00
0.356560	127.00
0.356580	127.00
0.356600	127.00
0.356620	127.00
0.356640	127.00
0.356660	126.00
0.356680	125.00
0.356700	125.00
0.356720	124.00
0.356740	123.00
0.356760	123.00
0.356780	123.00
0.356800	122.00
0.356820	122.00
0.356840	122.00
0.356860	123.00
0.356880	123.00
0.356900	124.00
0.356920	125.00
0.356940	126.00
0.356960	128.00
0.356980	129.00
0.357000	130.00
0.357020	131.00
0.357040	130.00
0.357060	129.00
0.357080	128.00
0.357100	126.00
0.357120	125.00
0.357140	123.00
0.357160	121.00
0.357180	119.00
0.357200	117.00
0.357220	116.00
0.357240	116.00
0.357260	117.00
0.357280	119.00
0.357300	121.00
0.357320	124.00
0.357340	127.00
0.357360	129.00
0.357380	132.00
0.357400	134.00
0.357420	135.00
0.357440	136.00
0.357460	136.00
0.357480	134.00
0.357500	132.00
0.357520	129.00
0.357540	126.00
0.357560	123.00
0.357580	119.00
0.357600	117.00
0.357620	115.00
0.357640	114.00
0.357660	113.00
0.357680	114.00
0.357700	116.00
0.357720	119.00
0.357740	122.00
0.357760	125.00
0.357780	128.00
0.357800	131.00
0.357820	133.00
0.357840	135.00
0.357860	136.00
0.357880	135.00
0.357900	134.00
0.357920	132.00
0.357940	130.00
0.357960	128.00
0.357980	125.00
0.358000	122.00
0.358020	120.00
0.358040	118.00
0.358060	117.00
0.358080	117.00
0.358100	117.00
0.358120	118.00
0.358140	120.00
0.358160	122.00
0.358180	123.00
0.358200	125.00
0.358220	127.00
0.358240	128.00
0.358260	129.00
0.358280	130.00
0.358300	130.00
0.358320	130.00
0.358340	129.00
0.358360	128.00
0.358380	127.00
0.358400	126.00
0.358420	125.00
0.358440	124.00
0.358460	122.00
0.358480	121.00
0.358500	121.00
0.358520	121.00
0.358540	122.00
0.358560	122.00
0.358580	123.00
0.358600	123.00
0.358620	124.00
0.358640	125.00
0.358660	126.00
0.358680	127.00
0.358700	127.00
0.358720	127.00
0.358740	127.00
0.358760	127.00
0.358780	127.00
0.358800	126.00
0.358820	125.00
0.358840	125.00
0.358860	125.00
0.358880	124.00
0.358900	124.00
0.358920	124.00
0.358940	124.00
0.358960	124.00
0.358980	124.00
0.359000	124.00
0.359020	125.00
0.359040	125.00
0.359060	125.00
0.359080	125.00
0.359100	126.00
0.359120	126.00
0.359140	126.00
0.359160	126.00
0.359180	126.00
0.359200	125.00
0.359220	125.00
0.359240	125.00
0.359260	125.00
0.359280	125.00
0.359300	125.00
0.359320	124.00
0.359340	124.00
0.359360	124.00
0.359380	124.00
0.359400	125.00
0.359420	125.00
0.359440	125.00
0.359460	125.00
0.359480	125.00
0.359500	125.00
0.359520	125.00
0.359540	125.00
0.359560	125.00
0.359580	125.00
0.359600	125.00
0.359620	124.00
0.359640	124.00
0.359660	124.00
0.359680	124.00
0.359700	124.00
0.359720	125.00
0.359740	125.00
0.359760	124.00
0.359780	124.00
0.359800	124.00
0.359820	124.00
0.359840	124.00
0.359860	124.00
0.359880	124.00
0.359900	125.00
0.359920	125.00
0.359940	125.00
0.359960	125.00
0.359980	126.00
