0.320000	101.00
0.320020	49.00
0.320040	101.00
0.320060	141.00
0.320080	144.00
0.320100	125.00
0.320120	112.00
0.320140	118.00
0.320160	130.00
0.320180	133.00
0.320200	124.00
0.320220	118.00
0.320240	121.00
0.320260	128.00
0.320280	130.00
0.320300	124.00
0.320320	120.00
0.320340	122.00
0.320360	128.00
0.320380	129.00
0.320400	125.00
0.320420	122.00
0.320440	123.00
0.320460	127.00
0.320480	128.00
0.320500	125.00
0.320520	122.00
0.320540	124.00
0.320560	127.00
0.320580	128.00
0.320600	125.00
0.320620	122.00
0.320640	123.00
0.320660	126.00
0.320680	127.00
0.320700	125.00
0.320720	123.00
0.320740	124.00
0.320760	126.00
0.320780	127.00
0.320800	125.00
0.320820	123.00
0.320840	124.00
0.320860	126.00
0.320880	127.00
0.320900	125.00
0.320920	123.00
0.320940	123.00
0.320960	125.00
0.320980	126.00
0.321000	124.00
0.321020	123.00
0.321040	123.00
0.321060	125.00
0.321080	126.00
0.321100	125.00
0.321120	124.00
0.321140	124.00
0.321160	125.00
0.321180	125.00
0.321200	124.00
0.321220	123.00
0.321240	124.00
0.321260	126.00
0.321280	126.00
0.321300	125.00
0.321320	124.00
0.321340	124.00
0.321360	125.00
0.321380	126.00
0.321400	125.00
0.321420	123.00
0.321440	124.00
0.321460	125.00
0.321480	126.00
0.321500	125.00
0.321520	123.00
0.321540	124.00
0.321560	125.00
0.321580	125.00
0.321600	124.00
0.321620	123.00
0.321640	124.00
0.321660	125.00
0.321680	126.00
0.321700	125.00
0.321720	124.00
0.321740	124.00
0.321760	125.00
0.321780	126.00
0.321800	125.00
0.321820	125.00
0.321840	125.00
0.321860	126.00
0.321880	126.00
0.321900	125.00
0.321920	124.00
0.321940	124.00
0.321960	125.00
0.321980	125.00
0.322000	125.00
0.322020	124.00
0.322040	124.00
0.322060	125.00
0.322080	125.00
0.322100	124.00
0.322120	123.00
0.322140	124.00
0.322160	125.00
0.322180	126.00
0.322200	125.00
0.322220	125.00
0.322240	125.00
0.322260	126.00
0.322280	126.00
0.322300	125.00
0.322320	125.00
0.322340	125.00
0.322360	126.00
0.322380	126.00
0.322400	125.00
0.322420	125.00
0.322440	125.00
0.322460	126.00
0.322480	125.00
0.322500	125.00
0.322520	124.00
0.322540	124.00
0.322560	125.00
0.322580	125.00
0.322600	125.00
0.322620	124.00
0.322640	124.00
0.322660	124.00
0.322680	125.00
0.322700	125.00
0.322720	125.00
0.322740	125.00
0.322760	125.00
0.322780	125.00
0.322800	125.00
0.322820	124.00
0.322840	125.00
0.322860	126.00
0.322880	126.00
0.322900	125.00
0.322920	124.00
0.322940	124.00
0.322960	124.00
0.322980	125.00
0.323000	125.00
0.323020	124.00
0.323040	125.00
0.323060	126.00
0.323080	126.00
0.323100	125.00
0.323120	124.00
0.323140	124.00
0.323160	125.00
0.323180	126.00
0.323200	126.00
0.323220	125.00
0.323240	125.00
0.323260	125.00
0.323280	126.00
0.323300	125.00
0.323320	125.00
0.323340	125.00
0.323360	125.00
0.323380	126.00
0.323400	125.00
0.323420	125.00
0.323440	125.00
0.323460	125.00
0.323480	126.00
0.323500	125.00
0.323520	125.00
0.323540	125.00
0.323560	125.00
0.323580	125.00
0.323600	125.00
0.323620	125.00
0.323640	125.00
0.323660	125.00
0.323680	126.00
0.323700	125.00
0.323720	124.00
0.323740	124.00
0.323760	124.00
0.323780	124.00
0.323800	124.00
0.323820	124.00
0.323840	125.00
0.323860	125.00
0.323880	125.00
0.323900	125.00
0.323920	125.00
0.323940	124.00
0.323960	125.00
0.323980	125.00
0.324000	125.00
0.324020	125.00
0.324040	125.00
0.324060	125.00
0.324080	126.00
0.324100	125.00
0.324120	125.00
0.324140	125.00
0.324160	125.00
0.324180	124.00
0.324200	124.00
0.324220	124.00
0.324240	125.00
0.324260	125.00
0.324280	125.00
0.324300	125.00
0.324320	124.00
0.324340	124.00
0.324360	124.00
0.324380	125.00
0.324400	124.00
0.324420	124.00
0.324440	124.00
0.324460	125.00
0.324480	125.00
0.324500	125.00
0.324520	125.00
0.324540	125.00
0.324560	125.00
0.324580	125.00
0.324600	125.00
0.324620	125.00
0.324640	125.00
0.324660	125.00
0.324680	125.00
0.324700	125.00
0.324720	124.00
0.324740	124.00
0.324760	124.00
0.324780	124.00
0.324800	124.00
0.324820	124.00
0.324840	125.00
0.324860	125.00
0.324880	125.00
0.324900	125.00
0.324920	124.00
0.324940	124.00
0.324960	124.00
0.324980	125.00
0.325000	124.00
0.325020	124.00
0.325040	124.00
0.325060	124.00
0.325080	124.00
0.325100	123.00
0.325120	122.00
0.325140	120.00
0.325160	120.00
0.325180	121.00
0.325200	122.00
0.325220	124.00
0.325240	126.00
0.325260	129.00
0.325280	132.00
0.325300	136.00
0.325320	140.00
0.325340	144.00
0.325360	146.00
0.325380	146.00
0.325400	142.00
0.325420	136.00
0.325440	127.00
0.325460	117.00
0.325480	107.00
0.325500	97.00
0.325520	89.00
0.325540	83.00
0.325560	80.00
0.325580	79.00
0.325600	83.00
0.325620	91.00
0.325640	104.00
0.325660	122.00
0.325680	141.00
0.325700	159.00
0.325720	174.00
0.325740	184.00
0.325760	191.00
0.325780	194.00
0.325800	193.00
0.325820	186.00
0.325840	173.00
0.325860	154.00
0.325880	129.00
0.325900	99.00
0.325920	69.00
0.325940	41.00
0.325960	20.00
0.325980	7.00
0.326000	3.00
0.326020	10.00
0.326040	28.00
0.326060	56.00
0.326080	96.00
0.326100	141.00
0.326120	187.00
0.326140	224.00
0.326160	247.00
0.326180	255.00
0.326200	255.00
0.326220	251.00
0.326240	239.00
0.326260	214.00
0.326280	172.00
0.326300	115.00
0.326320	56.00
0.326340	12.00
0.326360	0.00
0.326380	0.00
0.326400	6.00
0.326420	6.00
0.326440	0.00
0.326460	0.00
0.326480	12.00
0.326500	62.00
0.326520	132.00
0.326540	197.00
0.326560	239.00
0.326580	255.00
0.326600	255.00
0.326620	255.00
0.326640	255.00
0.326660	253.00
0.326680	239.00
0.326700	207.00
0.326720	156.00
0.326740	98.00
0.326760	44.00
0.326780	9.00
0.326800	0.00
0.326820	0.00
0.326840	4.00
0.326860	2.00
0.326880	0.00
0.326900	4.00
0.326920	32.00
0.326940	81.00
0.326960	138.00
0.326980	186.00
0.327000	219.00
0.327020	237.00
0.327040	245.00
0.327060	247.00
0.327080	241.00
0.327100	226.00
0.327120	204.00
0.327140	176.00
0.327160	144.00
0.327180	109.00
0.327200	75.00
0.327220	47.00
0.327240	28.00
0.327260	19.00
0.327280	18.00
0.327300	26.00
0.327320	41.00
0.327340	63.00
0.327360	89.00
0.327380	116.00
0.327400	141.00
0.327420	162.00
0.327440	179.00
0.327460	190.00
0.327480	194.00
0.327500	192.00
0.327520	184.00
0.327540	173.00
0.327560	159.00
0.327580	143.00
0.327600	126.00
0.327620	109.00
0.327640	96.00
0.327660	86.00
0.327680	81.00
0.327700	79.00
0.327720	81.00
0.327740	87.00
0.327760	97.00
0.327780	107.00
0.327800	117.00
0.327820	126.00
0.327840	136.00
0.327860	145.00
0.327880	151.00
0.327900	154.00
0.327920	154.00
0.327940	151.00
0.327960	148.00
0.327980	142.00
0.328000	135.00
0.328020	128.00
0.328040	122.00
0.328060	117.00
0.328080	113.00
0.328100	109.00
0.328120	107.00
0.328140	107.00
0.328160	109.00
0.328180	112.00
0.328200	115.00
0.328220	119.00
0.328240	123.00
0.328260	128.00
0.328280	131.00
0.328300	134.00
0.328320	135.00
0.328340	136.00
0.328360	136.00
0.328380	135.00
0.328400	133.00
0.328420	131.00
0.328440	128.00
0.328460	126.00
0.328480	124.00
0.328500	121.00
0.328520	119.00
0.328540	118.00
0.328560	118.00
0.328580	118.00
0.328600	119.00
0.328620	120.00
0.328640	121.00
0.328660	123.00
0.328680	125.00
0.328700	127.00
0.328720	128.00
0.328740	129.00
0.328760	130.00
0.328780	130.00
0.328800	130.00
0.328820	128.00
0.328840	127.00
0.328860	126.00
0.328880	126.00
0.328900	124.00
0.328920	124.00
0.328940	123.00
0.328960	123.00
0.328980	122.00
0.329000	122.00
0.329020	122.00
0.329040	122.00
0.329060	123.00
0.329080	124.00
0.329100	125.00
0.329120	125.00
0.329140	126.00
0.329160	126.00
0.329180	127.00
0.329200	127.00
0.329220	126.00
0.329240	126.00
0.329260	127.00
0.329280	126.00
0.329300	126.00
0.329320	125.00
0.329340	124.00
0.329360	124.00
0.329380	124.00
0.329400	124.00
0.329420	124.00
0.329440	124.00
0.329460	124.00
0.329480	124.00
0.329500	123.00
0.329520	124.00
0.329540	124.00
0.329560	125.00
0.329580	126.00
0.329600	126.00
0.329620	126.00
0.329640	125.00
0.329660	125.00
0.329680	125.00
0.329700	125.00
0.329720	125.00
0.329740	126.00
0.329760	126.00
0.329780	126.00
0.329800	125.00
0.329820	125.00
0.329840	125.00
0.329860	125.00
0.329880	126.00
0.329900	125.00
0.329920	124.00
0.329940	124.00
0.329960	125.00
0.329980	126.00
0.330000	126.00
0.330020	125.00
0.330040	125.00
0.330060	126.00
0.330080	126.00
0.330100	126.00
0.330120	125.00
0.330140	125.00
0.330160	125.00
0.330180	125.00
0.330200	125.00
0.330220	124.00
0.330240	124.00
0.330260	124.00
0.330280	125.00
0.330300	125.00
0.330320	125.00
0.330340	125.00
0.330360	125.00
0.330380	125.00
0.330400	125.00
0.330420	125.00
0.330440	125.00
0.330460	125.00
0.330480	124.00
0.330500	124.00
0.330520	124.00
0.330540	124.00
0.330560	124.00
0.330580	124.00
0.330600	124.00
0.330620	124.00
0.330640	124.00
0.330660	124.00
0.330680	124.00
0.330700	124.00
0.330720	124.00
0.330740	125.00
0.330760	125.00
0.330780	125.00
0.330800	125.00
0.330820	125.00
0.330840	125.00
0.330860	125.00
0.330880	125.00
0.330900	125.00
0.330920	125.00
0.330940	125.00
0.330960	125.00
0.330980	125.00
0.331000	125.00
0.331020	125.00
0.331040	125.00
0.331060	125.00
0.331080	126.00
0.331100	125.00
0.331120	125.00
0.331140	125.00
0.331160	125.00
0.331180	125.00
0.331200	126.00
0.331220	126.00
0.331240	126.00
0.331260	126.00
0.331280	126.00
0.331300	125.00
0.331320	125.00
0.331340	125.00
0.331360	126.00
0.331380	126.00
0.331400	126.00
0.331420	126.00
0.331440	126.00
0.331460	126.00
0.331480	125.00
0.331500	124.00
0.331520	123.00
0.331540	122.00
0.331560	121.00
0.331580	120.00
0.331600	120.00
0.331620	121.00
0.331640	122.00
0.331660	125.00
0.331680	127.00
0.331700	130.00
0.331720	132.00
0.331740	134.00
0.331760	135.00
0.331780	136.00
0.331800	136.00
0.331820	135.00
0.331840	133.00
0.331860	130.00
0.331880	125.00
0.331900	120.00
0.331920	116.00
0.331940	113.00
0.331960	111.00
0.331980	109.00
0.332000	107.00
0.332020	107.00
0.332040	109.00
0.332060	112.00
0.332080	117.00
0.332100	124.00
0.332120	131.00
0.332140	138.00
0.332160	146.00
0.332180	151.00
0.332200	155.00
0.332220	156.00
0.332240	154.00
0.332260	150.00
0.332280	142.00
0.332300	132.00
0.332320	120.00
0.332340	108.00
0.332360	96.00
0.332380	86.00
0.332400	79.00
0.332420	76.00
0.332440	78.00
0.332460	85.00
0.332480	95.00
0.332500	109.00
0.332520	125.00
0.332540	141.00
0.332560	157.00
0.332580	171.00
0.332600	180.00
0.332620	184.00
0.332640	184.00
0.332660	178.00
0.332680	168.00
0.332700	153.00
0.332720	135.00
0.332740	117.00
0.332760	100.00
0.332780	84.00
0.332800	72.00
0.332820	64.00
0.332840	62.00
0.332860	66.00
0.332880	74.00
0.332900	87.00
0.332920	102.00
0.332940	119.00
0.332960	136.00
0.332980	151.00
0.333000	163.00
0.333020	172.00
0.333040	176.00
0.333060	176.00
0.333080	172.00
0.333100	164.00
0.333120	152.00
0.333140	140.00
0.333160	126.00
0.333180	113.00
0.333200	102.00
0.333220	93.00
0.333240	87.00
0.333260	84.00
0.333280	85.00
0.333300	89.00
0.333320	96.00
0.333340	105.00
0.333360	115.00
0.333380	125.00
0.333400	135.00
0.333420	142.00
0.333440	148.00
0.333460	151.00
0.333480	153.00
0.333500	151.00
0.333520	148.00
0.333540	142.00
0.333560	137.00
0.333580	130.00
0.333600	123.00
0.333620	117.00
0.333640	112.00
0.333660	108.00
0.333680	106.00
0.333700	106.00
0.333720	108.00
0.333740	110.00
0.333760	114.00
0.333780	118.00
0.333800	123.00
0.333820	127.00
0.333840	131.00
0.333860	134.00
0.333880	136.00
0.333900	137.00
0.333920	137.00
0.333940	136.00
0.333960	135.00
0.333980	132.00
0.334000	129.00
0.334020	126.00
0.334040	123.00
0.334060	121.00
0.334080	119.00
0.334100	118.00
0.334120	117.00
0.334140	117.00
0.334160	118.00
0.334180	119.00
0.334200	121.00
0.334220	123.00
0.334240	125.00
0.334260	127.00
0.334280	128.00
0.334300	129.00
0.334320	129.00
0.334340	129.00
0.334360	129.00
0.334380	129.00
0.334400	128.00
0.334420	127.00
0.334440	126.00
0.334460	125.00
0.334480	125.00
0.334500	124.00
0.334520	123.00
0.334540	123.00
0.334560	123.00
0.334580	123.00
0.334600	123.00
0.334620	123.00
0.334640	124.00
0.334660	125.00
0.334680	125.00
0.334700	126.00
0.334720	126.00
0.334740	127.00
0.334760	127.00
0.334780	127.00
0.334800	127.00
0.334820	127.00
0.334840	127.00
0.334860	126.00
0.334880	126.00
0.334900	125.00
0.334920	125.00
0.334940	124.00
0.334960	124.00
0.334980	124.00
0.335000	124.00
0.335020	124.00
0.335040	124.00
0.335060	124.00
0.335080	124.00
0.335100	124.00
0.335120	124.00
0.335140	125.00
0.335160	125.00
0.335180	126.00
0.335200	126.00
0.335220	125.00
0.335240	125.00
0.335260	125.00
0.335280	125.00
0.335300	125.00
0.335320	125.00
0.335340	125.00
0.335360	126.00
0.335380	126.00
0.335400	125.00
0.335420	125.00
0.335440	124.00
0.335460	124.00
0.335480	124.00
0.335500	125.00
0.335520	125.00
0.335540	125.00
0.335560	125.00
0.335580	125.00
0.335600	125.00
0.335620	125.00
0.335640	125.00
0.335660	125.00
0.335680	126.00
0.335700	126.00
0.335720	126.00
0.335740	126.00
0.335760	125.00
0.335780	125.00
0.335800	125.00
0.335820	125.00
0.335840	125.00
0.335860	125.00
0.335880	125.00
0.335900	125.00
0.335920	125.00
0.335940	125.00
0.335960	125.00
0.335980	125.00
0.336000	124.00
0.336020	124.00
0.336040	124.00
0.336060	124.00
0.336080	124.00
0.336100	124.00
0.336120	124.00
0.336140	125.00
0.336160	125.00
0.336180	125.00
0.336200	125.00
0.336220	125.00
0.336240	125.00
0.336260	125.00
0.336280	125.00
0.336300	125.00
0.336320	125.00
0.336340	125.00
0.336360	125.00
0.336380	125.00
0.336400	124.00
0.336420	124.00
0.336440	124.00
0.336460	124.00
0.336480	124.00
0.336500	124.00
0.336520	124.00
0.336540	124.00
0.336560	125.00
0.336580	125.00
0.336600	125.00
0.336620	125.00
0.336640	125.00
0.336660	125.00
0.336680	125.00
0.336700	125.00
0.336720	125.00
0.336740	125.00
0.336760	125.00
0.336780	125.00
0.336800	125.00
0.336820	125.00
0.336840	125.00
0.336860	125.00
0.336880	125.00
0.336900	124.00
0.336920	124.00
0.336940	124.00
0.336960	125.00
0.336980	125.00
0.337000	125.00
0.337020	125.00
0.337040	125.00
0.337060	125.00
0.337080	125.00
0.337100	125.00
0.337120	125.00
0.337140	125.00
0.337160	125.00
0.337180	125.00
0.337200	125.00
0.337220	124.00
0.337240	124.00
0.337260	125.00
0.337280	125.00
0.337300	125.00
0.337320	125.00
0.337340	125.00
0.337360	125.00
0.337380	125.00
0.337400	125.00
0.337420	125.00
0.337440	125.00
0.337460	124.00
0.337480	124.00
0.337500	124.00
0.337520	124.00
0.337540	125.00
0.337560	126.00
0.337580	126.00
0.337600	126.00
0.337620	126.00
0.337640	126.00
0.337660	126.00
0.337680	126.00
0.337700	125.00
0.337720	124.00
0.337740	123.00
0.337760	122.00
0.337780	122.00
0.337800	122.00
0.337820	122.00
0.337840	122.00
0.337860	123.00
0.337880	124.00
0.337900	126.00
0.337920	128.00
0.337940	130.00
0.337960	132.00
0.337980	132.00
0.338000	132.00
0.338020	132.00
0.338040	131.00
0.338060	130.00
0.338080	128.00
0.338100	126.00
0.338120	123.00
0.338140	121.00
0.338160	119.00
0.338180	117.00
0.338200	116.00
0.338220	115.00
0.338240	115.00
0.338260	115.00
0.338280	117.00
0.338300	120.00
0.338320	124.00
0.338340	128.00
0.338360	132.00
0.338380	137.00
0.338400	141.00
0.338420	143.00
0.338440	144.00
0.338460	143.00
0.338480	141.00
0.338500	137.00
0.338520	131.00
0.338540	124.00
0.338560	116.00
0.338580	107.00
0.338600	101.00
0.338620	96.00
0.338640	95.00
0.338660	96.00
0.338680	100.00
0.338700	106.00
0.338720	114.00
0.338740	124.00
0.338760	134.00
0.338780	144.00
0.338800	152.00
0.338820	158.00
0.338840	162.00
0.338860	162.00
0.338880	158.00
0.338900	152.00
0.338920	143.00
0.338940	132.00
0.338960	121.00
0.338980	110.00
0.339000	101.00
0.339020	94.00
0.339040	89.00
0.339060	88.00
0.339080	90.00
0.339100	94.00
0.339120	101.00
0.339140	111.00
0.339160	121.00
0.339180	131.00
0.339200	140.00
0.339220	148.00
0.339240	153.00
0.339260	156.00
0.339280	156.00
0.339300	153.00
0.339320	148.00
0.339340	142.00
0.339360	134.00
0.339380	127.00
0.339400	119.00
0.339420	112.00
0.339440	107.00
0.339460	104.00
0.339480	102.00
0.339500	103.00
0.339520	105.00
0.339540	109.00
0.339560	114.00
0.339580	120.00
0.339600	126.00
0.339620	131.00
0.339640	135.00
0.339660	138.00
0.339680	140.00
0.339700	141.00
0.339720	140.00
0.339740	138.00
0.339760	135.00
0.339780	131.00
0.339800	127.00
0.339820	123.00
0.339840	120.00
0.339860	117.00
0.339880	115.00
0.339900	114.00
0.339920	114.00
0.339940	115.00
0.339960	117.00
0.339980	119.00
0.340000	121.00
0.340020	124.00
0.340040	126.00
0.340060	129.00
0.340080	130.00
0.340100	131.00
0.340120	132.00
0.340140	132.00
0.340160	131.00
0.340180	130.00
0.340200	128.00
0.340220	126.00
0.340240	125.00
0.340260	124.00
0.340280	123.00
0.340300	121.00
0.340320	121.00
0.340340	120.00
0.340360	121.00
0.340380	121.00
0.340400	122.00
0.340420	123.00
0.340440	124.00
0.340460	125.00
0.340480	126.00
0.340500	127.00
0.340520	127.00
0.340540	128.00
0.340560	128.00
0.340580	127.00
0.340600	127.00
0.340620	126.00
0.340640	126.00
0.340660	126.00
0.340680	125.00
0.340700	124.00
0.340720	123.00
0.340740	123.00
0.340760	123.00
0.340780	123.00
0.340800	123.00
0.340820	123.00
0.340840	124.00
0.340860	125.00
0.340880	125.00
0.340900	125.00
0.340920	125.00
0.340940	125.00
0.340960	126.00
0.340980	126.00
0.341000	126.00
0.341020	126.00
0.341040	126.00
0.341060	126.00
0.341080	126.00
0.341100	126.00
0.341120	125.00
0.341140	125.00
0.341160	125.00
0.341180	124.00
0.341200	124.00
0.341220	124.00
0.341240	124.00
0.341260	124.00
0.341280	124.00
0.341300	124.00
0.341320	124.00
0.341340	124.00
0.341360	125.00
0.341380	125.00
0.341400	125.00
0.341420	125.00
0.341440	125.00
0.341460	125.00
0.341480	125.00
0.341500	125.00
0.341520	125.00
0.341540	125.00
0.341560	125.00
0.341580	125.00
0.341600	125.00
0.341620	125.00
0.341640	124.00
0.341660	124.00
0.341680	124.00
0.341700	125.00
0.341720	125.00
0.341740	125.00
0.341760	125.00
0.341780	125.00
0.341800	125.00
0.341820	125.00
0.341840	125.00
0.341860	125.00
0.341880	125.00
0.341900	125.00
0.341920	125.00
0.341940	126.00
0.341960	126.00
0.341980	126.00
0.342000	126.00
0.342020	125.00
0.342040	126.00
0.342060	126.00
0.342080	126.00
0.342100	126.00
0.342120	125.00
0.342140	125.00
0.342160	125.00
0.342180	124.00
0.342200	124.00
0.342220	124.00
0.342240	123.00
0.342260	124.00
0.342280	124.00
0.342300	124.00
0.342320	124.00
0.342340	125.00
0.342360	125.00
0.342380	126.00
0.342400	126.00
0.342420	126.00
0.342440	126.00
0.342460	126.00
0.342480	126.00
0.342500	126.00
0.342520	126.00
0.342540	126.00
0.342560	125.00
0.342580	125.00
0.342600	125.00
0.342620	124.00
0.342640	124.00
0.342660	124.00
0.342680	124.00
0.342700	124.00
0.342720	124.00
0.342740	124.00
0.342760	124.00
0.342780	124.00
0.342800	124.00
0.342820	124.00
0.342840	125.00
0.342860	125.00
0.342880	125.00
0.342900	125.00
0.342920	126.00
0.342940	126.00
0.342960	126.00
0.342980	126.00
0.343000	125.00
0.343020	125.00
0.343040	124.00
0.343060	124.00
0.343080	124.00
0.343100	124.00
0.343120	124.00
0.343140	124.00
0.343160	125.00
0.343180	125.00
0.343200	125.00
0.343220	125.00
0.343240	125.00
0.343260	125.00
0.343280	125.00
0.343300	125.00
0.343320	125.00
0.343340	125.00
0.343360	125.00
0.343380	125.00
0.343400	125.00
0.343420	125.00
0.343440	125.00
0.343460	125.00
0.343480	125.00
0.343500	125.00
0.343520	125.00
0.343540	125.00
0.343560	125.00
0.343580	124.00
0.343600	124.00
0.343620	124.00
0.343640	124.00
0.343660	125.00
0.343680	125.00
0.343700	125.00
0.343720	125.00
0.343740	125.00
0.343760	125.00
0.343780	125.00
0.343800	125.00
0.343820	125.00
0.343840	126.00
0.343860	126.00
0.343880	126.00
0.343900	125.00
0.343920	125.00
0.343940	124.00
0.343960	124.00
0.343980	124.00
0.344000	123.00
0.344020	123.00
0.344040	122.00
0.344060	123.00
0.344080	123.00
0.344100	124.00
0.344120	125.00
0.344140	126.00
0.344160	127.00
0.344180	128.00
0.344200	129.00
0.344220	129.00
0.344240	129.00
0.344260	129.00
0.344280	128.00
0.344300	127.00
0.344320	125.00
0.344340	123.00
0.344360	122.00
0.344380	121.00
0.344400	120.00
0.344420	119.00
0.344440	118.00
0.344460	118.00
0.344480	118.00
0.344500	119.00
0.344520	121.00
0.344540	123.00
0.344560	126.00
0.344580	129.00
0.344600	132.00
0.344620	134.00
0.344640	136.00
0.344660	137.00
0.344680	137.00
0.344700	136.00
0.344720	134.00
0.344740	129.00
0.344760	125.00
0.344780	120.00
0.344800	115.00
0.344820	110.00
0.344840	107.00
0.344860	106.00
0.344880	106.00
0.344900	108.00
0.344920	112.00
0.344940	117.00
0.344960	123.00
0.344980	130.00
0.345000	136.00
0.345020	142.00
0.345040	145.00
0.345060	148.00
0.345080	148.00
0.345100	147.00
0.345120	144.00
0.345140	138.00
0.345160	131.00
0.345180	124.00
0.345200	117.00
0.345220	111.00
0.345240	106.00
0.345260	102.00
0.345280	100.00
0.345300	101.00
0.345320	103.00
0.345340	108.00
0.345360	114.00
0.345380	121.00
0.345400	127.00
0.345420	133.00
0.345440	138.00
0.345460	142.00
0.345480	144.00
0.345500	144.00
0.345520	143.00
0.345540	141.00
0.345560	137.00
0.345580	132.00
0.345600	127.00
0.345620	123.00
0.345640	119.00
0.345660	115.00
0.345680	112.00
0.345700	111.00
0.345720	111.00
0.345740	112.00
0.345760	114.00
0.345780	117.00
0.345800	120.00
0.345820	123.00
0.345840	127.00
0.345860	130.00
0.345880	132.00
0.345900	134.00
0.345920	134.00
0.345940	134.00
0.345960	133.00
0.345980	132.00
0.346000	130.00
0.346020	127.00
0.346040	125.00
0.346060	123.00
0.346080	122.00
0.346100	120.00
0.346120	119.00
0.346140	119.00
0.346160	119.00
0.346180	120.00
0.346200	121.00
0.346220	122.00
0.346240	123.00
0.346260	124.00
0.346280	126.00
0.346300	127.00
0.346320	128.00
0.346340	129.00
0.346360	129.00
0.346380	129.00
0.346400	128.00
0.346420	127.00
0.346440	126.00
0.346460	125.00
0.346480	124.00
0.346500	123.00
0.346520	123.00
0.346540	123.00
0.346560	123.00
0.346580	123.00
0.346600	123.00
0.346620	124.00
0.346640	124.00
0.346660	124.00
0.346680	125.00
0.346700	126.00
0.346720	126.00
0.346740	126.00
0.346760	126.00
0.346780	126.00
0.346800	126.00
0.346820	126.00
0.346840	126.00
0.346860	126.00
0.346880	125.00
0.346900	125.00
0.346920	125.00
0.346940	125.00
0.346960	125.00
0.346980	124.00
0.347000	124.00
0.347020	124.00
0.347040	124.00
0.347060	124.00
0.347080	124.00
0.347100	124.00
0.347120	125.00
0.347140	125.00
0.347160	126.00
0.347180	126.00
0.347200	126.00
0.347220	126.00
0.347240	126.00
0.347260	126.00
0.347280	126.00
0.347300	126.00
0.347320	126.00
0.347340	125.00
0.347360	125.00
0.347380	125.00
0.347400	124.00
0.347420	124.00
0.347440	124.00
0.347460	124.00
0.347480	124.00
0.347500	124.00
0.347520	124.00
0.347540	124.00
0.347560	124.00
0.347580	124.00
0.347600	125.00
0.347620	126.00
0.347640	126.00
0.347660	126.00
0.347680	125.00
0.347700	124.00
0.347720	124.00
0.347740	124.00
0.347760	125.00
0.347780	125.00
0.347800	125.00
0.347820	125.00
0.347840	125.00
0.347860	125.00
0.347880	125.00
0.347900	124.00
0.347920	124.00
0.347940	125.00
0.347960	125.00
0.347980	125.00
0.348000	124.00
0.348020	124.00
0.348040	124.00
0.348060	125.00
0.348080	125.00
0.348100	125.00
0.348120	125.00
0.348140	125.00
0.348160	125.00
0.348180	125.00
0.348200	125.00
0.348220	125.00
0.348240	125.00
0.348260	126.00
0.348280	126.00
0.348300	125.00
0.348320	125.00
0.348340	125.00
0.348360	125.00
0.348380	125.00
0.348400	124.00
0.348420	124.00
0.348440	124.00
0.348460	124.00
0.348480	124.00
0.348500	124.00
0.348520	125.00
0.348540	125.00
0.348560	125.00
0.348580	126.00
0.348600	126.00
0.348620	126.00
0.348640	126.00
0.348660	126.00
0.348680	126.00
0.348700	126.00
0.348720	125.00
0.348740	125.00
0.348760	125.00
0.348780	125.00
0.348800	124.00
0.348820	124.00
0.348840	124.00
0.348860	124.00
0.348880	124.00
0.348900	124.00
0.348920	124.00
0.348940	125.00
0.348960	126.00
0.348980	126.00
0.349000	126.00
0.349020	126.00
0.349040	125.00
0.349060	125.00
0.349080	125.00
0.349100	125.00
0.349120	125.00
0.349140	125.00
0.349160	125.00
0.349180	125.00
0.349200	125.00
0.349220	125.00
0.349240	125.00
0.349260	124.00
0.349280	124.00
0.349300	124.00
0.349320	124.00
0.349340	124.00
0.349360	125.00
0.349380	125.00
0.349400	125.00
0.349420	125.00
0.349440	126.00
0.349460	126.00
0.349480	126.00
0.349500	125.00
0.349520	125.00
0.349540	125.00
0.349560	125.00
0.349580	125.00
0.349600	125.00
0.349620	125.00
0.349640	125.00
0.349660	125.00
0.349680	125.00
0.349700	125.00
0.349720	125.00
0.349740	125.00
0.349760	125.00
0.349780	125.00
0.349800	125.00
0.349820	125.00
0.349840	125.00
0.349860	125.00
0.349880	126.00
0.349900	126.00
0.349920	125.00
0.349940	125.00
0.349960	125.00
0.349980	125.00
0.350000	125.00
0.350020	125.00
0.350040	125.00
0.350060	125.00
0.350080	125.00
0.350100	125.00
0.350120	125.00
0.350140	125.00
0.350160	124.00
0.350180	124.00
0.350200	124.00
0.350220	123.00
0.350240	123.00
0.350260	123.00
0.350280	124.00
0.350300	124.00
0.350320	124.00
0.350340	125.00
0.350360	126.00
0.350380	127.00
0.350400	127.00
0.350420	127.00
0.350440	128.00
0.350460	128.00
0.350480	128.00
0.350500	127.00
0.350520	126.00
0.350540	124.00
0.350560	123.00
0.350580	123.00
0.350600	122.00
0.350620	121.00
0.350640	120.00
0.350660	120.00
0.350680	120.00
0.350700	120.00
0.350720	121.00
0.350740	122.00
0.350760	123.00
0.350780	125.00
0.350800	127.00
0.350820	129.00
0.350840	131.00
0.350860	132.00
0.350880	133.00
0.350900	133.00
0.350920	132.00
0.350940	130.00
0.350960	128.00
0.350980	125.00
0.351000	122.00
0.351020	118.00
0.351040	115.00
0.351060	113.00
0.351080	112.00
0.351100	112.00
0.351120	114.00
0.351140	116.00
0.351160	120.00
0.351180	124.00
0.351200	128.00
0.351220	133.00
0.351240	137.00
0.351260	139.00
0.351280	141.00
0.351300	141.00
0.351320	140.00
0.351340	137.00
0.351360	134.00
0.351380	129.00
0.351400	125.00
0.351420	120.00
0.351440	116.00
0.351460	112.00
0.351480	110.00
0.351500	108.00
0.351520	108.00
0.351540	110.00
0.351560	113.00
0.351580	117.00
0.351600	121.00
0.351620	126.00
0.351640	130.00
0.351660	133.00
0.351680	136.00
0.351700	138.00
0.351720	139.00
0.351740	138.00
0.351760	137.00
0.351780	134.00
0.351800	131.00
0.351820	128.00
0.351840	124.00
0.351860	121.00
0.351880	118.00
0.351900	116.00
0.351920	115.00
0.351940	114.00
0.351960	115.00
0.351980	116.00
0.352000	118.00
0.352020	121.00
0.352040	123.00
0.352060	126.00
0.352080	128.00
0.352100	130.00
0.352120	131.00
0.352140	132.00
0.352160	132.00
0.352180	131.00
0.352200	130.00
0.352220	129.00
0.352240	128.00
0.352260	127.00
0.352280	125.00
0.352300	124.00
0.352320	122.00
0.352340	121.00
0.352360	120.00
0.352380	121.00
0.352400	121.00
0.352420	122.00
0.352440	123.00
0.352460	124.00
0.352480	125.00
0.352500	126.00
0.352520	127.00
0.352540	127.00
0.352560	127.00
0.352580	127.00
0.352600	127.00
0.352620	127.00
0.352640	127.00
0.352660	127.00
0.352680	126.00
0.352700	125.00
0.352720	125.00
0.352740	124.00
0.352760	123.00
0.352780	123.00
0.352800	123.00
0.352820	123.00
0.352840	123.00
0.352860	124.00
0.352880	124.00
0.352900	125.00
0.352920	125.00
0.352940	126.00
0.352960	126.00
0.352980	126.00
0.353000	126.00
0.353020	126.00
0.353040	126.00
0.353060	126.00
0.353080	126.00
0.353100	126.00
0.353120	125.00
0.353140	125.00
0.353160	124.00
0.353180	124.00
0.353200	124.00
0.353220	124.00
0.353240	124.00
0.353260	124.00
0.353280	124.00
0.353300	124.00
0.353320	124.00
0.353340	124.00
0.353360	125.00
0.353380	125.00
0.353400	125.00
0.353420	126.00
0.353440	126.00
0.353460	126.00
0.353480	126.00
0.353500	126.00
0.353520	126.00
0.353540	126.00
0.353560	126.00
0.353580	125.00
0.353600	125.00
0.353620	125.00
0.353640	125.00
0.353660	124.00
0.353680	125.00
0.353700	125.00
0.353720	125.00
0.353740	125.00
0.353760	125.00
0.353780	124.00
0.353800	124.00
0.353820	124.00
0.353840	125.00
0.353860	125.00
0.353880	125.00
0.353900	125.00
0.353920	126.00
0.353940	126.00
0.353960	125.00
0.353980	125.00
0.354000	125.00
0.354020	125.00
0.354040	125.00
0.354060	125.00
0.354080	125.00
0.354100	125.00
0.354120	125.00
0.354140	124.00
0.354160	124.00
0.354180	124.00
0.354200	124.00
0.354220	124.00
0.354240	124.00
0.354260	125.00
0.354280	125.00
0.354300	125.00
0.354320	125.00
0.354340	125.00
0.354360	125.00
0.354380	125.00
0.354400	125.00
0.354420	125.00
0.354440	125.00
0.354460	125.00
0.354480	125.00
0.354500	125.00
0.354520	125.00
0.354540	124.00
0.354560	124.00
0.354580	124.00
0.354600	124.00
0.354620	124.00
0.354640	124.00
0.354660	124.00
0.354680	124.00
0.354700	124.00
0.354720	124.00
0.354740	124.00
0.354760	125.00
0.354780	125.00
0.354800	125.00
0.354820	126.00
0.354840	126.00
0.354860	126.00
0.354880	126.00
0.354900	126.00
0.354920	126.00
0.354940	125.00
0.354960	124.00
0.354980	124.00
0.355000	124.00
0.355020	124.00
0.355040	124.00
0.355060	124.00
0.355080	124.00
0.355100	124.00
0.355120	124.00
0.355140	124.00
0.355160	124.00
0.355180	125.00
0.355200	125.00
0.355220	125.00
0.355240	125.00
0.355260	125.00
0.355280	125.00
0.355300	125.00
0.355320	125.00
0.355340	125.00
0.355360	125.00
0.355380	125.00
0.355400	125.00
0.355420	125.00
0.355440	125.00
0.355460	125.00
0.355480	125.00
0.355500	124.00
0.355520	124.00
0.355540	124.00
0.355560	124.00
0.355580	124.00
0.355600	125.00
0.355620	125.00
0.355640	125.00
0.355660	125.00
0.355680	125.00
0.355700	125.00
0.355720	125.00
0.355740	126.00
0.355760	126.00
0.355780	125.00
0.355800	125.00
0.355820	125.00
0.355840	125.00
0.355860	125.00
0.355880	125.00
0.355900	125.00
0.355920	124.00
0.355940	124.00
0.355960	124.00
0.355980	124.00
0.356000	124.00
0.356020	125.00
0.356040	125.00
0.356060	125.00
0.356080	125.00
0.356100	125.00
0.356120	125.00
0.356140	125.00
0.356160	125.00
0.356180	125.00
0.356200	125.00
0.356220	126.00
0.356240	126.00
0.356260	126.00
0.356280	125.00
0.356300	125.00
0.356320	125.00
0.356340	125.00
0.356360	125.00
0.356380	125.00
0.356400	125.00
0.356420	124.00
0.356440	123.00
0.356460	123.00
0.356480	124.00
0.356500	125.00
0.356520	125.00
0.356540	126.00
0.356560	126.00
0.356580	127.00
0.356600	127.00
0.356620	127.00
0.356640	127.00
0.356660	127.00
0.356680	127.00
0.356700	126.00
0.356720	126.00
0.356740	126.00
0.356760	125.00
0.356780	125.00
0.356800	124.00
0.356820	123.00
0.356840	122.00
0.356860	122.00
0.356880	121.00
0.356900	121.00
0.356920	121.00
0.356940	122.00
0.356960	123.00
0.356980	124.00
0.357000	126.00
0.357020	127.00
0.357040	128.00
0.357060	129.00
0.357080	130.00
0.357100	130.00
0.357120	130.00
0.357140	129.00
0.357160	128.00
0.357180	126.00
0.357200	125.00
0.357220	123.00
0.357240	120.00
0.357260	119.00
0.357280	117.00
0.357300	116.00
0.357320	116.00
0.357340	117.00
0.357360	119.00
0.357380	121.00
0.357400	124.00
0.357420	126.00
0.357440	129.00
0.357460	132.00
0.357480	135.00
0.357500	136.00
0.357520	136.00
0.357540	135.00
0.357560	133.00
0.357580	131.00
0.357600	128.00
0.357620	125.00
0.357640	122.00
0.357660	118.00
0.357680	115.00
0.357700	113.00
0.357720	113.00
0.357740	113.00
0.357760	115.00
0.357780	117.00
0.357800	120.00
0.357820	123.00
0.357840	126.00
0.357860	129.00
0.357880	131.00
0.357900	133.00
0.357920	134.00
0.357940	135.00
0.357960	135.00
0.357980	133.00
0.358000	131.00
0.358020	129.00
0.358040	126.00
0.358060	124.00
0.358080	122.00
0.358100	120.00
0.358120	118.00
0.358140	117.00
0.358160	117.00
0.358180	117.00
0.358200	118.00
0.358220	120.00
0.358240	122.00
0.358260	124.00
0.358280	125.00
0.358300	127.00
0.358320	128.00
0.358340	129.00
0.358360	130.00
0.358380	130.00
0.358400	130.00
0.358420	129.00
0.358440	128.00
0.358460	127.00
0.358480	126.00
0.358500	124.00
0.358520	123.00
0.358540	122.00
0.358560	121.00
0.358580	121.00
0.358600	121.00
0.358620	122.00
0.358640	123.00
0.358660	123.00
0.358680	124.00
0.358700	124.00
0.358720	125.00
0.358740	126.00
0.358760	127.00
0.358780	127.00
0.358800	127.00
0.358820	127.00
0.358840	126.00
0.358860	126.00
0.358880	126.00
0.358900	125.00
0.358920	125.00
0.358940	124.00
0.358960	124.00
0.358980	124.00
0.359000	124.00
0.359020	124.00
0.359040	124.00
0.359060	124.00
0.359080	124.00
0.359100	124.00
0.359120	124.00
0.359140	124.00
0.359160	125.00
0.359180	125.00
0.359200	126.00
0.359220	126.00
0.359240	126.00
0.359260	125.00
0.359280	125.00
0.359300	125.00
0.359320	125.00
0.359340	125.00
0.359360	125.00
0.359380	124.00
0.359400	124.00
0.359420	125.00
0.359440	125.00
0.359460	125.00
0.359480	125.00
0.359500	125.00
0.359520	125.00
0.359540	125.00
0.359560	125.00
0.359580	125.00
0.359600	125.00
0.359620	126.00
0.359640	126.00
0.359660	126.00
0.359680	126.00
0.359700	125.00
0.359720	124.00
0.359740	124.00
0.359760	124.00
0.359780	124.00
0.359800	124.00
0.359820	124.00
0.359840	124.00
0.359860	124.00
0.359880	124.00
0.359900	124.00
0.359920	124.00
0.359940	124.00
0.359960	124.00
0.359980	126.00
