0.320000	101.00
0.320020	49.00
0.320040	102.00
0.320060	141.00
0.320080	144.00
0.320100	125.00
0.320120	112.00
0.320140	118.00
0.320160	130.00
0.320180	133.00
0.320200	125.00
0.320220	118.00
0.320240	121.00
0.320260	129.00
0.320280	131.00
0.320300	125.00
0.320320	120.00
0.320340	122.00
0.320360	127.00
0.320380	128.00
0.320400	124.00
0.320420	121.00
0.320440	122.00
0.320460	127.00
0.320480	128.00
0.320500	125.00
0.320520	122.00
0.320540	123.00
0.320560	127.00
0.320580	128.00
0.320600	125.00
0.320620	123.00
0.320640	123.00
0.320660	126.00
0.320680	127.00
0.320700	125.00
0.320720	123.00
0.320740	124.00
0.320760	126.00
0.320780	127.00
0.320800	125.00
0.320820	123.00
0.320840	124.00
0.320860	126.00
0.320880	126.00
0.320900	124.00
0.320920	123.00
0.320940	124.00
0.320960	126.00
0.320980	127.00
0.321000	125.00
0.321020	123.00
0.321040	124.00
0.321060	126.00
0.321080	127.00
0.321100	125.00
0.321120	124.00
0.321140	124.00
0.321160	126.00
0.321180	126.00
0.321200	125.00
0.321220	124.00
0.321240	124.00
0.321260	126.00
0.321280	126.00
0.321300	125.00
0.321320	124.00
0.321340	124.00
0.321360	126.00
0.321380	127.00
0.321400	125.00
0.321420	124.00
0.321440	124.00
0.321460	125.00
0.321480	126.00
0.321500	125.00
0.321520	124.00
0.321540	125.00
0.321560	126.00
0.321580	126.00
0.321600	125.00
0.321620	124.00
0.321640	124.00
0.321660	125.00
0.321680	126.00
0.321700	125.00
0.321720	124.00
0.321740	124.00
0.321760	125.00
0.321780	126.00
0.321800	125.00
0.321820	125.00
0.321840	124.00
0.321860	125.00
0.321880	126.00
0.321900	125.00
0.321920	125.00
0.321940	125.00
0.321960	125.00
0.321980	125.00
0.322000	124.00
0.322020	124.00
0.322040	125.00
0.322060	126.00
0.322080	126.00
0.322100	125.00
0.322120	124.00
0.322140	124.00
0.322160	125.00
0.322180	126.00
0.322200	125.00
0.322220	125.00
0.322240	125.00
0.322260	125.00
0.322280	125.00
0.322300	125.00
0.322320	125.00
0.322340	125.00
0.322360	125.00
0.322380	125.00
0.322400	124.00
0.322420	124.00
0.322440	124.00
0.322460	125.00
0.322480	125.00
0.322500	124.00
0.322520	124.00
0.322540	124.00
0.322560	125.00
0.322580	125.00
0.322600	125.00
0.322620	124.00
0.322640	125.00
0.322660	126.00
0.322680	125.00
0.322700	125.00
0.322720	124.00
0.322740	124.00
0.322760	125.00
0.322780	125.00
0.322800	125.00
0.322820	124.00
0.322840	124.00
0.322860	124.00
0.322880	125.00
0.322900	124.00
0.322920	124.00
0.322940	124.00
0.322960	125.00
0.322980	125.00
0.323000	125.00
0.323020	124.00
0.323040	125.00
0.323060	125.00
0.323080	126.00
0.323100	125.00
0.323120	125.00
0.323140	125.00
0.323160	126.00
0.323180	126.00
0.323200	125.00
0.323220	125.00
0.323240	124.00
0.323260	124.00
0.323280	125.00
0.323300	125.00
0.323320	125.00
0.323340	125.00
0.323360	125.00
0.323380	124.00
0.323400	124.00
0.323420	124.00
0.323440	125.00
0.323460	125.00
0.323480	125.00
0.323500	124.00
0.323520	125.00
0.323540	125.00
0.323560	125.00
0.323580	125.00
0.323600	124.00
0.323620	124.00
0.323640	125.00
0.323660	126.00
0.323680	126.00
0.323700	125.00
0.323720	124.00
0.323740	124.00
0.323760	124.00
0.323780	125.00
0.323800	124.00
0.323820	124.00
0.323840	124.00
0.323860	125.00
0.323880	125.00
0.323900	125.00
0.323920	124.00
0.323940	124.00
0.323960	124.00
0.323980	125.00
0.324000	125.00
0.324020	125.00
0.324040	125.00
0.324060	125.00
0.324080	124.00
0.324100	124.00
0.324120	124.00
0.324140	124.00
0.324160	125.00
0.324180	125.00
0.324200	124.00
0.324220	125.00
0.324240	125.00
0.324260	125.00
0.324280	125.00
0.324300	125.00
0.324320	125.00
0.324340	125.00
0.324360	125.00
0.324380	125.00
0.324400	124.00
0.324420	124.00
0.324440	125.00
0.324460	125.00
0.324480	125.00
0.324500	124.00
0.324520	125.00
0.324540	125.00
0.324560	125.00
0.324580	124.00
0.324600	124.00
0.324620	124.00
0.324640	125.00
0.324660	126.00
0.324680	125.00
0.324700	125.00
0.324720	125.00
0.324740	125.00
0.324760	125.00
0.324780	124.00
0.324800	124.00
0.324820	124.00
0.324840	125.00
0.324860	126.00
0.324880	125.00
0.324900	124.00
0.324920	124.00
0.324940	124.00
0.324960	125.00
0.324980	124.00
0.325000	123.00
0.325020	122.00
0.325040	121.00
0.325060	121.00
0.325080	121.00
0.325100	121.00
0.325120	122.00
0.325140	124.00
0.325160	126.00
0.325180	129.00
0.325200	132.00
0.325220	136.00
0.325240	140.00
0.325260	144.00
0.325280	146.00
0.325300	146.00
0.325320	143.00
0.325340	137.00
0.325360	128.00
0.325380	118.00
0.325400	107.00
0.325420	97.00
0.325440	89.00
0.325460	84.00
0.325480	80.00
0.325500	79.00
0.325520	82.00
0.325540	91.00
0.325560	105.00
0.325580	121.00
0.325600	139.00
0.325620	157.00
0.325640	172.00
0.325660	184.00
0.325680	191.00
0.325700	194.00
0.325720	193.00
0.325740	188.00
0.325760	176.00
0.325780	157.00
0.325800	131.00
0.325820	101.00
0.325840	71.00
0.325860	43.00
0.325880	21.00
0.325900	7.00
0.325920	2.00
0.325940	8.00
0.325960	24.00
0.325980	52.00
0.326000	91.00
0.326020	138.00
0.326040	185.00
0.326060	223.00
0.326080	246.00
0.326100	255.00
0.326120	255.00
0.326140	251.00
0.326160	240.00
0.326180	216.00
0.326200	175.00
0.326220	118.00
0.326240	59.00
0.326260	14.00
0.326280	0.00
0.326300	0.00
0.326320	5.00
0.326340	7.00
0.326360	0.00
0.326380	0.00
0.326400	10.00
0.326420	59.00
0.326440	128.00
0.326460	194.00
0.326480	238.00
0.326500	255.00
0.326520	255.00
0.326540	255.00
0.326560	255.00
0.326580	254.00
0.326600	241.00
0.326620	209.00
0.326640	159.00
0.326660	100.00
0.326680	45.00
0.326700	9.00
0.326720	0.00
0.326740	0.00
0.326760	5.00
0.326780	3.00
0.326800	0.00
0.326820	3.00
0.326840	30.00
0.326860	78.00
0.326880	134.00
0.326900	183.00
0.326920	217.00
0.326940	237.00
0.326960	246.00
0.326980	247.00
0.327000	241.00
0.327020	227.00
0.327040	206.00
0.327060	179.00
0.327080	146.00
0.327100	110.00
0.327120	76.00
0.327140	48.00
0.327160	28.00
0.327180	18.00
0.327200	17.00
0.327220	24.00
0.327240	40.00
0.327260	62.00
0.327280	88.00
0.327300	114.00
0.327320	139.00
0.327340	161.00
0.327360	178.00
0.327380	190.00
0.327400	194.00
0.327420	192.00
0.327440	186.00
0.327460	175.00
0.327480	161.00
0.327500	144.00
0.327520	126.00
0.327540	110.00
0.327560	97.00
0.327580	88.00
0.327600	82.00
0.327620	79.00
0.327640	81.00
0.327660	86.00
0.327680	95.00
0.327700	105.00
0.327720	115.00
0.327740	125.00
0.327760	135.00
0.327780	144.00
0.327800	149.00
0.327820	152.00
0.327840	153.00
0.327860	152.00
0.327880	148.00
0.327900	142.00
0.327920	136.00
0.327940	129.00
0.327960	123.00
0.327980	117.00
0.328000	113.00
0.328020	109.00
0.328040	107.00
0.328060	108.00
0.328080	109.00
0.328100	112.00
0.328120	115.00
0.328140	119.00
0.328160	124.00
0.328180	128.00
0.328200	131.00
0.328220	134.00
0.328240	135.00
0.328260	137.00
0.328280	137.00
0.328300	135.00
0.328320	133.00
0.328340	131.00
0.328360	129.00
0.328380	126.00
0.328400	123.00
0.328420	121.00
0.328440	119.00
0.328460	118.00
0.328480	118.00
0.328500	118.00
0.328520	118.00
0.328540	119.00
0.328560	121.00
0.328580	123.00
0.328600	125.00
0.328620	126.00
0.328640	127.00
0.328660	128.00
0.328680	129.00
0.328700	129.00
0.328720	129.00
0.328740	128.00
0.328760	128.00
0.328780	127.00
0.328800	126.00
0.328820	125.00
0.328840	124.00
0.328860	123.00
0.328880	123.00
0.328900	122.00
0.328920	122.00
0.328940	122.00
0.328960	123.00
0.328980	124.00
0.329000	124.00
0.329020	125.00
0.329040	125.00
0.329060	126.00
0.329080	126.00
0.329100	126.00
0.329120	126.00
0.329140	126.00
0.329160	126.00
0.329180	127.00
0.329200	126.00
0.329220	126.00
0.329240	125.00
0.329260	125.00
0.329280	124.00
0.329300	124.00
0.329320	124.00
0.329340	124.00
0.329360	124.00
0.329380	125.00
0.329400	125.00
0.329420	124.00
0.329440	124.00
0.329460	124.00
0.329480	125.00
0.329500	126.00
0.329520	126.00
0.329540	126.00
0.329560	126.00
0.329580	126.00
0.329600	126.00
0.329620	126.00
0.329640	126.00
0.329660	126.00
0.329680	126.00
0.329700	126.00
0.329720	125.00
0.329740	125.00
0.329760	125.00
0.329780	124.00
0.329800	124.00
0.329820	124.00
0.329840	125.00
0.329860	125.00
0.329880	125.00
0.329900	125.00
0.329920	125.00
0.329940	125.00
0.329960	126.00
0.329980	126.00
0.330000	125.00
0.330020	125.00
0.330040	125.00
0.330060	126.00
0.330080	126.00
0.330100	126.00
0.330120	125.00
0.330140	125.00
0.330160	125.00
0.330180	126.00
0.330200	125.00
0.330220	125.00
0.330240	124.00
0.330260	124.00
0.330280	125.00
0.330300	125.00
0.330320	125.00
0.330340	125.00
0.330360	125.00
0.330380	125.00
0.330400	126.00
0.330420	126.00
0.330440	126.00
0.330460	126.00
0.330480	125.00
0.330500	125.00
0.330520	125.00
0.330540	125.00
0.330560	125.00
0.330580	125.00
0.330600	125.00
0.330620	125.00
0.330640	125.00
0.330660	125.00
0.330680	125.00
0.330700	125.00
0.330720	125.00
0.330740	125.00
0.330760	125.00
0.330780	125.00
0.330800	124.00
0.330820	124.00
0.330840	124.00
0.330860	125.00
0.330880	125.00
0.330900	125.00
0.330920	125.00
0.330940	125.00
0.330960	125.00
0.330980	125.00
0.331000	125.00
0.331020	125.00
0.331040	125.00
0.331060	125.00
0.331080	125.00
0.331100	125.00
0.331120	125.00
0.331140	125.00
0.331160	125.00
0.331180	125.00
0.331200	125.00
0.331220	124.00
0.331240	125.00
0.331260	126.00
0.331280	127.00
0.331300	127.00
0.331320	126.00
0.331340	126.00
0.331360	125.00
0.331380	125.00
0.331400	125.00
0.331420	124.00
0.331440	122.00
0.331460	121.00
0.331480	120.00
0.331500	119.00
0.331520	119.00
0.331540	120.00
0.331560	122.00
0.331580	125.00
0.331600	127.00
0.331620	129.00
0.331640	132.00
0.331660	134.00
0.331680	135.00
0.331700	136.00
0.331720	136.00
0.331740	135.00
0.331760	133.00
0.331780	130.00
0.331800	125.00
0.331820	120.00
0.331840	116.00
0.331860	113.00
0.331880	111.00
0.331900	109.00
0.331920	108.00
0.331940	108.00
0.331960	109.00
0.331980	112.00
0.332000	116.00
0.332020	122.00
0.332040	129.00
0.332060	137.00
0.332080	144.00
0.332100	150.00
0.332120	154.00
0.332140	156.00
0.332160	155.00
0.332180	151.00
0.332200	144.00
0.332220	133.00
0.332240	121.00
0.332260	109.00
0.332280	97.00
0.332300	86.00
0.332320	78.00
0.332340	75.00
0.332360	77.00
0.332380	84.00
0.332400	95.00
0.332420	108.00
0.332440	124.00
0.332460	140.00
0.332480	157.00
0.332500	170.00
0.332520	180.00
0.332540	185.00
0.332560	185.00
0.332580	179.00
0.332600	169.00
0.332620	154.00
0.332640	137.00
0.332660	119.00
0.332680	101.00
0.332700	85.00
0.332720	72.00
0.332740	65.00
0.332760	62.00
0.332780	65.00
0.332800	73.00
0.332820	85.00
0.332840	101.00
0.332860	118.00
0.332880	135.00
0.332900	150.00
0.332920	163.00
0.332940	172.00
0.332960	177.00
0.332980	178.00
0.333000	173.00
0.333020	165.00
0.333040	154.00
0.333060	141.00
0.333080	128.00
0.333100	114.00
0.333120	102.00
0.333140	93.00
0.333160	88.00
0.333180	85.00
0.333200	86.00
0.333220	90.00
0.333240	96.00
0.333260	105.00
0.333280	115.00
0.333300	125.00
0.333320	134.00
0.333340	142.00
0.333360	148.00
0.333380	152.00
0.333400	153.00
0.333420	152.00
0.333440	148.00
0.333460	143.00
0.333480	137.00
0.333500	130.00
0.333520	123.00
0.333540	117.00
0.333560	112.00
0.333580	109.00
0.333600	107.00
0.333620	107.00
0.333640	108.00
0.333660	111.00
0.333680	114.00
0.333700	118.00
0.333720	122.00
0.333740	126.00
0.333760	130.00
0.333780	133.00
0.333800	135.00
0.333820	136.00
0.333840	136.00
0.333860	135.00
0.333880	134.00
0.333900	132.00
0.333920	129.00
0.333940	126.00
0.333960	123.00
0.333980	121.00
0.334000	119.00
0.334020	118.00
0.334040	117.00
0.334060	117.00
0.334080	118.00
0.334100	120.00
0.334120	121.00
0.334140	123.00
0.334160	125.00
0.334180	126.00
0.334200	128.00
0.334220	129.00
0.334240	130.00
0.334260	130.00
0.334280	130.00
0.334300	129.00
0.334320	128.00
0.334340	127.00
0.334360	126.00
0.334380	125.00
0.334400	124.00
0.334420	123.00
0.334440	123.00
0.334460	122.00
0.334480	122.00
0.334500	122.00
0.334520	122.00
0.334540	123.00
0.334560	124.00
0.334580	124.00
0.334600	124.00
0.334620	125.00
0.334640	125.00
0.334660	126.00
0.334680	126.00
0.334700	126.00
0.334720	126.00
0.334740	126.00
0.334760	126.00
0.334780	126.00
0.334800	126.00
0.334820	125.00
0.334840	125.00
0.334860	125.00
0.334880	125.00
0.334900	124.00
0.334920	123.00
0.334940	123.00
0.334960	124.00
0.334980	124.00
0.335000	125.00
0.335020	125.00
0.335040	125.00
0.335060	126.00
0.335080	126.00
0.335100	126.00
0.335120	126.00
0.335140	125.00
0.335160	125.00
0.335180	125.00
0.335200	125.00
0.335220	125.00
0.335240	125.00
0.335260	125.00
0.335280	125.00
0.335300	125.00
0.335320	124.00
0.335340	124.00
0.335360	124.00
0.335380	124.00
0.335400	125.00
0.335420	125.00
0.335440	125.00
0.335460	125.00
0.335480	125.00
0.335500	125.00
0.335520	125.00
0.335540	125.00
0.335560	125.00
0.335580	125.00
0.335600	125.00
0.335620	125.00
0.335640	125.00
0.335660	125.00
0.335680	125.00
0.335700	125.00
0.335720	125.00
0.335740	125.00
0.335760	125.00
0.335780	124.00
0.335800	124.00
0.335820	125.00
0.335840	124.00
0.335860	124.00
0.335880	124.00
0.335900	124.00
0.335920	124.00
0.335940	124.00
0.335960	124.00
0.335980	124.00
0.336000	124.00
0.336020	124.00
0.336040	124.00
0.336060	125.00
0.336080	125.00
0.336100	125.00
0.336120	126.00
0.336140	126.00
0.336160	126.00
0.336180	125.00
0.336200	125.00
0.336220	125.00
0.336240	126.00
0.336260	126.00
0.336280	125.00
0.336300	125.00
0.336320	124.00
0.336340	124.00
0.336360	124.00
0.336380	124.00
0.336400	124.00
0.336420	124.00
0.336440	124.00
0.336460	125.00
0.336480	125.00
0.336500	125.00
0.336520	125.00
0.336540	125.00
0.336560	125.00
0.336580	125.00
0.336600	125.00
0.336620	125.00
0.336640	125.00
0.336660	125.00
0.336680	125.00
0.336700	125.00
0.336720	125.00
0.336740	124.00
0.336760	124.00
0.336780	124.00
0.336800	125.00
0.336820	125.00
0.336840	125.00
0.336860	125.00
0.336880	125.00
0.336900	125.00
0.336920	125.00
0.336940	125.00
0.336960	125.00
0.336980	125.00
0.337000	125.00
0.337020	125.00
0.337040	125.00
0.337060	125.00
0.337080	125.00
0.337100	125.00
0.337120	125.00
0.337140	125.00
0.337160	125.00
0.337180	125.00
0.337200	125.00
0.337220	125.00
0.337240	125.00
0.337260	124.00
0.337280	124.00
0.337300	124.00
0.337320	124.00
0.337340	124.00
0.337360	125.00
0.337380	125.00
0.337400	125.00
0.337420	125.00
0.337440	125.00
0.337460	125.00
0.337480	126.00
0.337500	126.00
0.337520	126.00
0.337540	126.00
0.337560	126.00
0.337580	126.00
0.337600	125.00
0.337620	124.00
0.337640	123.00
0.337660	123.00
0.337680	123.00
0.337700	123.00
0.337720	122.00
0.337740	122.00
0.337760	122.00
0.337780	123.00
0.337800	125.00
0.337820	126.00
0.337840	128.00
0.337860	129.00
0.337880	130.00
0.337900	131.00
0.337920	132.00
0.337940	132.00
0.337960	132.00
0.337980	130.00
0.338000	128.00
0.338020	125.00
0.338040	123.00
0.338060	121.00
0.338080	119.00
0.338100	117.00
0.338120	115.00
0.338140	114.00
0.338160	114.00
0.338180	115.00
0.338200	117.00
0.338220	119.00
0.338240	123.00
0.338260	127.00
0.338280	132.00
0.338300	136.00
0.338320	140.00
0.338340	142.00
0.338360	143.00
0.338380	143.00
0.338400	141.00
0.338420	137.00
0.338440	131.00
0.338460	124.00
0.338480	115.00
0.338500	108.00
0.338520	101.00
0.338540	97.00
0.338560	95.00
0.338580	96.00
0.338600	100.00
0.338620	106.00
0.338640	114.00
0.338660	123.00
0.338680	134.00
0.338700	144.00
0.338720	152.00
0.338740	158.00
0.338760	162.00
0.338780	162.00
0.338800	158.00
0.338820	152.00
0.338840	144.00
0.338860	134.00
0.338880	123.00
0.338900	112.00
0.338920	102.00
0.338940	94.00
0.338960	89.00
0.338980	87.00
0.339000	89.00
0.339020	93.00
0.339040	101.00
0.339060	110.00
0.339080	120.00
0.339100	130.00
0.339120	139.00
0.339140	147.00
0.339160	153.00
0.339180	156.00
0.339200	156.00
0.339220	153.00
0.339240	148.00
0.339260	142.00
0.339280	135.00
0.339300	127.00
0.339320	119.00
0.339340	112.00
0.339360	107.00
0.339380	104.00
0.339400	102.00
0.339420	102.00
0.339440	104.00
0.339460	108.00
0.339480	113.00
0.339500	119.00
0.339520	125.00
0.339540	130.00
0.339560	135.00
0.339580	139.00
0.339600	141.00
0.339620	142.00
0.339640	141.00
0.339660	138.00
0.339680	135.00
0.339700	131.00
0.339720	127.00
0.339740	124.00
0.339760	120.00
0.339780	117.00
0.339800	115.00
0.339820	114.00
0.339840	114.00
0.339860	115.00
0.339880	117.00
0.339900	119.00
0.339920	121.00
0.339940	123.00
0.339960	126.00
0.339980	128.00
0.340000	130.00
0.340020	132.00
0.340040	132.00
0.340060	132.00
0.340080	131.00
0.340100	130.00
0.340120	128.00
0.340140	127.00
0.340160	125.00
0.340180	123.00
0.340200	121.00
0.340220	120.00
0.340240	120.00
0.340260	121.00
0.340280	121.00
0.340300	122.00
0.340320	122.00
0.340340	123.00
0.340360	124.00
0.340380	125.00
0.340400	126.00
0.340420	126.00
0.340440	127.00
0.340460	127.00
0.340480	127.00
0.340500	127.00
0.340520	127.00
0.340540	127.00
0.340560	126.00
0.340580	126.00
0.340600	125.00
0.340620	124.00
0.340640	123.00
0.340660	123.00
0.340680	123.00
0.340700	123.00
0.340720	123.00
0.340740	124.00
0.340760	124.00
0.340780	124.00
0.340800	125.00
0.340820	125.00
0.340840	126.00
0.340860	127.00
0.340880	127.00
0.340900	127.00
0.340920	127.00
0.340940	126.00
0.340960	126.00
0.340980	126.00
0.341000	125.00
0.341020	125.00
0.341040	125.00
0.341060	125.00
0.341080	125.00
0.341100	125.00
0.341120	125.00
0.341140	125.00
0.341160	125.00
0.341180	125.00
0.341200	125.00
0.341220	125.00
0.341240	125.00
0.341260	125.00
0.341280	125.00
0.341300	125.00
0.341320	125.00
0.341340	125.00
0.341360	125.00
0.341380	125.00
0.341400	125.00
0.341420	125.00
0.341440	125.00
0.341460	125.00
0.341480	125.00
0.341500	125.00
0.341520	125.00
0.341540	125.00
0.341560	125.00
0.341580	125.00
0.341600	125.00
0.341620	124.00
0.341640	124.00
0.341660	124.00
0.341680	125.00
0.341700	125.00
0.341720	124.00
0.341740	124.00
0.341760	124.00
0.341780	125.00
0.341800	125.00
0.341820	125.00
0.341840	125.00
0.341860	125.00
0.341880	125.00
0.341900	126.00
0.341920	126.00
0.341940	126.00
0.341960	126.00
0.341980	126.00
0.342000	126.00
0.342020	126.00
0.342040	125.00
0.342060	125.00
0.342080	124.00
0.342100	124.00
0.342120	124.00
0.342140	123.00
0.342160	123.00
0.342180	123.00
0.342200	124.00
0.342220	124.00
0.342240	125.00
0.342260	125.00
0.342280	125.00
0.342300	125.00
0.342320	125.00
0.342340	125.00
0.342360	125.00
0.342380	125.00
0.342400	126.00
0.342420	126.00
0.342440	126.00
0.342460	126.00
0.342480	125.00
0.342500	125.00
0.342520	124.00
0.342540	124.00
0.342560	124.00
0.342580	124.00
0.342600	124.00
0.342620	124.00
0.342640	124.00
0.342660	124.00
0.342680	124.00
0.342700	124.00
0.342720	124.00
0.342740	124.00
0.342760	125.00
0.342780	125.00
0.342800	125.00
0.342820	125.00
0.342840	125.00
0.342860	125.00
0.342880	126.00
0.342900	126.00
0.342920	126.00
0.342940	126.00
0.342960	125.00
0.342980	125.00
0.343000	125.00
0.343020	125.00
0.343040	124.00
0.343060	124.00
0.343080	125.00
0.343100	125.00
0.343120	125.00
0.343140	125.00
0.343160	125.00
0.343180	125.00
0.343200	125.00
0.343220	125.00
0.343240	125.00
0.343260	125.00
0.343280	126.00
0.343300	126.00
0.343320	126.00
0.343340	126.00
0.343360	125.00
0.343380	125.00
0.343400	125.00
0.343420	125.00
0.343440	125.00
0.343460	125.00
0.343480	125.00
0.343500	125.00
0.343520	125.00
0.343540	125.00
0.343560	125.00
0.343580	125.00
0.343600	125.00
0.343620	125.00
0.343640	125.00
0.343660	125.00
0.343680	125.00
0.343700	125.00
0.343720	125.00
0.343740	125.00
0.343760	125.00
0.343780	126.00
0.343800	125.00
0.343820	125.00
0.343840	124.00
0.343860	124.00
0.343880	123.00
0.343900	123.00
0.343920	122.00
0.343940	122.00
0.343960	122.00
0.343980	123.00
0.344000	124.00
0.344020	125.00
0.344040	126.00
0.344060	126.00
0.344080	127.00
0.344100	128.00
0.344120	128.00
0.344140	129.00
0.344160	129.00
0.344180	129.00
0.344200	128.00
0.344220	127.00
0.344240	125.00
0.344260	123.00
0.344280	122.00
0.344300	120.00
0.344320	119.00
0.344340	119.00
0.344360	118.00
0.344380	118.00
0.344400	118.00
0.344420	119.00
0.344440	121.00
0.344460	123.00
0.344480	125.00
0.344500	128.00
0.344520	131.00
0.344540	134.00
0.344560	136.00
0.344580	138.00
0.344600	138.00
0.344620	137.00
0.344640	134.00
0.344660	130.00
0.344680	125.00
0.344700	120.00
0.344720	115.00
0.344740	111.00
0.344760	108.00
0.344780	106.00
0.344800	106.00
0.344820	108.00
0.344840	112.00
0.344860	117.00
0.344880	123.00
0.344900	130.00
0.344920	136.00
0.344940	142.00
0.344960	146.00
0.344980	149.00
0.345000	149.00
0.345020	147.00
0.345040	143.00
0.345060	138.00
0.345080	132.00
0.345100	125.00
0.345120	118.00
0.345140	111.00
0.345160	106.00
0.345180	102.00
0.345200	101.00
0.345220	101.00
0.345240	104.00
0.345260	108.00
0.345280	114.00
0.345300	120.00
0.345320	126.00
0.345340	132.00
0.345360	137.00
0.345380	141.00
0.345400	144.00
0.345420	145.00
0.345440	144.00
0.345460	142.00
0.345480	138.00
0.345500	133.00
0.345520	128.00
0.345540	123.00
0.345560	119.00
0.345580	115.00
0.345600	112.00
0.345620	111.00
0.345640	110.00
0.345660	112.00
0.345680	114.00
0.345700	117.00
0.345720	120.00
0.345740	123.00
0.345760	127.00
0.345780	130.00
0.345800	132.00
0.345820	134.00
0.345840	134.00
0.345860	134.00
0.345880	133.00
0.345900	131.00
0.345920	129.00
0.345940	127.00
0.345960	125.00
0.345980	123.00
0.346000	121.00
0.346020	120.00
0.346040	119.00
0.346060	119.00
0.346080	120.00
0.346100	121.00
0.346120	122.00
0.346140	123.00
0.346160	124.00
0.346180	125.00
0.346200	126.00
0.346220	127.00
0.346240	128.00
0.346260	128.00
0.346280	129.00
0.346300	128.00
0.346320	128.00
0.346340	127.00
0.346360	127.00
0.346380	126.00
0.346400	125.00
0.346420	124.00
0.346440	123.00
0.346460	122.00
0.346480	122.00
0.346500	122.00
0.346520	122.00
0.346540	123.00
0.346560	123.00
0.346580	124.00
0.346600	125.00
0.346620	126.00
0.346640	126.00
0.346660	126.00
0.346680	126.00
0.346700	126.00
0.346720	126.00
0.346740	126.00
0.346760	126.00
0.346780	125.00
0.346800	125.00
0.346820	125.00
0.346840	124.00
0.346860	124.00
0.346880	124.00
0.346900	124.00
0.346920	124.00
0.346940	124.00
0.346960	124.00
0.346980	124.00
0.347000	124.00
0.347020	124.00
0.347040	124.00
0.347060	125.00
0.347080	125.00
0.347100	126.00
0.347120	126.00
0.347140	126.00
0.347160	126.00
0.347180	125.00
0.347200	125.00
0.347220	125.00
0.347240	125.00
0.347260	125.00
0.347280	125.00
0.347300	124.00
0.347320	124.00
0.347340	124.00
0.347360	124.00
0.347380	125.00
0.347400	125.00
0.347420	124.00
0.347440	125.00
0.347460	125.00
0.347480	125.00
0.347500	125.00
0.347520	125.00
0.347540	125.00
0.347560	125.00
0.347580	125.00
0.347600	125.00
0.347620	125.00
0.347640	125.00
0.347660	125.00
0.347680	125.00
0.347700	125.00
0.347720	125.00
0.347740	125.00
0.347760	125.00
0.347780	124.00
0.347800	124.00
0.347820	124.00
0.347840	124.00
0.347860	124.00
0.347880	125.00
0.347900	125.00
0.347920	125.00
0.347940	125.00
0.347960	125.00
0.347980	125.00
0.348000	124.00
0.348020	125.00
0.348040	125.00
0.348060	125.00
0.348080	125.00
0.348100	126.00
0.348120	126.00
0.348140	126.00
0.348160	126.00
0.348180	126.00
0.348200	125.00
0.348220	125.00
0.348240	125.00
0.348260	124.00
0.348280	124.00
0.348300	124.00
0.348320	124.00
0.348340	124.00
0.348360	124.00
0.348380	124.00
0.348400	124.00
0.348420	124.00
0.348440	124.00
0.348460	124.00
0.348480	125.00
0.348500	125.00
0.348520	125.00
0.348540	126.00
0.348560	126.00
0.348580	126.00
0.348600	126.00
0.348620	126.00
0.348640	125.00
0.348660	125.00
0.348680	125.00
0.348700	124.00
0.348720	124.00
0.348740	124.00
0.348760	124.00
0.348780	124.00
0.348800	125.00
0.348820	125.00
0.348840	125.00
0.348860	125.00
0.348880	125.00
0.348900	126.00
0.348920	126.00
0.348940	126.00
0.348960	126.00
0.348980	126.00
0.349000	126.00
0.349020	126.00
0.349040	125.00
0.349060	125.00
0.349080	125.00
0.349100	125.00
0.349120	125.00
0.349140	125.00
0.349160	125.00
0.349180	124.00
0.349200	124.00
0.349220	124.00
0.349240	124.00
0.349260	124.00
0.349280	124.00
0.349300	124.00
0.349320	125.00
0.349340	125.00
0.349360	125.00
0.349380	125.00
0.349400	125.00
0.349420	125.00
0.349440	125.00
0.349460	125.00
0.349480	125.00
0.349500	125.00
0.349520	125.00
0.349540	124.00
0.349560	124.00
0.349580	125.00
0.349600	125.00
0.349620	125.00
0.349640	125.00
0.349660	125.00
0.349680	125.00
0.349700	125.00
0.349720	126.00
0.349740	126.00
0.349760	126.00
0.349780	126.00
0.349800	125.00
0.349820	125.00
0.349840	125.00
0.349860	125.00
0.349880	125.00
0.349900	125.00
0.349920	125.00
0.349940	125.00
0.349960	125.00
0.349980	125.00
0.350000	124.00
0.350020	124.00
0.350040	123.00
0.350060	123.00
0.350080	123.00
0.350100	123.00
0.350120	123.00
0.350140	123.00
0.350160	124.00
0.350180	124.00
0.350200	124.00
0.350220	124.00
0.350240	125.00
0.350260	125.00
0.350280	126.00
0.350300	127.00
0.350320	127.00
0.350340	127.00
0.350360	127.00
0.350380	127.00
0.350400	127.00
0.350420	127.00
0.350440	126.00
0.350460	125.00
0.350480	124.00
0.350500	124.00
0.350520	123.00
0.350540	122.00
0.350560	122.00
0.350580	121.00
0.350600	121.00
0.350620	121.00
0.350640	121.00
0.350660	122.00
0.350680	124.00
0.350700	126.00
0.350720	128.00
0.350740	130.00
0.350760	131.00
0.350780	133.00
0.350800	133.00
0.350820	133.00
0.350840	132.00
0.350860	131.00
0.350880	128.00
0.350900	125.00
0.350920	122.00
0.350940	118.00
0.350960	115.00
0.350980	113.00
0.351000	112.00
0.351020	112.00
0.351040	114.00
0.351060	116.00
0.351080	120.00
0.351100	124.00
0.351120	128.00
0.351140	132.00
0.351160	135.00
0.351180	138.00
0.351200	140.00
0.351220	141.00
0.351240	140.00
0.351260	137.00
0.351280	134.00
0.351300	130.00
0.351320	126.00
0.351340	121.00
0.351360	116.00
0.351380	112.00
0.351400	109.00
0.351420	108.00
0.351440	108.00
0.351460	110.00
0.351480	113.00
0.351500	116.00
0.351520	120.00
0.351540	125.00
0.351560	129.00
0.351580	133.00
0.351600	136.00
0.351620	138.00
0.351640	139.00
0.351660	139.00
0.351680	138.00
0.351700	135.00
0.351720	131.00
0.351740	128.00
0.351760	124.00
0.351780	121.00
0.351800	118.00
0.351820	116.00
0.351840	115.00
0.351860	114.00
0.351880	115.00
0.351900	116.00
0.351920	118.00
0.351940	120.00
0.351960	123.00
0.351980	125.00
0.352000	128.00
0.352020	130.00
0.352040	131.00
0.352060	132.00
0.352080	132.00
0.352100	132.00
0.352120	131.00
0.352140	129.00
0.352160	127.00
0.352180	126.00
0.352200	124.00
0.352220	123.00
0.352240	122.00
0.352260	121.00
0.352280	120.00
0.352300	120.00
0.352320	120.00
0.352340	121.00
0.352360	122.00
0.352380	122.00
0.352400	123.00
0.352420	125.00
0.352440	126.00
0.352460	127.00
0.352480	127.00
0.352500	128.00
0.352520	128.00
0.352540	128.00
0.352560	127.00
0.352580	126.00
0.352600	125.00
0.352620	124.00
0.352640	124.00
0.352660	124.00
0.352680	124.00
0.352700	123.00
0.352720	123.00
0.352740	123.00
0.352760	123.00
0.352780	123.00
0.352800	124.00
0.352820	124.00
0.352840	124.00
0.352860	125.00
0.352880	125.00
0.352900	126.00
0.352920	126.00
0.352940	126.00
0.352960	126.00
0.352980	126.00
0.353000	126.00
0.353020	125.00
0.353040	125.00
0.353060	125.00
0.353080	124.00
0.353100	124.00
0.353120	124.00
0.353140	124.00
0.353160	124.00
0.353180	124.00
0.353200	124.00
0.353220	124.00
0.353240	125.00
0.353260	125.00
0.353280	125.00
0.353300	125.00
0.353320	126.00
0.353340	126.00
0.353360	125.00
0.353380	125.00
0.353400	125.00
0.353420	125.00
0.353440	125.00
0.353460	125.00
0.353480	125.00
0.353500	124.00
0.353520	124.00
0.353540	125.00
0.353560	125.00
0.353580	125.00
0.353600	125.00
0.353620	125.00
0.353640	125.00
0.353660	125.00
0.353680	125.00
0.353700	125.00
0.353720	125.00
0.353740	125.00
0.353760	125.00
0.353780	125.00
0.353800	125.00
0.353820	125.00
0.353840	125.00
0.353860	125.00
0.353880	125.00
0.353900	125.00
0.353920	125.00
0.353940	125.00
0.353960	125.00
0.353980	125.00
0.354000	125.00
0.354020	125.00
0.354040	125.00
0.354060	125.00
0.354080	125.00
0.354100	124.00
0.354120	125.00
0.354140	125.00
0.354160	125.00
0.354180	125.00
0.354200	125.00
0.354220	125.00
0.354240	126.00
0.354260	126.00
0.354280	126.00
0.354300	125.00
0.354320	125.00
0.354340	125.00
0.354360	125.00
0.354380	125.00
0.354400	124.00
0.354420	124.00
0.354440	125.00
0.354460	125.00
0.354480	125.00
0.354500	125.00
0.354520	124.00
0.354540	124.00
0.354560	124.00
0.354580	124.00
0.354600	123.00
0.354620	124.00
0.354640	124.00
0.354660	124.00
0.354680	125.00
0.354700	125.00
0.354720	125.00
0.354740	126.00
0.354760	126.00
0.354780	126.00
0.354800	126.00
0.354820	125.00
0.354840	125.00
0.354860	125.00
0.354880	125.00
0.354900	125.00
0.354920	124.00
0.354940	124.00
0.354960	124.00
0.354980	124.00
0.355000	124.00
0.355020	124.00
0.355040	124.00
0.355060	124.00
0.355080	125.00
0.355100	125.00
0.355120	125.00
0.355140	125.00
0.355160	126.00
0.355180	126.00
0.355200	126.00
0.355220	126.00
0.355240	125.00
0.355260	125.00
0.355280	125.00
0.355300	125.00
0.355320	124.00
0.355340	124.00
0.355360	124.00
0.355380	125.00
0.355400	125.00
0.355420	124.00
0.355440	124.00
0.355460	124.00
0.355480	124.00
0.355500	125.00
0.355520	125.00
0.355540	125.00
0.355560	125.00
0.355580	125.00
0.355600	125.00
0.355620	125.00
0.355640	125.00
0.355660	125.00
0.355680	125.00
0.355700	125.00
0.355720	125.00
0.355740	125.00
0.355760	125.00
0.355780	125.00
0.355800	125.00
0.355820	125.00
0.355840	125.00
0.355860	125.00
0.355880	125.00
0.355900	125.00
0.355920	125.00
0.355940	125.00
0.355960	125.00
0.355980	125.00
0.356000	125.00
0.356020	125.00
0.356040	125.00
0.356060	125.00
0.356080	124.00
0.356100	124.00
0.356120	124.00
0.356140	125.00
0.356160	125.00
0.356180	125.00
0.356200	125.00
0.356220	125.00
0.356240	126.00
0.356260	126.00
0.356280	125.00
0.356300	125.00
0.356320	124.00
0.356340	124.00
0.356360	124.00
0.356380	124.00
0.356400	124.00
0.356420	124.00
0.356440	124.00
0.356460	125.00
0.356480	125.00
0.356500	125.00
0.356520	126.00
0.356540	127.00
0.356560	127.00
0.356580	127.00
0.356600	127.00
0.356620	126.00
0.356640	126.00
0.356660	126.00
0.356680	125.00
0.356700	124.00
0.356720	123.00
0.356740	122.00
0.356760	122.00
0.356780	122.00
0.356800	122.00
0.356820	122.00
0.356840	122.00
0.356860	122.00
0.356880	123.00
0.356900	124.00
0.356920	126.00
0.356940	127.00
0.356960	128.00
0.356980	129.00
0.357000	130.00
0.357020	131.00
0.357040	131.00
0.357060	130.00
0.357080	129.00
0.357100	127.00
0.357120	125.00
0.357140	123.00
0.357160	121.00
0.357180	118.00
0.357200	117.00
0.357220	116.00
0.357240	116.00
0.357260	117.00
0.357280	119.00
0.357300	121.00
0.357320	124.00
0.357340	126.00
0.357360	130.00
0.357380	133.00
0.357400	135.00
0.357420	136.00
0.357440	137.00
0.357460	136.00
0.357480	135.00
0.357500	132.00
0.357520	128.00
0.357540	124.00
0.357560	121.00
0.357580	118.00
0.357600	116.00
0.357620	114.00
0.357640	113.00
0.357660	113.00
0.357680	114.00
0.357700	116.00
0.357720	119.00
0.357740	122.00
0.357760	125.00
0.357780	128.00
0.357800	131.00
0.357820	133.00
0.357840	135.00
0.357860	135.00
0.357880	135.00
0.357900	134.00
0.357920	132.00
0.357940	130.00
0.357960	128.00
0.357980	125.00
0.358000	122.00
0.358020	120.00
0.358040	119.00
0.358060	118.00
0.358080	117.00
0.358100	117.00
0.358120	118.00
0.358140	119.00
0.358160	121.00
0.358180	123.00
0.358200	125.00
0.358220	127.00
0.358240	128.00
0.358260	129.00
0.358280	130.00
0.358300	130.00
0.358320	130.00
0.358340	129.00
0.358360	128.00
0.358380	127.00
0.358400	125.00
0.358420	124.00
0.358440	122.00
0.358460	122.00
0.358480	121.00
0.358500	122.00
0.358520	122.00
0.358540	122.00
0.358560	123.00
0.358580	123.00
0.358600	124.00
0.358620	124.00
0.358640	125.00
0.358660	126.00
0.358680	127.00
0.358700	127.00
0.358720	127.00
0.358740	127.00
0.358760	127.00
0.358780	126.00
0.358800	126.00
0.358820	126.00
0.358840	125.00
0.358860	125.00
0.358880	124.00
0.358900	123.00
0.358920	123.00
0.358940	124.00
0.358960	124.00
0.358980	124.00
0.359000	124.00
0.359020	124.00
0.359040	124.00
0.359060	124.00
0.359080	125.00
0.359100	126.00
0.359120	126.00
0.359140	126.00
0.359160	126.00
0.359180	126.00
0.359200	126.00
0.359220	125.00
0.359240	125.00
0.359260	124.00
0.359280	124.00
0.359300	124.00
0.359320	124.00
0.359340	124.00
0.359360	124.00
0.359380	124.00
0.359400	124.00
0.359420	125.00
0.359440	125.00
0.359460	125.00
0.359480	125.00
0.359500	125.00
0.359520	125.00
0.359540	125.00
0.359560	125.00
0.359580	125.00
0.359600	125.00
0.359620	125.00
0.359640	125.00
0.359660	125.00
0.359680	125.00
0.359700	125.00
0.359720	124.00
0.359740	124.00
0.359760	124.00
0.359780	124.00
0.359800	124.00
0.359820	124.00
0.359840	124.00
0.359860	124.00
0.359880	124.00
0.359900	124.00
0.359920	124.00
0.359940	125.00
0.359960	125.00
0.359980	126.00
