0.320000	101.00
0.320020	49.00
0.320040	102.00
0.320060	141.00
0.320080	144.00
0.320100	125.00
0.320120	113.00
0.320140	119.00
0.320160	131.00
0.320180	133.00
0.320200	125.00
0.320220	118.00
0.320240	121.00
0.320260	128.00
0.320280	130.00
0.320300	125.00
0.320320	120.00
0.320340	122.00
0.320360	127.00
0.320380	129.00
0.320400	124.00
0.320420	121.00
0.320440	122.00
0.320460	126.00
0.320480	127.00
0.320500	125.00
0.320520	122.00
0.320540	123.00
0.320560	127.00
0.320580	127.00
0.320600	124.00
0.320620	122.00
0.320640	123.00
0.320660	126.00
0.320680	128.00
0.320700	125.00
0.320720	123.00
0.320740	123.00
0.320760	125.00
0.320780	126.00
0.320800	124.00
0.320820	123.00
0.320840	124.00
0.320860	126.00
0.320880	126.00
0.320900	124.00
0.320920	122.00
0.320940	123.00
0.320960	126.00
0.320980	127.00
0.321000	125.00
0.321020	123.00
0.321040	124.00
0.321060	125.00
0.321080	126.00
0.321100	125.00
0.321120	124.00
0.321140	124.00
0.321160	126.00
0.321180	127.00
0.321200	125.00
0.321220	124.00
0.321240	124.00
0.321260	125.00
0.321280	125.00
0.321300	124.00
0.321320	123.00
0.321340	124.00
0.321360	125.00
0.321380	126.00
0.321400	125.00
0.321420	124.00
0.321440	124.00
0.321460	126.00
0.321480	126.00
0.321500	125.00
0.321520	124.00
0.321540	124.00
0.321560	125.00
0.321580	125.00
0.321600	124.00
0.321620	124.00
0.321640	124.00
0.321660	125.00
0.321680	125.00
0.321700	124.00
0.321720	123.00
0.321740	124.00
0.321760	125.00
0.321780	126.00
0.321800	125.00
0.321820	124.00
0.321840	125.00
0.321860	126.00
0.321880	126.00
0.321900	125.00
0.321920	125.00
0.321940	125.00
0.321960	125.00
0.321980	125.00
0.322000	124.00
0.322020	123.00
0.322040	124.00
0.322060	125.00
0.322080	125.00
0.322100	124.00
0.322120	124.00
0.322140	125.00
0.322160	126.00
0.322180	126.00
0.322200	125.00
0.322220	124.00
0.322240	124.00
0.322260	125.00
0.322280	125.00
0.322300	124.00
0.322320	123.00
0.322340	123.00
0.322360	124.00
0.322380	125.00
0.322400	124.00
0.322420	124.00
0.322440	124.00
0.322460	125.00
0.322480	126.00
0.322500	125.00
0.322520	125.00
0.322540	125.00
0.322560	125.00
0.322580	125.00
0.322600	125.00
0.322620	124.00
0.322640	124.00
0.322660	125.00
0.322680	125.00
0.322700	125.00
0.322720	124.00
0.322740	125.00
0.322760	125.00
0.322780	126.00
0.322800	125.00
0.322820	125.00
0.322840	124.00
0.322860	125.00
0.322880	125.00
0.322900	125.00
0.322920	124.00
0.322940	125.00
0.322960	125.00
0.322980	125.00
0.323000	124.00
0.323020	124.00
0.323040	125.00
0.323060	126.00
0.323080	126.00
0.323100	125.00
0.323120	124.00
0.323140	124.00
0.323160	125.00
0.323180	125.00
0.323200	124.00
0.323220	124.00
0.323240	124.00
0.323260	125.00
0.323280	125.00
0.323300	124.00
0.323320	124.00
0.323340	124.00
0.323360	125.00
0.323380	125.00
0.323400	124.00
0.323420	124.00
0.323440	124.00
0.323460	125.00
0.323480	126.00
0.323500	125.00
0.323520	125.00
0.323540	125.00
0.323560	125.00
0.323580	125.00
0.323600	125.00
0.323620	125.00
0.323640	125.00
0.323660	125.00
0.323680	125.00
0.323700	124.00
0.323720	124.00
0.323740	125.00
0.323760	126.00
0.323780	126.00
0.323800	125.00
0.323820	125.00
0.323840	125.00
0.323860	126.00
0.323880	125.00
0.323900	125.00
0.323920	124.00
0.323940	124.00
0.323960	124.00
0.323980	125.00
0.324000	124.00
0.324020	124.00
0.324040	124.00
0.324060	125.00
0.324080	125.00
0.324100	124.00
0.324120	124.00
0.324140	124.00
0.324160	125.00
0.324180	125.00
0.324200	125.00
0.324220	125.00
0.324240	124.00
0.324260	125.00
0.324280	125.00
0.324300	125.00
0.324320	125.00
0.324340	125.00
0.324360	125.00
0.324380	125.00
0.324400	124.00
0.324420	124.00
0.324440	124.00
0.324460	125.00
0.324480	126.00
0.324500	125.00
0.324520	125.00
0.324540	125.00
0.324560	125.00
0.324580	125.00
0.324600	125.00
0.324620	125.00
0.324640	125.00
0.324660	125.00
0.324680	124.00
0.324700	124.00
0.324720	124.00
0.324740	124.00
0.324760	125.00
0.324780	126.00
0.324800	125.00
0.324820	125.00
0.324840	125.00
0.324860	126.00
0.324880	126.00
0.324900	125.00
0.324920	125.00
0.324940	125.00
0.324960	125.00
0.324980	125.00
0.325000	125.00
0.325020	125.00
0.325040	125.00
0.325060	125.00
0.325080	125.00
0.325100	124.00
0.325120	123.00
0.325140	123.00
0.325160	122.00
0.325180	121.00
0.325200	120.00
0.325220	120.00
0.325240	121.00
0.325260	124.00
0.325280	126.00
0.325300	129.00
0.325320	132.00
0.325340	136.00
0.325360	141.00
0.325380	144.00
0.325400	146.00
0.325420	146.00
0.325440	142.00
0.325460	136.00
0.325480	128.00
0.325500	117.00
0.325520	107.00
0.325540	98.00
0.325560	91.00
0.325580	85.00
0.325600	80.00
0.325620	79.00
0.325640	83.00
0.325660	92.00
0.325680	105.00
0.325700	121.00
0.325720	139.00
0.325740	157.00
0.325760	173.00
0.325780	184.00
0.325800	191.00
0.325820	194.00
0.325840	193.00
0.325860	187.00
0.325880	175.00
0.325900	155.00
0.325920	130.00
0.325940	102.00
0.325960	72.00
0.325980	44.00
0.326000	22.00
0.326020	8.00
0.326040	4.00
0.326060	10.00
0.326080	26.00
0.326100	54.00
0.326120	92.00
0.326140	139.00
0.326160	185.00
0.326180	223.00
0.326200	246.00
0.326220	255.00
0.326240	255.00
0.326260	252.00
0.326280	240.00
0.326300	216.00
0.326320	175.00
0.326340	118.00
0.326360	60.00
0.326380	15.00
0.326400	0.00
0.326420	0.00
0.326440	5.00
0.326460	7.00
0.326480	0.00
0.326500	0.00
0.326520	10.00
0.326540	59.00
0.326560	128.00
0.326580	194.00
0.326600	238.00
0.326620	255.00
0.326640	255.00
0.326660	255.00
0.326680	255.00
0.326700	254.00
0.326720	240.00
0.326740	209.00
0.326760	160.00
0.326780	101.00
0.326800	46.00
0.326820	9.00
0.326840	0.00
0.326860	0.00
0.326880	4.00
0.326900	2.00
0.326920	0.00
0.326940	3.00
0.326960	30.00
0.326980	78.00
0.327000	134.00
0.327020	183.00
0.327040	217.00
0.327060	236.00
0.327080	245.00
0.327100	246.00
0.327120	241.00
0.327140	228.00
0.327160	207.00
0.327180	179.00
0.327200	145.00
0.327220	110.00
0.327240	76.00
0.327260	48.00
0.327280	29.00
0.327300	19.00
0.327320	17.00
0.327340	24.00
0.327360	40.00
0.327380	62.00
0.327400	88.00
0.327420	114.00
0.327440	139.00
0.327460	162.00
0.327480	179.00
0.327500	190.00
0.327520	194.00
0.327540	192.00
0.327560	185.00
0.327580	174.00
0.327600	160.00
0.327620	143.00
0.327640	126.00
0.327660	111.00
0.327680	98.00
0.327700	88.00
0.327720	82.00
0.327740	79.00
0.327760	81.00
0.327780	86.00
0.327800	94.00
0.327820	104.00
0.327840	115.00
0.327860	126.00
0.327880	136.00
0.327900	145.00
0.327920	150.00
0.327940	153.00
0.327960	153.00
0.327980	151.00
0.328000	148.00
0.328020	142.00
0.328040	136.00
0.328060	129.00
0.328080	122.00
0.328100	116.00
0.328120	112.00
0.328140	109.00
0.328160	107.00
0.328180	107.00
0.328200	109.00
0.328220	111.00
0.328240	115.00
0.328260	119.00
0.328280	123.00
0.328300	127.00
0.328320	130.00
0.328340	133.00
0.328360	135.00
0.328380	136.00
0.328400	136.00
0.328420	135.00
0.328440	134.00
0.328460	132.00
0.328480	129.00
0.328500	126.00
0.328520	123.00
0.328540	121.00
0.328560	120.00
0.328580	119.00
0.328600	118.00
0.328620	118.00
0.328640	118.00
0.328660	119.00
0.328680	121.00
0.328700	123.00
0.328720	125.00
0.328740	126.00
0.328760	128.00
0.328780	129.00
0.328800	130.00
0.328820	130.00
0.328840	129.00
0.328860	129.00
0.328880	128.00
0.328900	127.00
0.328920	126.00
0.328940	125.00
0.328960	124.00
0.328980	124.00
0.329000	123.00
0.329020	123.00
0.329040	123.00
0.329060	123.00
0.329080	123.00
0.329100	124.00
0.329120	124.00
0.329140	125.00
0.329160	126.00
0.329180	126.00
0.329200	126.00
0.329220	126.00
0.329240	126.00
0.329260	127.00
0.329280	127.00
0.329300	126.00
0.329320	126.00
0.329340	125.00
0.329360	125.00
0.329380	125.00
0.329400	124.00
0.329420	124.00
0.329440	124.00
0.329460	124.00
0.329480	124.00
0.329500	124.00
0.329520	124.00
0.329540	124.00
0.329560	125.00
0.329580	125.00
0.329600	125.00
0.329620	125.00
0.329640	126.00
0.329660	126.00
0.329680	126.00
0.329700	126.00
0.329720	125.00
0.329740	125.00
0.329760	125.00
0.329780	125.00
0.329800	125.00
0.329820	124.00
0.329840	124.00
0.329860	124.00
0.329880	124.00
0.329900	124.00
0.329920	124.00
0.329940	124.00
0.329960	124.00
0.329980	125.00
0.330000	126.00
0.330020	126.00
0.330040	125.00
0.330060	125.00
0.330080	125.00
0.330100	126.00
0.330120	126.00
0.330140	126.00
0.330160	126.00
0.330180	125.00
0.330200	125.00
0.330220	125.00
0.330240	125.00
0.330260	125.00
0.330280	125.00
0.330300	125.00
0.330320	125.00
0.330340	125.00
0.330360	125.00
0.330380	125.00
0.330400	125.00
0.330420	125.00
0.330440	125.00
0.330460	126.00
0.330480	125.00
0.330500	125.00
0.330520	125.00
0.330540	125.00
0.330560	125.00
0.330580	125.00
0.330600	125.00
0.330620	125.00
0.330640	125.00
0.330660	125.00
0.330680	125.00
0.330700	125.00
0.330720	124.00
0.330740	125.00
0.330760	125.00
0.330780	126.00
0.330800	125.00
0.330820	125.00
0.330840	124.00
0.330860	124.00
0.330880	124.00
0.330900	124.00
0.330920	124.00
0.330940	125.00
0.330960	125.00
0.330980	125.00
0.331000	125.00
0.331020	125.00
0.331040	125.00
0.331060	125.00
0.331080	125.00
0.331100	125.00
0.331120	125.00
0.331140	125.00
0.331160	125.00
0.331180	124.00
0.331200	124.00
0.331220	125.00
0.331240	125.00
0.331260	125.00
0.331280	125.00
0.331300	125.00
0.331320	125.00
0.331340	125.00
0.331360	125.00
0.331380	125.00
0.331400	126.00
0.331420	126.00
0.331440	126.00
0.331460	126.00
0.331480	126.00
0.331500	125.00
0.331520	124.00
0.331540	123.00
0.331560	122.00
0.331580	121.00
0.331600	120.00
0.331620	119.00
0.331640	119.00
0.331660	120.00
0.331680	122.00
0.331700	124.00
0.331720	126.00
0.331740	129.00
0.331760	132.00
0.331780	134.00
0.331800	136.00
0.331820	137.00
0.331840	137.00
0.331860	135.00
0.331880	132.00
0.331900	129.00
0.331920	125.00
0.331940	120.00
0.331960	116.00
0.331980	113.00
0.332000	110.00
0.332020	108.00
0.332040	108.00
0.332060	108.00
0.332080	110.00
0.332100	113.00
0.332120	118.00
0.332140	124.00
0.332160	132.00
0.332180	139.00
0.332200	146.00
0.332220	151.00
0.332240	155.00
0.332260	156.00
0.332280	154.00
0.332300	149.00
0.332320	141.00
0.332340	131.00
0.332360	119.00
0.332380	107.00
0.332400	95.00
0.332420	85.00
0.332440	79.00
0.332460	76.00
0.332480	79.00
0.332500	85.00
0.332520	96.00
0.332540	110.00
0.332560	126.00
0.332580	143.00
0.332600	158.00
0.332620	170.00
0.332640	179.00
0.332660	183.00
0.332680	182.00
0.332700	176.00
0.332720	165.00
0.332740	151.00
0.332760	134.00
0.332780	116.00
0.332800	99.00
0.332820	83.00
0.332840	71.00
0.332860	65.00
0.332880	63.00
0.332900	66.00
0.332920	75.00
0.332940	87.00
0.332960	103.00
0.332980	120.00
0.333000	137.00
0.333020	151.00
0.333040	164.00
0.333060	172.00
0.333080	177.00
0.333100	176.00
0.333120	172.00
0.333140	163.00
0.333160	153.00
0.333180	140.00
0.333200	126.00
0.333220	113.00
0.333240	102.00
0.333260	93.00
0.333280	87.00
0.333300	84.00
0.333320	85.00
0.333340	90.00
0.333360	97.00
0.333380	106.00
0.333400	116.00
0.333420	126.00
0.333440	135.00
0.333460	143.00
0.333480	148.00
0.333500	152.00
0.333520	153.00
0.333540	152.00
0.333560	148.00
0.333580	143.00
0.333600	137.00
0.333620	131.00
0.333640	124.00
0.333660	118.00
0.333680	113.00
0.333700	109.00
0.333720	107.00
0.333740	107.00
0.333760	108.00
0.333780	111.00
0.333800	115.00
0.333820	119.00
0.333840	123.00
0.333860	127.00
0.333880	131.00
0.333900	133.00
0.333920	135.00
0.333940	136.00
0.333960	136.00
0.333980	135.00
0.334000	133.00
0.334020	131.00
0.334040	128.00
0.334060	126.00
0.334080	124.00
0.334100	121.00
0.334120	119.00
0.334140	118.00
0.334160	118.00
0.334180	118.00
0.334200	118.00
0.334220	119.00
0.334240	120.00
0.334260	123.00
0.334280	125.00
0.334300	127.00
0.334320	128.00
0.334340	129.00
0.334360	129.00
0.334380	130.00
0.334400	130.00
0.334420	130.00
0.334440	129.00
0.334460	127.00
0.334480	126.00
0.334500	125.00
0.334520	124.00
0.334540	124.00
0.334560	123.00
0.334580	123.00
0.334600	122.00
0.334620	122.00
0.334640	122.00
0.334660	123.00
0.334680	124.00
0.334700	124.00
0.334720	125.00
0.334740	125.00
0.334760	126.00
0.334780	127.00
0.334800	128.00
0.334820	127.00
0.334840	127.00
0.334860	126.00
0.334880	126.00
0.334900	126.00
0.334920	126.00
0.334940	125.00
0.334960	124.00
0.334980	124.00
0.335000	124.00
0.335020	124.00
0.335040	124.00
0.335060	124.00
0.335080	124.00
0.335100	124.00
0.335120	124.00
0.335140	124.00
0.335160	124.00
0.335180	125.00
0.335200	125.00
0.335220	125.00
0.335240	125.00
0.335260	125.00
0.335280	125.00
0.335300	125.00
0.335320	125.00
0.335340	125.00
0.335360	125.00
0.335380	125.00
0.335400	125.00
0.335420	125.00
0.335440	125.00
0.335460	125.00
0.335480	125.00
0.335500	125.00
0.335520	125.00
0.335540	125.00
0.335560	125.00
0.335580	125.00
0.335600	125.00
0.335620	125.00
0.335640	125.00
0.335660	125.00
0.335680	125.00
0.335700	125.00
0.335720	125.00
0.335740	125.00
0.335760	126.00
0.335780	126.00
0.335800	125.00
0.335820	125.00
0.335840	125.00
0.335860	125.00
0.335880	126.00
0.335900	126.00
0.335920	125.00
0.335940	125.00
0.335960	125.00
0.335980	125.00
0.336000	125.00
0.336020	125.00
0.336040	124.00
0.336060	124.00
0.336080	124.00
0.336100	124.00
0.336120	124.00
0.336140	124.00
0.336160	124.00
0.336180	125.00
0.336200	125.00
0.336220	125.00
0.336240	125.00
0.336260	125.00
0.336280	125.00
0.336300	125.00
0.336320	125.00
0.336340	125.00
0.336360	125.00
0.336380	125.00
0.336400	125.00
0.336420	125.00
0.336440	125.00
0.336460	124.00
0.336480	124.00
0.336500	124.00
0.336520	124.00
0.336540	124.00
0.336560	124.00
0.336580	124.00
0.336600	125.00
0.336620	125.00
0.336640	125.00
0.336660	125.00
0.336680	125.00
0.336700	125.00
0.336720	125.00
0.336740	125.00
0.336760	124.00
0.336780	124.00
0.336800	125.00
0.336820	125.00
0.336840	125.00
0.336860	125.00
0.336880	125.00
0.336900	124.00
0.336920	124.00
0.336940	124.00
0.336960	125.00
0.336980	125.00
0.337000	125.00
0.337020	125.00
0.337040	125.00
0.337060	125.00
0.337080	125.00
0.337100	125.00
0.337120	125.00
0.337140	125.00
0.337160	125.00
0.337180	125.00
0.337200	125.00
0.337220	125.00
0.337240	125.00
0.337260	125.00
0.337280	125.00
0.337300	125.00
0.337320	125.00
0.337340	125.00
0.337360	125.00
0.337380	125.00
0.337400	125.00
0.337420	125.00
0.337440	125.00
0.337460	125.00
0.337480	125.00
0.337500	125.00
0.337520	125.00
0.337540	125.00
0.337560	125.00
0.337580	125.00
0.337600	125.00
0.337620	125.00
0.337640	125.00
0.337660	126.00
0.337680	126.00
0.337700	126.00
0.337720	126.00
0.337740	125.00
0.337760	124.00
0.337780	123.00
0.337800	122.00
0.337820	122.00
0.337840	121.00
0.337860	122.00
0.337880	122.00
0.337900	123.00
0.337920	124.00
0.337940	125.00
0.337960	127.00
0.337980	129.00
0.338000	130.00
0.338020	131.00
0.338040	131.00
0.338060	131.00
0.338080	131.00
0.338100	130.00
0.338120	127.00
0.338140	125.00
0.338160	122.00
0.338180	120.00
0.338200	118.00
0.338220	116.00
0.338240	115.00
0.338260	114.00
0.338280	114.00
0.338300	115.00
0.338320	117.00
0.338340	120.00
0.338360	124.00
0.338380	129.00
0.338400	133.00
0.338420	137.00
0.338440	140.00
0.338460	142.00
0.338480	143.00
0.338500	143.00
0.338520	140.00
0.338540	136.00
0.338560	130.00
0.338580	122.00
0.338600	114.00
0.338620	107.00
0.338640	101.00
0.338660	97.00
0.338680	96.00
0.338700	97.00
0.338720	102.00
0.338740	108.00
0.338760	117.00
0.338780	127.00
0.338800	136.00
0.338820	146.00
0.338840	153.00
0.338860	159.00
0.338880	161.00
0.338900	160.00
0.338920	156.00
0.338940	150.00
0.338960	141.00
0.338980	130.00
0.339000	119.00
0.339020	109.00
0.339040	100.00
0.339060	93.00
0.339080	89.00
0.339100	88.00
0.339120	90.00
0.339140	96.00
0.339160	104.00
0.339180	113.00
0.339200	123.00
0.339220	132.00
0.339240	141.00
0.339260	148.00
0.339280	153.00
0.339300	155.00
0.339320	154.00
0.339340	152.00
0.339360	147.00
0.339380	140.00
0.339400	133.00
0.339420	125.00
0.339440	118.00
0.339460	111.00
0.339480	106.00
0.339500	103.00
0.339520	102.00
0.339540	103.00
0.339560	106.00
0.339580	110.00
0.339600	115.00
0.339620	121.00
0.339640	126.00
0.339660	131.00
0.339680	135.00
0.339700	138.00
0.339720	140.00
0.339740	140.00
0.339760	139.00
0.339780	137.00
0.339800	134.00
0.339820	131.00
0.339840	127.00
0.339860	123.00
0.339880	120.00
0.339900	117.00
0.339920	116.00
0.339940	115.00
0.339960	115.00
0.339980	116.00
0.340000	117.00
0.340020	119.00
0.340040	122.00
0.340060	124.00
0.340080	126.00
0.340100	128.00
0.340120	130.00
0.340140	132.00
0.340160	132.00
0.340180	132.00
0.340200	131.00
0.340220	130.00
0.340240	128.00
0.340260	127.00
0.340280	126.00
0.340300	125.00
0.340320	123.00
0.340340	122.00
0.340360	121.00
0.340380	121.00
0.340400	121.00
0.340420	121.00
0.340440	122.00
0.340460	123.00
0.340480	124.00
0.340500	125.00
0.340520	126.00
0.340540	126.00
0.340560	127.00
0.340580	127.00
0.340600	128.00
0.340620	127.00
0.340640	127.00
0.340660	127.00
0.340680	126.00
0.340700	126.00
0.340720	126.00
0.340740	125.00
0.340760	124.00
0.340780	124.00
0.340800	123.00
0.340820	123.00
0.340840	123.00
0.340860	123.00
0.340880	124.00
0.340900	124.00
0.340920	124.00
0.340940	125.00
0.340960	125.00
0.340980	126.00
0.341000	126.00
0.341020	125.00
0.341040	125.00
0.341060	125.00
0.341080	125.00
0.341100	126.00
0.341120	126.00
0.341140	125.00
0.341160	125.00
0.341180	125.00
0.341200	125.00
0.341220	125.00
0.341240	125.00
0.341260	125.00
0.341280	124.00
0.341300	124.00
0.341320	124.00
0.341340	125.00
0.341360	125.00
0.341380	125.00
0.341400	125.00
0.341420	125.00
0.341440	125.00
0.341460	125.00
0.341480	125.00
0.341500	125.00
0.341520	125.00
0.341540	125.00
0.341560	125.00
0.341580	125.00
0.341600	125.00
0.341620	124.00
0.341640	124.00
0.341660	124.00
0.341680	125.00
0.341700	125.00
0.341720	124.00
0.341740	124.00
0.341760	125.00
0.341780	125.00
0.341800	124.00
0.341820	124.00
0.341840	124.00
0.341860	124.00
0.341880	125.00
0.341900	125.00
0.341920	125.00
0.341940	125.00
0.341960	125.00
0.341980	126.00
0.342000	126.00
0.342020	126.00
0.342040	126.00
0.342060	126.00
0.342080	126.00
0.342100	126.00
0.342120	125.00
0.342140	125.00
0.342160	124.00
0.342180	124.00
0.342200	124.00
0.342220	124.00
0.342240	124.00
0.342260	123.00
0.342280	123.00
0.342300	124.00
0.342320	124.00
0.342340	124.00
0.342360	124.00
0.342380	125.00
0.342400	125.00
0.342420	126.00
0.342440	126.00
0.342460	127.00
0.342480	127.00
0.342500	127.00
0.342520	126.00
0.342540	126.00
0.342560	126.00
0.342580	126.00
0.342600	126.00
0.342620	126.00
0.342640	125.00
0.342660	125.00
0.342680	124.00
0.342700	124.00
0.342720	123.00
0.342740	123.00
0.342760	123.00
0.342780	124.00
0.342800	124.00
0.342820	124.00
0.342840	124.00
0.342860	125.00
0.342880	125.00
0.342900	126.00
0.342920	126.00
0.342940	125.00
0.342960	125.00
0.342980	125.00
0.343000	125.00
0.343020	125.00
0.343040	125.00
0.343060	125.00
0.343080	125.00
0.343100	125.00
0.343120	125.00
0.343140	125.00
0.343160	125.00
0.343180	125.00
0.343200	125.00
0.343220	125.00
0.343240	125.00
0.343260	124.00
0.343280	124.00
0.343300	124.00
0.343320	125.00
0.343340	125.00
0.343360	125.00
0.343380	125.00
0.343400	125.00
0.343420	125.00
0.343440	125.00
0.343460	125.00
0.343480	125.00
0.343500	125.00
0.343520	125.00
0.343540	124.00
0.343560	125.00
0.343580	125.00
0.343600	125.00
0.343620	125.00
0.343640	125.00
0.343660	125.00
0.343680	125.00
0.343700	126.00
0.343720	126.00
0.343740	125.00
0.343760	125.00
0.343780	125.00
0.343800	125.00
0.343820	125.00
0.343840	125.00
0.343860	126.00
0.343880	126.00
0.343900	126.00
0.343920	125.00
0.343940	125.00
0.343960	125.00
0.343980	124.00
0.344000	124.00
0.344020	124.00
0.344040	123.00
0.344060	124.00
0.344080	124.00
0.344100	124.00
0.344120	125.00
0.344140	125.00
0.344160	126.00
0.344180	127.00
0.344200	128.00
0.344220	129.00
0.344240	129.00
0.344260	129.00
0.344280	129.00
0.344300	128.00
0.344320	127.00
0.344340	126.00
0.344360	125.00
0.344380	123.00
0.344400	121.00
0.344420	120.00
0.344440	119.00
0.344460	118.00
0.344480	118.00
0.344500	118.00
0.344520	119.00
0.344540	120.00
0.344560	122.00
0.344580	124.00
0.344600	127.00
0.344620	130.00
0.344640	133.00
0.344660	135.00
0.344680	136.00
0.344700	137.00
0.344720	137.00
0.344740	135.00
0.344760	132.00
0.344780	128.00
0.344800	123.00
0.344820	118.00
0.344840	114.00
0.344860	110.00
0.344880	108.00
0.344900	107.00
0.344920	107.00
0.344940	110.00
0.344960	115.00
0.344980	120.00
0.345000	126.00
0.345020	132.00
0.345040	138.00
0.345060	142.00
0.345080	146.00
0.345100	148.00
0.345120	147.00
0.345140	144.00
0.345160	140.00
0.345180	134.00
0.345200	128.00
0.345220	121.00
0.345240	115.00
0.345260	109.00
0.345280	105.00
0.345300	103.00
0.345320	102.00
0.345340	103.00
0.345360	106.00
0.345380	111.00
0.345400	117.00
0.345420	123.00
0.345440	129.00
0.345460	135.00
0.345480	139.00
0.345500	142.00
0.345520	144.00
0.345540	144.00
0.345560	142.00
0.345580	140.00
0.345600	136.00
0.345620	131.00
0.345640	126.00
0.345660	121.00
0.345680	117.00
0.345700	114.00
0.345720	112.00
0.345740	111.00
0.345760	112.00
0.345780	113.00
0.345800	115.00
0.345820	118.00
0.345840	122.00
0.345860	125.00
0.345880	129.00
0.345900	131.00
0.345920	133.00
0.345940	134.00
0.345960	134.00
0.345980	134.00
0.346000	133.00
0.346020	131.00
0.346040	129.00
0.346060	126.00
0.346080	124.00
0.346100	122.00
0.346120	121.00
0.346140	119.00
0.346160	119.00
0.346180	119.00
0.346200	119.00
0.346220	120.00
0.346240	121.00
0.346260	123.00
0.346280	125.00
0.346300	126.00
0.346320	127.00
0.346340	128.00
0.346360	128.00
0.346380	128.00
0.346400	128.00
0.346420	128.00
0.346440	127.00
0.346460	127.00
0.346480	126.00
0.346500	125.00
0.346520	125.00
0.346540	124.00
0.346560	123.00
0.346580	122.00
0.346600	122.00
0.346620	122.00
0.346640	123.00
0.346660	123.00
0.346680	123.00
0.346700	124.00
0.346720	124.00
0.346740	125.00
0.346760	126.00
0.346780	126.00
0.346800	126.00
0.346820	126.00
0.346840	126.00
0.346860	126.00
0.346880	126.00
0.346900	126.00
0.346920	125.00
0.346940	125.00
0.346960	124.00
0.346980	124.00
0.347000	123.00
0.347020	123.00
0.347040	123.00
0.347060	124.00
0.347080	124.00
0.347100	125.00
0.347120	125.00
0.347140	125.00
0.347160	125.00
0.347180	125.00
0.347200	126.00
0.347220	126.00
0.347240	125.00
0.347260	125.00
0.347280	125.00
0.347300	125.00
0.347320	125.00
0.347340	125.00
0.347360	125.00
0.347380	125.00
0.347400	125.00
0.347420	125.00
0.347440	125.00
0.347460	125.00
0.347480	124.00
0.347500	124.00
0.347520	124.00
0.347540	124.00
0.347560	125.00
0.347580	125.00
0.347600	125.00
0.347620	125.00
0.347640	125.00
0.347660	125.00
0.347680	125.00
0.347700	125.00
0.347720	125.00
0.347740	125.00
0.347760	125.00
0.347780	125.00
0.347800	125.00
0.347820	125.00
0.347840	125.00
0.347860	126.00
0.347880	126.00
0.347900	126.00
0.347920	125.00
0.347940	124.00
0.347960	124.00
0.347980	124.00
0.348000	124.00
0.348020	124.00
0.348040	124.00
0.348060	124.00
0.348080	124.00
0.348100	125.00
0.348120	125.00
0.348140	125.00
0.348160	126.00
0.348180	126.00
0.348200	126.00
0.348220	126.00
0.348240	126.00
0.348260	126.00
0.348280	126.00
0.348300	126.00
0.348320	126.00
0.348340	125.00
0.348360	125.00
0.348380	125.00
0.348400	124.00
0.348420	124.00
0.348440	123.00
0.348460	123.00
0.348480	123.00
0.348500	123.00
0.348520	124.00
0.348540	124.00
0.348560	125.00
0.348580	125.00
0.348600	125.00
0.348620	125.00
0.348640	125.00
0.348660	125.00
0.348680	126.00
0.348700	126.00
0.348720	126.00
0.348740	126.00
0.348760	125.00
0.348780	125.00
0.348800	125.00
0.348820	124.00
0.348840	124.00
0.348860	124.00
0.348880	124.00
0.348900	124.00
0.348920	124.00
0.348940	124.00
0.348960	125.00
0.348980	125.00
0.349000	125.00
0.349020	126.00
0.349040	126.00
0.349060	126.00
0.349080	126.00
0.349100	126.00
0.349120	126.00
0.349140	126.00
0.349160	126.00
0.349180	126.00
0.349200	126.00
0.349220	125.00
0.349240	125.00
0.349260	125.00
0.349280	125.00
0.349300	124.00
0.349320	124.00
0.349340	124.00
0.349360	124.00
0.349380	124.00
0.349400	124.00
0.349420	124.00
0.349440	125.00
0.349460	125.00
0.349480	125.00
0.349500	126.00
0.349520	126.00
0.349540	126.00
0.349560	126.00
0.349580	126.00
0.349600	126.00
0.349620	126.00
0.349640	126.00
0.349660	126.00
0.349680	125.00
0.349700	125.00
0.349720	125.00
0.349740	124.00
0.349760	124.00
0.349780	124.00
0.349800	124.00
0.349820	125.00
0.349840	125.00
0.349860	125.00
0.349880	125.00
0.349900	125.00
0.349920	125.00
0.349940	125.00
0.349960	125.00
0.349980	125.00
0.350000	125.00
0.350020	125.00
0.350040	125.00
0.350060	125.00
0.350080	125.00
0.350100	125.00
0.350120	125.00
0.350140	125.00
0.350160	125.00
0.350180	125.00
0.350200	124.00
0.350220	123.00
0.350240	123.00
0.350260	124.00
0.350280	124.00
0.350300	124.00
0.350320	125.00
0.350340	125.00
0.350360	125.00
0.350380	126.00
0.350400	126.00
0.350420	127.00
0.350440	127.00
0.350460	127.00
0.350480	127.00
0.350500	127.00
0.350520	127.00
0.350540	127.00
0.350560	126.00
0.350580	125.00
0.350600	124.00
0.350620	123.00
0.350640	122.00
0.350660	122.00
0.350680	121.00
0.350700	120.00
0.350720	120.00
0.350740	120.00
0.350760	121.00
0.350780	122.00
0.350800	124.00
0.350820	126.00
0.350840	128.00
0.350860	130.00
0.350880	131.00
0.350900	132.00
0.350920	133.00
0.350940	133.00
0.350960	132.00
0.350980	130.00
0.351000	127.00
0.351020	124.00
0.351040	121.00
0.351060	117.00
0.351080	115.00
0.351100	113.00
0.351120	113.00
0.351140	113.00
0.351160	115.00
0.351180	118.00
0.351200	121.00
0.351220	125.00
0.351240	129.00
0.351260	133.00
0.351280	136.00
0.351300	139.00
0.351320	140.00
0.351340	140.00
0.351360	138.00
0.351380	136.00
0.351400	132.00
0.351420	128.00
0.351440	124.00
0.351460	119.00
0.351480	115.00
0.351500	112.00
0.351520	110.00
0.351540	110.00
0.351560	110.00
0.351580	112.00
0.351600	114.00
0.351620	118.00
0.351640	122.00
0.351660	126.00
0.351680	130.00
0.351700	134.00
0.351720	136.00
0.351740	138.00
0.351760	138.00
0.351780	137.00
0.351800	135.00
0.351820	132.00
0.351840	129.00
0.351860	126.00
0.351880	123.00
0.351900	120.00
0.351920	118.00
0.351940	116.00
0.351960	115.00
0.351980	115.00
0.352000	116.00
0.352020	118.00
0.352040	119.00
0.352060	121.00
0.352080	124.00
0.352100	126.00
0.352120	128.00
0.352140	130.00
0.352160	131.00
0.352180	131.00
0.352200	131.00
0.352220	130.00
0.352240	130.00
0.352260	128.00
0.352280	127.00
0.352300	125.00
0.352320	124.00
0.352340	123.00
0.352360	122.00
0.352380	121.00
0.352400	120.00
0.352420	120.00
0.352440	121.00
0.352460	122.00
0.352480	123.00
0.352500	124.00
0.352520	125.00
0.352540	126.00
0.352560	127.00
0.352580	127.00
0.352600	127.00
0.352620	127.00
0.352640	127.00
0.352660	127.00
0.352680	126.00
0.352700	125.00
0.352720	125.00
0.352740	124.00
0.352760	124.00
0.352780	124.00
0.352800	123.00
0.352820	123.00
0.352840	123.00
0.352860	123.00
0.352880	124.00
0.352900	124.00
0.352920	124.00
0.352940	124.00
0.352960	125.00
0.352980	125.00
0.353000	125.00
0.353020	126.00
0.353040	126.00
0.353060	126.00
0.353080	126.00
0.353100	126.00
0.353120	126.00
0.353140	126.00
0.353160	125.00
0.353180	125.00
0.353200	125.00
0.353220	124.00
0.353240	124.00
0.353260	124.00
0.353280	124.00
0.353300	124.00
0.353320	124.00
0.353340	124.00
0.353360	124.00
0.353380	124.00
0.353400	124.00
0.353420	125.00
0.353440	125.00
0.353460	126.00
0.353480	126.00
0.353500	126.00
0.353520	125.00
0.353540	125.00
0.353560	125.00
0.353580	125.00
0.353600	125.00
0.353620	125.00
0.353640	125.00
0.353660	125.00
0.353680	124.00
0.353700	124.00
0.353720	124.00
0.353740	124.00
0.353760	124.00
0.353780	124.00
0.353800	124.00
0.353820	124.00
0.353840	124.00
0.353860	124.00
0.353880	125.00
0.353900	125.00
0.353920	125.00
0.353940	125.00
0.353960	125.00
0.353980	125.00
0.354000	125.00
0.354020	125.00
0.354040	125.00
0.354060	125.00
0.354080	125.00
0.354100	125.00
0.354120	125.00
0.354140	125.00
0.354160	125.00
0.354180	125.00
0.354200	124.00
0.354220	124.00
0.354240	124.00
0.354260	124.00
0.354280	124.00
0.354300	125.00
0.354320	125.00
0.354340	125.00
0.354360	125.00
0.354380	125.00
0.354400	125.00
0.354420	126.00
0.354440	126.00
0.354460	126.00
0.354480	126.00
0.354500	126.00
0.354520	126.00
0.354540	126.00
0.354560	125.00
0.354580	125.00
0.354600	125.00
0.354620	124.00
0.354640	124.00
0.354660	124.00
0.354680	124.00
0.354700	124.00
0.354720	125.00
0.354740	125.00
0.354760	125.00
0.354780	125.00
0.354800	125.00
0.354820	125.00
0.354840	125.00
0.354860	126.00
0.354880	126.00
0.354900	126.00
0.354920	126.00
0.354940	126.00
0.354960	125.00
0.354980	125.00
0.355000	125.00
0.355020	124.00
0.355040	124.00
0.355060	124.00
0.355080	124.00
0.355100	124.00
0.355120	124.00
0.355140	124.00
0.355160	124.00
0.355180	125.00
0.355200	125.00
0.355220	126.00
0.355240	126.00
0.355260	126.00
0.355280	126.00
0.355300	126.00
0.355320	126.00
0.355340	126.00
0.355360	125.00
0.355380	125.00
0.355400	125.00
0.355420	125.00
0.355440	125.00
0.355460	125.00
0.355480	125.00
0.355500	124.00
0.355520	124.00
0.355540	124.00
0.355560	124.00
0.355580	124.00
0.355600	125.00
0.355620	125.00
0.355640	125.00
0.355660	125.00
0.355680	125.00
0.355700	126.00
0.355720	126.00
0.355740	125.00
0.355760	125.00
0.355780	125.00
0.355800	125.00
0.355820	125.00
0.355840	125.00
0.355860	125.00
0.355880	124.00
0.355900	124.00
0.355920	124.00
0.355940	124.00
0.355960	124.00
0.355980	124.00
0.356000	125.00
0.356020	125.00
0.356040	125.00
0.356060	125.00
0.356080	125.00
0.356100	125.00
0.356120	125.00
0.356140	125.00
0.356160	125.00
0.356180	125.00
0.356200	125.00
0.356220	125.00
0.356240	125.00
0.356260	125.00
0.356280	125.00
0.356300	125.00
0.356320	126.00
0.356340	126.00
0.356360	125.00
0.356380	125.00
0.356400	125.00
0.356420	124.00
0.356440	124.00
0.356460	124.00
0.356480	124.00
0.356500	124.00
0.356520	124.00
0.356540	124.00
0.356560	124.00
0.356580	125.00
0.356600	125.00
0.356620	126.00
0.356640	126.00
0.356660	126.00
0.356680	126.00
0.356700	126.00
0.356720	126.00
0.356740	126.00
0.356760	126.00
0.356780	125.00
0.356800	125.00
0.356820	124.00
0.356840	124.00
0.356860	123.00
0.356880	123.00
0.356900	122.00
0.356920	122.00
0.356940	122.00
0.356960	122.00
0.356980	122.00
0.357000	123.00
0.357020	124.00
0.357040	126.00
0.357060	127.00
0.357080	128.00
0.357100	129.00
0.357120	130.00
0.357140	130.00
0.357160	130.00
0.357180	129.00
0.357200	128.00
0.357220	126.00
0.357240	124.00
0.357260	122.00
0.357280	120.00
0.357300	119.00
0.357320	117.00
0.357340	117.00
0.357360	117.00
0.357380	118.00
0.357400	120.00
0.357420	122.00
0.357440	125.00
0.357460	127.00
0.357480	130.00
0.357500	133.00
0.357520	134.00
0.357540	135.00
0.357560	134.00
0.357580	134.00
0.357600	132.00
0.357620	130.00
0.357640	127.00
0.357660	124.00
0.357680	121.00
0.357700	118.00
0.357720	116.00
0.357740	114.00
0.357760	114.00
0.357780	114.00
0.357800	116.00
0.357820	118.00
0.357840	121.00
0.357860	124.00
0.357880	127.00
0.357900	129.00
0.357920	131.00
0.357940	132.00
0.357960	133.00
0.357980	133.00
0.358000	133.00
0.358020	132.00
0.358040	130.00
0.358060	128.00
0.358080	125.00
0.358100	123.00
0.358120	121.00
0.358140	120.00
0.358160	119.00
0.358180	119.00
0.358200	118.00
0.358220	118.00
0.358240	119.00
0.358260	121.00
0.358280	122.00
0.358300	124.00
0.358320	125.00
0.358340	127.00
0.358360	128.00
0.358380	129.00
0.358400	130.00
0.358420	130.00
0.358440	129.00
0.358460	128.00
0.358480	127.00
0.358500	126.00
0.358520	125.00
0.358540	124.00
0.358560	123.00
0.358580	122.00
0.358600	122.00
0.358620	122.00
0.358640	123.00
0.358660	123.00
0.358680	123.00
0.358700	123.00
0.358720	124.00
0.358740	125.00
0.358760	125.00
0.358780	126.00
0.358800	126.00
0.358820	127.00
0.358840	127.00
0.358860	127.00
0.358880	127.00
0.358900	127.00
0.358920	126.00
0.358940	126.00
0.358960	126.00
0.358980	125.00
0.359000	125.00
0.359020	124.00
0.359040	123.00
0.359060	123.00
0.359080	124.00
0.359100	124.00
0.359120	124.00
0.359140	124.00
0.359160	124.00
0.359180	124.00
0.359200	125.00
0.359220	125.00
0.359240	126.00
0.359260	126.00
0.359280	125.00
0.359300	125.00
0.359320	125.00
0.359340	125.00
0.359360	125.00
0.359380	125.00
0.359400	126.00
0.359420	126.00
0.359440	126.00
0.359460	125.00
0.359480	125.00
0.359500	124.00
0.359520	125.00
0.359540	125.00
0.359560	125.00
0.359580	125.00
0.359600	124.00
0.359620	124.00
0.359640	124.00
0.359660	125.00
0.359680	125.00
0.359700	125.00
0.359720	124.00
0.359740	124.00
0.359760	124.00
0.359780	125.00
0.359800	125.00
0.359820	125.00
0.359840	124.00
0.359860	124.00
0.359880	124.00
0.359900	125.00
0.359920	125.00
0.359940	125.00
0.359960	125.00
0.359980	126.00
