0.320000	101.00
0.320020	49.00
0.320040	101.00
0.320060	140.00
0.320080	144.00
0.320100	125.00
0.320120	112.00
0.320140	118.00
0.320160	131.00
0.320180	133.00
0.320200	125.00
0.320220	118.00
0.320240	121.00
0.320260	128.00
0.320280	130.00
0.320300	124.00
0.320320	119.00
0.320340	121.00
0.320360	127.00
0.320380	129.00
0.320400	125.00
0.320420	121.00
0.320440	122.00
0.320460	126.00
0.320480	127.00
0.320500	124.00
0.320520	121.00
0.320540	122.00
0.320560	126.00
0.320580	127.00
0.320600	125.00
0.320620	122.00
0.320640	123.00
0.320660	126.00
0.320680	126.00
0.320700	124.00
0.320720	122.00
0.320740	123.00
0.320760	125.00
0.320780	126.00
0.320800	124.00
0.320820	123.00
0.320840	124.00
0.320860	126.00
0.320880	127.00
0.320900	125.00
0.320920	123.00
0.320940	124.00
0.320960	125.00
0.320980	126.00
0.321000	124.00
0.321020	123.00
0.321040	123.00
0.321060	125.00
0.321080	126.00
0.321100	125.00
0.321120	124.00
0.321140	125.00
0.321160	126.00
0.321180	127.00
0.321200	125.00
0.321220	123.00
0.321240	123.00
0.321260	125.00
0.321280	126.00
0.321300	125.00
0.321320	123.00
0.321340	124.00
0.321360	125.00
0.321380	125.00
0.321400	124.00
0.321420	123.00
0.321440	124.00
0.321460	125.00
0.321480	125.00
0.321500	125.00
0.321520	124.00
0.321540	125.00
0.321560	126.00
0.321580	126.00
0.321600	124.00
0.321620	124.00
0.321640	125.00
0.321660	126.00
0.321680	126.00
0.321700	125.00
0.321720	124.00
0.321740	124.00
0.321760	125.00
0.321780	126.00
0.321800	125.00
0.321820	124.00
0.321840	125.00
0.321860	126.00
0.321880	126.00
0.321900	125.00
0.321920	124.00
0.321940	125.00
0.321960	126.00
0.321980	126.00
0.322000	125.00
0.322020	124.00
0.322040	124.00
0.322060	125.00
0.322080	125.00
0.322100	124.00
0.322120	124.00
0.322140	124.00
0.322160	125.00
0.322180	125.00
0.322200	125.00
0.322220	124.00
0.322240	124.00
0.322260	125.00
0.322280	125.00
0.322300	125.00
0.322320	124.00
0.322340	124.00
0.322360	125.00
0.322380	126.00
0.322400	125.00
0.322420	125.00
0.322440	125.00
0.322460	125.00
0.322480	125.00
0.322500	124.00
0.322520	123.00
0.322540	124.00
0.322560	125.00
0.322580	126.00
0.322600	125.00
0.322620	124.00
0.322640	124.00
0.322660	125.00
0.322680	125.00
0.322700	125.00
0.322720	124.00
0.322740	124.00
0.322760	125.00
0.322780	126.00
0.322800	125.00
0.322820	125.00
0.322840	125.00
0.322860	125.00
0.322880	126.00
0.322900	125.00
0.322920	124.00
0.322940	124.00
0.322960	124.00
0.322980	125.00
0.323000	125.00
0.323020	125.00
0.323040	124.00
0.323060	125.00
0.323080	125.00
0.323100	125.00
0.323120	125.00
0.323140	124.00
0.323160	124.00
0.323180	125.00
0.323200	124.00
0.323220	124.00
0.323240	124.00
0.323260	124.00
0.323280	125.00
0.323300	125.00
0.323320	125.00
0.323340	125.00
0.323360	126.00
0.323380	126.00
0.323400	125.00
0.323420	125.00
0.323440	125.00
0.323460	126.00
0.323480	126.00
0.323500	125.00
0.323520	125.00
0.323540	125.00
0.323560	126.00
0.323580	126.00
0.323600	125.00
0.323620	124.00
0.323640	124.00
0.323660	124.00
0.323680	125.00
0.323700	124.00
0.323720	124.00
0.323740	124.00
0.323760	125.00
0.323780	126.00
0.323800	125.00
0.323820	125.00
0.323840	124.00
0.323860	124.00
0.323880	125.00
0.323900	124.00
0.323920	124.00
0.323940	124.00
0.323960	125.00
0.323980	125.00
0.324000	125.00
0.324020	124.00
0.324040	124.00
0.324060	124.00
0.324080	124.00
0.324100	124.00
0.324120	125.00
0.324140	125.00
0.324160	126.00
0.324180	125.00
0.324200	124.00
0.324220	124.00
0.324240	124.00
0.324260	125.00
0.324280	125.00
0.324300	125.00
0.324320	124.00
0.324340	124.00
0.324360	125.00
0.324380	126.00
0.324400	125.00
0.324420	125.00
0.324440	124.00
0.324460	125.00
0.324480	125.00
0.324500	125.00
0.324520	124.00
0.324540	124.00
0.324560	125.00
0.324580	126.00
0.324600	125.00
0.324620	125.00
0.324640	124.00
0.324660	125.00
0.324680	125.00
0.324700	125.00
0.324720	125.00
0.324740	125.00
0.324760	125.00
0.324780	125.00
0.324800	124.00
0.324820	124.00
0.324840	124.00
0.324860	124.00
0.324880	125.00
0.324900	124.00
0.324920	124.00
0.324940	124.00
0.324960	125.00
0.324980	126.00
0.325000	125.00
0.325020	124.00
0.325040	123.00
0.325060	122.00
0.325080	122.00
0.325100	121.00
0.325120	120.00
0.325140	120.00
0.325160	121.00
0.325180	123.00
0.325200	126.00
0.325220	128.00
0.325240	131.00
0.325260	135.00
0.325280	140.00
0.325300	143.00
0.325320	146.00
0.325340	146.00
0.325360	144.00
0.325380	140.00
0.325400	131.00
0.325420	120.00
0.325440	109.00
0.325460	99.00
0.325480	91.00
0.325500	84.00
0.325520	80.00
0.325540	78.00
0.325560	80.00
0.325580	88.00
0.325600	99.00
0.325620	115.00
0.325640	134.00
0.325660	153.00
0.325680	170.00
0.325700	182.00
0.325720	190.00
0.325740	194.00
0.325760	194.00
0.325780	191.00
0.325800	180.00
0.325820	163.00
0.325840	139.00
0.325860	110.00
0.325880	79.00
0.325900	50.00
0.325920	25.00
0.325940	8.00
0.325960	2.00
0.325980	6.00
0.326000	19.00
0.326020	44.00
0.326040	80.00
0.326060	125.00
0.326080	172.00
0.326100	213.00
0.326120	241.00
0.326140	254.00
0.326160	255.00
0.326180	254.00
0.326200	244.00
0.326220	224.00
0.326240	188.00
0.326260	136.00
0.326280	77.00
0.326300	27.00
0.326320	0.00
0.326340	0.00
0.326360	3.00
0.326380	7.00
0.326400	1.00
0.326420	0.00
0.326440	4.00
0.326460	43.00
0.326480	108.00
0.326500	176.00
0.326520	228.00
0.326540	254.00
0.326560	255.00
0.326580	255.00
0.326600	255.00
0.326620	254.00
0.326640	246.00
0.326660	220.00
0.326680	175.00
0.326700	117.00
0.326720	59.00
0.326740	16.00
0.326760	0.00
0.326780	0.00
0.326800	4.00
0.326820	4.00
0.326840	0.00
0.326860	0.00
0.326880	19.00
0.326900	61.00
0.326920	117.00
0.326940	170.00
0.326960	209.00
0.326980	232.00
0.327000	243.00
0.327020	246.00
0.327040	243.00
0.327060	232.00
0.327080	214.00
0.327100	187.00
0.327120	155.00
0.327140	120.00
0.327160	85.00
0.327180	55.00
0.327200	33.00
0.327220	20.00
0.327240	16.00
0.327260	21.00
0.327280	34.00
0.327300	54.00
0.327320	79.00
0.327340	106.00
0.327360	133.00
0.327380	156.00
0.327400	174.00
0.327420	187.00
0.327440	194.00
0.327460	194.00
0.327480	188.00
0.327500	178.00
0.327520	165.00
0.327540	149.00
0.327560	131.00
0.327580	115.00
0.327600	100.00
0.327620	89.00
0.327640	82.00
0.327660	79.00
0.327680	80.00
0.327700	84.00
0.327720	92.00
0.327740	102.00
0.327760	112.00
0.327780	123.00
0.327800	133.00
0.327820	142.00
0.327840	149.00
0.327860	153.00
0.327880	153.00
0.327900	152.00
0.327920	149.00
0.327940	144.00
0.327960	138.00
0.327980	131.00
0.328000	124.00
0.328020	118.00
0.328040	114.00
0.328060	111.00
0.328080	108.00
0.328100	107.00
0.328120	108.00
0.328140	110.00
0.328160	114.00
0.328180	117.00
0.328200	121.00
0.328220	125.00
0.328240	129.00
0.328260	133.00
0.328280	135.00
0.328300	136.00
0.328320	136.00
0.328340	135.00
0.328360	134.00
0.328380	132.00
0.328400	130.00
0.328420	127.00
0.328440	125.00
0.328460	122.00
0.328480	120.00
0.328500	119.00
0.328520	118.00
0.328540	118.00
0.328560	118.00
0.328580	119.00
0.328600	120.00
0.328620	122.00
0.328640	124.00
0.328660	126.00
0.328680	127.00
0.328700	128.00
0.328720	128.00
0.328740	129.00
0.328760	129.00
0.328780	129.00
0.328800	128.00
0.328820	127.00
0.328840	126.00
0.328860	125.00
0.328880	124.00
0.328900	123.00
0.328920	122.00
0.328940	122.00
0.328960	122.00
0.328980	122.00
0.329000	123.00
0.329020	123.00
0.329040	123.00
0.329060	124.00
0.329080	124.00
0.329100	125.00
0.329120	126.00
0.329140	126.00
0.329160	126.00
0.329180	126.00
0.329200	126.00
0.329220	126.00
0.329240	126.00
0.329260	126.00
0.329280	125.00
0.329300	125.00
0.329320	125.00
0.329340	124.00
0.329360	124.00
0.329380	123.00
0.329400	123.00
0.329420	123.00
0.329440	124.00
0.329460	125.00
0.329480	125.00
0.329500	125.00
0.329520	125.00
0.329540	126.00
0.329560	126.00
0.329580	127.00
0.329600	126.00
0.329620	126.00
0.329640	126.00
0.329660	126.00
0.329680	126.00
0.329700	125.00
0.329720	125.00
0.329740	124.00
0.329760	124.00
0.329780	124.00
0.329800	125.00
0.329820	125.00
0.329840	125.00
0.329860	125.00
0.329880	125.00
0.329900	125.00
0.329920	125.00
0.329940	125.00
0.329960	125.00
0.329980	125.00
0.330000	125.00
0.330020	126.00
0.330040	126.00
0.330060	126.00
0.330080	126.00
0.330100	125.00
0.330120	125.00
0.330140	125.00
0.330160	125.00
0.330180	125.00
0.330200	125.00
0.330220	125.00
0.330240	124.00
0.330260	124.00
0.330280	124.00
0.330300	125.00
0.330320	125.00
0.330340	125.00
0.330360	125.00
0.330380	124.00
0.330400	124.00
0.330420	124.00
0.330440	125.00
0.330460	125.00
0.330480	125.00
0.330500	125.00
0.330520	125.00
0.330540	125.00
0.330560	125.00
0.330580	125.00
0.330600	125.00
0.330620	125.00
0.330640	126.00
0.330660	126.00
0.330680	126.00
0.330700	126.00
0.330720	126.00
0.330740	125.00
0.330760	125.00
0.330780	124.00
0.330800	124.00
0.330820	124.00
0.330840	125.00
0.330860	125.00
0.330880	125.00
0.330900	125.00
0.330920	125.00
0.330940	125.00
0.330960	125.00
0.330980	125.00
0.331000	125.00
0.331020	124.00
0.331040	125.00
0.331060	125.00
0.331080	126.00
0.331100	126.00
0.331120	125.00
0.331140	125.00
0.331160	125.00
0.331180	125.00
0.331200	125.00
0.331220	125.00
0.331240	125.00
0.331260	125.00
0.331280	125.00
0.331300	125.00
0.331320	125.00
0.331340	126.00
0.331360	126.00
0.331380	127.00
0.331400	126.00
0.331420	125.00
0.331440	124.00
0.331460	123.00
0.331480	122.00
0.331500	121.00
0.331520	120.00
0.331540	119.00
0.331560	119.00
0.331580	120.00
0.331600	122.00
0.331620	124.00
0.331640	127.00
0.331660	129.00
0.331680	132.00
0.331700	134.00
0.331720	135.00
0.331740	136.00
0.331760	136.00
0.331780	135.00
0.331800	133.00
0.331820	130.00
0.331840	125.00
0.331860	121.00
0.331880	117.00
0.331900	114.00
0.331920	111.00
0.331940	109.00
0.331960	108.00
0.331980	107.00
0.332000	108.00
0.332020	111.00
0.332040	116.00
0.332060	123.00
0.332080	130.00
0.332100	137.00
0.332120	145.00
0.332140	150.00
0.332160	154.00
0.332180	155.00
0.332200	154.00
0.332220	150.00
0.332240	143.00
0.332260	134.00
0.332280	122.00
0.332300	110.00
0.332320	98.00
0.332340	87.00
0.332360	80.00
0.332380	76.00
0.332400	77.00
0.332420	83.00
0.332440	94.00
0.332460	108.00
0.332480	123.00
0.332500	139.00
0.332520	154.00
0.332540	168.00
0.332560	178.00
0.332580	183.00
0.332600	183.00
0.332620	178.00
0.332640	168.00
0.332660	154.00
0.332680	138.00
0.332700	121.00
0.332720	103.00
0.332740	87.00
0.332760	75.00
0.332780	67.00
0.332800	64.00
0.332820	66.00
0.332840	74.00
0.332860	86.00
0.332880	100.00
0.332900	116.00
0.332920	133.00
0.332940	149.00
0.332960	162.00
0.332980	170.00
0.333000	175.00
0.333020	176.00
0.333040	173.00
0.333060	166.00
0.333080	155.00
0.333100	143.00
0.333120	129.00
0.333140	116.00
0.333160	104.00
0.333180	95.00
0.333200	88.00
0.333220	85.00
0.333240	85.00
0.333260	89.00
0.333280	96.00
0.333300	104.00
0.333320	113.00
0.333340	123.00
0.333360	133.00
0.333380	141.00
0.333400	147.00
0.333420	151.00
0.333440	153.00
0.333460	152.00
0.333480	149.00
0.333500	144.00
0.333520	138.00
0.333540	131.00
0.333560	125.00
0.333580	119.00
0.333600	114.00
0.333620	110.00
0.333640	108.00
0.333660	107.00
0.333680	108.00
0.333700	110.00
0.333720	113.00
0.333740	117.00
0.333760	122.00
0.333780	126.00
0.333800	130.00
0.333820	133.00
0.333840	135.00
0.333860	136.00
0.333880	137.00
0.333900	136.00
0.333920	134.00
0.333940	132.00
0.333960	130.00
0.333980	127.00
0.334000	124.00
0.334020	122.00
0.334040	120.00
0.334060	119.00
0.334080	118.00
0.334100	118.00
0.334120	118.00
0.334140	119.00
0.334160	121.00
0.334180	123.00
0.334200	124.00
0.334220	126.00
0.334240	127.00
0.334260	128.00
0.334280	129.00
0.334300	130.00
0.334320	130.00
0.334340	129.00
0.334360	128.00
0.334380	127.00
0.334400	126.00
0.334420	126.00
0.334440	125.00
0.334460	124.00
0.334480	123.00
0.334500	122.00
0.334520	122.00
0.334540	122.00
0.334560	123.00
0.334580	124.00
0.334600	124.00
0.334620	124.00
0.334640	125.00
0.334660	125.00
0.334680	126.00
0.334700	126.00
0.334720	126.00
0.334740	127.00
0.334760	127.00
0.334780	127.00
0.334800	127.00
0.334820	126.00
0.334840	125.00
0.334860	125.00
0.334880	125.00
0.334900	125.00
0.334920	124.00
0.334940	124.00
0.334960	124.00
0.334980	124.00
0.335000	124.00
0.335020	124.00
0.335040	124.00
0.335060	124.00
0.335080	125.00
0.335100	125.00
0.335120	125.00
0.335140	125.00
0.335160	125.00
0.335180	125.00
0.335200	125.00
0.335220	125.00
0.335240	125.00
0.335260	125.00
0.335280	125.00
0.335300	125.00
0.335320	125.00
0.335340	125.00
0.335360	125.00
0.335380	125.00
0.335400	125.00
0.335420	125.00
0.335440	125.00
0.335460	125.00
0.335480	125.00
0.335500	125.00
0.335520	125.00
0.335540	124.00
0.335560	124.00
0.335580	124.00
0.335600	124.00
0.335620	125.00
0.335640	125.00
0.335660	125.00
0.335680	125.00
0.335700	125.00
0.335720	126.00
0.335740	126.00
0.335760	126.00
0.335780	126.00
0.335800	126.00
0.335820	126.00
0.335840	125.00
0.335860	125.00
0.335880	125.00
0.335900	126.00
0.335920	126.00
0.335940	125.00
0.335960	125.00
0.335980	125.00
0.336000	124.00
0.336020	124.00
0.336040	124.00
0.336060	125.00
0.336080	125.00
0.336100	125.00
0.336120	125.00
0.336140	125.00
0.336160	125.00
0.336180	125.00
0.336200	126.00
0.336220	126.00
0.336240	126.00
0.336260	126.00
0.336280	126.00
0.336300	126.00
0.336320	125.00
0.336340	125.00
0.336360	125.00
0.336380	124.00
0.336400	124.00
0.336420	124.00
0.336440	124.00
0.336460	124.00
0.336480	124.00
0.336500	124.00
0.336520	125.00
0.336540	125.00
0.336560	125.00
0.336580	125.00
0.336600	125.00
0.336620	125.00
0.336640	125.00
0.336660	125.00
0.336680	125.00
0.336700	125.00
0.336720	125.00
0.336740	125.00
0.336760	125.00
0.336780	125.00
0.336800	125.00
0.336820	124.00
0.336840	124.00
0.336860	124.00
0.336880	125.00
0.336900	125.00
0.336920	125.00
0.336940	125.00
0.336960	125.00
0.336980	125.00
0.337000	125.00
0.337020	125.00
0.337040	125.00
0.337060	125.00
0.337080	125.00
0.337100	126.00
0.337120	126.00
0.337140	126.00
0.337160	125.00
0.337180	125.00
0.337200	125.00
0.337220	125.00
0.337240	125.00
0.337260	125.00
0.337280	125.00
0.337300	124.00
0.337320	124.00
0.337340	124.00
0.337360	125.00
0.337380	125.00
0.337400	125.00
0.337420	125.00
0.337440	125.00
0.337460	125.00
0.337480	125.00
0.337500	125.00
0.337520	125.00
0.337540	125.00
0.337560	125.00
0.337580	125.00
0.337600	125.00
0.337620	125.00
0.337640	125.00
0.337660	125.00
0.337680	124.00
0.337700	123.00
0.337720	123.00
0.337740	122.00
0.337760	122.00
0.337780	122.00
0.337800	123.00
0.337820	123.00
0.337840	124.00
0.337860	126.00
0.337880	128.00
0.337900	129.00
0.337920	130.00
0.337940	131.00
0.337960	132.00
0.337980	132.00
0.338000	131.00
0.338020	129.00
0.338040	127.00
0.338060	125.00
0.338080	122.00
0.338100	120.00
0.338120	118.00
0.338140	116.00
0.338160	115.00
0.338180	114.00
0.338200	114.00
0.338220	115.00
0.338240	116.00
0.338260	119.00
0.338280	123.00
0.338300	128.00
0.338320	132.00
0.338340	136.00
0.338360	140.00
0.338380	142.00
0.338400	143.00
0.338420	143.00
0.338440	140.00
0.338460	136.00
0.338480	130.00
0.338500	123.00
0.338520	116.00
0.338540	109.00
0.338560	103.00
0.338580	98.00
0.338600	96.00
0.338620	97.00
0.338640	101.00
0.338660	107.00
0.338680	115.00
0.338700	124.00
0.338720	134.00
0.338740	143.00
0.338760	151.00
0.338780	157.00
0.338800	160.00
0.338820	160.00
0.338840	156.00
0.338860	150.00
0.338880	142.00
0.338900	132.00
0.338920	121.00
0.338940	111.00
0.338960	102.00
0.338980	95.00
0.339000	90.00
0.339020	89.00
0.339040	90.00
0.339060	95.00
0.339080	102.00
0.339100	111.00
0.339120	121.00
0.339140	130.00
0.339160	139.00
0.339180	147.00
0.339200	152.00
0.339220	155.00
0.339240	155.00
0.339260	153.00
0.339280	148.00
0.339300	141.00
0.339320	134.00
0.339340	126.00
0.339360	119.00
0.339380	112.00
0.339400	107.00
0.339420	103.00
0.339440	102.00
0.339460	102.00
0.339480	105.00
0.339500	109.00
0.339520	114.00
0.339540	120.00
0.339560	126.00
0.339580	131.00
0.339600	135.00
0.339620	138.00
0.339640	140.00
0.339660	141.00
0.339680	140.00
0.339700	138.00
0.339720	135.00
0.339740	132.00
0.339760	128.00
0.339780	125.00
0.339800	121.00
0.339820	118.00
0.339840	116.00
0.339860	115.00
0.339880	115.00
0.339900	116.00
0.339920	117.00
0.339940	119.00
0.339960	121.00
0.339980	124.00
0.340000	126.00
0.340020	128.00
0.340040	129.00
0.340060	130.00
0.340080	131.00
0.340100	131.00
0.340120	131.00
0.340140	130.00
0.340160	129.00
0.340180	128.00
0.340200	126.00
0.340220	124.00
0.340240	123.00
0.340260	122.00
0.340280	121.00
0.340300	121.00
0.340320	121.00
0.340340	121.00
0.340360	122.00
0.340380	122.00
0.340400	123.00
0.340420	124.00
0.340440	125.00
0.340460	126.00
0.340480	127.00
0.340500	127.00
0.340520	127.00
0.340540	127.00
0.340560	127.00
0.340580	127.00
0.340600	126.00
0.340620	125.00
0.340640	125.00
0.340660	125.00
0.340680	124.00
0.340700	124.00
0.340720	124.00
0.340740	123.00
0.340760	123.00
0.340780	123.00
0.340800	123.00
0.340820	124.00
0.340840	125.00
0.340860	125.00
0.340880	125.00
0.340900	126.00
0.340920	126.00
0.340940	126.00
0.340960	126.00
0.340980	126.00
0.341000	126.00
0.341020	125.00
0.341040	125.00
0.341060	125.00
0.341080	125.00
0.341100	125.00
0.341120	125.00
0.341140	125.00
0.341160	125.00
0.341180	125.00
0.341200	125.00
0.341220	124.00
0.341240	124.00
0.341260	124.00
0.341280	124.00
0.341300	124.00
0.341320	124.00
0.341340	124.00
0.341360	125.00
0.341380	125.00
0.341400	125.00
0.341420	125.00
0.341440	125.00
0.341460	125.00
0.341480	125.00
0.341500	125.00
0.341520	125.00
0.341540	125.00
0.341560	125.00
0.341580	126.00
0.341600	126.00
0.341620	125.00
0.341640	125.00
0.341660	125.00
0.341680	125.00
0.341700	125.00
0.341720	125.00
0.341740	124.00
0.341760	124.00
0.341780	124.00
0.341800	124.00
0.341820	124.00
0.341840	124.00
0.341860	124.00
0.341880	125.00
0.341900	125.00
0.341920	126.00
0.341940	126.00
0.341960	125.00
0.341980	125.00
0.342000	125.00
0.342020	125.00
0.342040	125.00
0.342060	125.00
0.342080	125.00
0.342100	124.00
0.342120	124.00
0.342140	124.00
0.342160	124.00
0.342180	124.00
0.342200	123.00
0.342220	123.00
0.342240	123.00
0.342260	124.00
0.342280	124.00
0.342300	125.00
0.342320	125.00
0.342340	125.00
0.342360	126.00
0.342380	126.00
0.342400	126.00
0.342420	126.00
0.342440	126.00
0.342460	126.00
0.342480	126.00
0.342500	126.00
0.342520	125.00
0.342540	124.00
0.342560	124.00
0.342580	124.00
0.342600	125.00
0.342620	125.00
0.342640	124.00
0.342660	124.00
0.342680	125.00
0.342700	125.00
0.342720	125.00
0.342740	125.00
0.342760	125.00
0.342780	126.00
0.342800	126.00
0.342820	126.00
0.342840	126.00
0.342860	126.00
0.342880	125.00
0.342900	125.00
0.342920	125.00
0.342940	125.00
0.342960	124.00
0.342980	124.00
0.343000	124.00
0.343020	125.00
0.343040	125.00
0.343060	125.00
0.343080	125.00
0.343100	125.00
0.343120	125.00
0.343140	125.00
0.343160	125.00
0.343180	124.00
0.343200	124.00
0.343220	124.00
0.343240	125.00
0.343260	125.00
0.343280	125.00
0.343300	125.00
0.343320	125.00
0.343340	125.00
0.343360	125.00
0.343380	124.00
0.343400	124.00
0.343420	124.00
0.343440	125.00
0.343460	125.00
0.343480	125.00
0.343500	124.00
0.343520	124.00
0.343540	124.00
0.343560	125.00
0.343580	125.00
0.343600	125.00
0.343620	125.00
0.343640	125.00
0.343660	125.00
0.343680	125.00
0.343700	125.00
0.343720	125.00
0.343740	125.00
0.343760	125.00
0.343780	125.00
0.343800	125.00
0.343820	125.00
0.343840	125.00
0.343860	125.00
0.343880	125.00
0.343900	125.00
0.343920	124.00
0.343940	124.00
0.343960	124.00
0.343980	123.00
0.344000	123.00
0.344020	123.00
0.344040	124.00
0.344060	125.00
0.344080	126.00
0.344100	127.00
0.344120	128.00
0.344140	128.00
0.344160	128.00
0.344180	128.00
0.344200	128.00
0.344220	128.00
0.344240	127.00
0.344260	126.00
0.344280	125.00
0.344300	124.00
0.344320	123.00
0.344340	121.00
0.344360	120.00
0.344380	119.00
0.344400	118.00
0.344420	118.00
0.344440	119.00
0.344460	120.00
0.344480	121.00
0.344500	123.00
0.344520	126.00
0.344540	129.00
0.344560	132.00
0.344580	134.00
0.344600	136.00
0.344620	137.00
0.344640	136.00
0.344660	135.00
0.344680	132.00
0.344700	129.00
0.344720	124.00
0.344740	119.00
0.344760	114.00
0.344780	110.00
0.344800	107.00
0.344820	106.00
0.344840	107.00
0.344860	109.00
0.344880	113.00
0.344900	119.00
0.344920	125.00
0.344940	131.00
0.344960	136.00
0.344980	141.00
0.345000	145.00
0.345020	147.00
0.345040	147.00
0.345060	145.00
0.345080	141.00
0.345100	136.00
0.345120	130.00
0.345140	123.00
0.345160	117.00
0.345180	111.00
0.345200	106.00
0.345220	103.00
0.345240	102.00
0.345260	103.00
0.345280	106.00
0.345300	110.00
0.345320	115.00
0.345340	121.00
0.345360	127.00
0.345380	133.00
0.345400	138.00
0.345420	141.00
0.345440	143.00
0.345460	143.00
0.345480	142.00
0.345500	139.00
0.345520	136.00
0.345540	132.00
0.345560	127.00
0.345580	122.00
0.345600	118.00
0.345620	114.00
0.345640	112.00
0.345660	111.00
0.345680	111.00
0.345700	113.00
0.345720	115.00
0.345740	118.00
0.345760	122.00
0.345780	126.00
0.345800	128.00
0.345820	131.00
0.345840	133.00
0.345860	134.00
0.345880	135.00
0.345900	134.00
0.345920	133.00
0.345940	132.00
0.345960	129.00
0.345980	127.00
0.346000	124.00
0.346020	122.00
0.346040	120.00
0.346060	119.00
0.346080	118.00
0.346100	118.00
0.346120	119.00
0.346140	120.00
0.346160	121.00
0.346180	123.00
0.346200	124.00
0.346220	126.00
0.346240	127.00
0.346260	128.00
0.346280	129.00
0.346300	129.00
0.346320	128.00
0.346340	128.00
0.346360	128.00
0.346380	127.00
0.346400	126.00
0.346420	125.00
0.346440	123.00
0.346460	122.00
0.346480	122.00
0.346500	122.00
0.346520	123.00
0.346540	123.00
0.346560	123.00
0.346580	123.00
0.346600	123.00
0.346620	124.00
0.346640	125.00
0.346660	125.00
0.346680	126.00
0.346700	127.00
0.346720	127.00
0.346740	127.00
0.346760	127.00
0.346780	126.00
0.346800	126.00
0.346820	126.00
0.346840	126.00
0.346860	125.00
0.346880	125.00
0.346900	124.00
0.346920	124.00
0.346940	124.00
0.346960	124.00
0.346980	124.00
0.347000	124.00
0.347020	124.00
0.347040	124.00
0.347060	124.00
0.347080	124.00
0.347100	125.00
0.347120	125.00
0.347140	126.00
0.347160	126.00
0.347180	126.00
0.347200	125.00
0.347220	125.00
0.347240	125.00
0.347260	125.00
0.347280	125.00
0.347300	125.00
0.347320	125.00
0.347340	125.00
0.347360	125.00
0.347380	125.00
0.347400	125.00
0.347420	125.00
0.347440	125.00
0.347460	125.00
0.347480	125.00
0.347500	125.00
0.347520	125.00
0.347540	125.00
0.347560	124.00
0.347580	124.00
0.347600	124.00
0.347620	124.00
0.347640	125.00
0.347660	125.00
0.347680	125.00
0.347700	125.00
0.347720	125.00
0.347740	126.00
0.347760	126.00
0.347780	126.00
0.347800	126.00
0.347820	126.00
0.347840	125.00
0.347860	124.00
0.347880	124.00
0.347900	124.00
0.347920	124.00
0.347940	124.00
0.347960	124.00
0.347980	124.00
0.348000	124.00
0.348020	125.00
0.348040	125.00
0.348060	125.00
0.348080	125.00
0.348100	126.00
0.348120	126.00
0.348140	126.00
0.348160	126.00
0.348180	126.00
0.348200	126.00
0.348220	125.00
0.348240	125.00
0.348260	125.00
0.348280	125.00
0.348300	125.00
0.348320	125.00
0.348340	125.00
0.348360	124.00
0.348380	124.00
0.348400	124.00
0.348420	124.00
0.348440	124.00
0.348460	124.00
0.348480	124.00
0.348500	124.00
0.348520	125.00
0.348540	126.00
0.348560	126.00
0.348580	126.00
0.348600	126.00
0.348620	126.00
0.348640	126.00
0.348660	126.00
0.348680	125.00
0.348700	125.00
0.348720	124.00
0.348740	124.00
0.348760	124.00
0.348780	124.00
0.348800	124.00
0.348820	124.00
0.348840	124.00
0.348860	124.00
0.348880	125.00
0.348900	125.00
0.348920	125.00
0.348940	125.00
0.348960	125.00
0.348980	125.00
0.349000	125.00
0.349020	125.00
0.349040	125.00
0.349060	125.00
0.349080	125.00
0.349100	125.00
0.349120	125.00
0.349140	125.00
0.349160	125.00
0.349180	125.00
0.349200	125.00
0.349220	124.00
0.349240	124.00
0.349260	124.00
0.349280	124.00
0.349300	124.00
0.349320	124.00
0.349340	124.00
0.349360	124.00
0.349380	125.00
0.349400	125.00
0.349420	124.00
0.349440	124.00
0.349460	124.00
0.349480	124.00
0.349500	125.00
0.349520	125.00
0.349540	125.00
0.349560	125.00
0.349580	125.00
0.349600	125.00
0.349620	125.00
0.349640	125.00
0.349660	125.00
0.349680	125.00
0.349700	125.00
0.349720	125.00
0.349740	125.00
0.349760	125.00
0.349780	125.00
0.349800	126.00
0.349820	126.00
0.349840	126.00
0.349860	125.00
0.349880	125.00
0.349900	125.00
0.349920	125.00
0.349940	125.00
0.349960	125.00
0.349980	125.00
0.350000	125.00
0.350020	125.00
0.350040	126.00
0.350060	126.00
0.350080	126.00
0.350100	125.00
0.350120	124.00
0.350140	123.00
0.350160	123.00
0.350180	123.00
0.350200	124.00
0.350220	124.00
0.350240	124.00
0.350260	124.00
0.350280	124.00
0.350300	125.00
0.350320	126.00
0.350340	127.00
0.350360	128.00
0.350380	128.00
0.350400	127.00
0.350420	127.00
0.350440	128.00
0.350460	127.00
0.350480	126.00
0.350500	125.00
0.350520	124.00
0.350540	124.00
0.350560	123.00
0.350580	122.00
0.350600	121.00
0.350620	120.00
0.350640	120.00
0.350660	121.00
0.350680	122.00
0.350700	123.00
0.350720	124.00
0.350740	126.00
0.350760	128.00
0.350780	130.00
0.350800	132.00
0.350820	133.00
0.350840	133.00
0.350860	133.00
0.350880	132.00
0.350900	130.00
0.350920	127.00
0.350940	124.00
0.350960	121.00
0.350980	118.00
0.351000	115.00
0.351020	113.00
0.351040	112.00
0.351060	113.00
0.351080	114.00
0.351100	117.00
0.351120	121.00
0.351140	124.00
0.351160	128.00
0.351180	132.00
0.351200	135.00
0.351220	138.00
0.351240	139.00
0.351260	139.00
0.351280	138.00
0.351300	135.00
0.351320	132.00
0.351340	128.00
0.351360	124.00
0.351380	119.00
0.351400	115.00
0.351420	112.00
0.351440	111.00
0.351460	110.00
0.351480	110.00
0.351500	112.00
0.351520	114.00
0.351540	118.00
0.351560	122.00
0.351580	126.00
0.351600	130.00
0.351620	133.00
0.351640	136.00
0.351660	137.00
0.351680	137.00
0.351700	136.00
0.351720	135.00
0.351740	133.00
0.351760	130.00
0.351780	127.00
0.351800	124.00
0.351820	121.00
0.351840	119.00
0.351860	117.00
0.351880	116.00
0.351900	116.00
0.351920	117.00
0.351940	118.00
0.351960	120.00
0.351980	122.00
0.352000	124.00
0.352020	126.00
0.352040	128.00
0.352060	130.00
0.352080	131.00
0.352100	132.00
0.352120	131.00
0.352140	130.00
0.352160	128.00
0.352180	127.00
0.352200	126.00
0.352220	125.00
0.352240	123.00
0.352260	122.00
0.352280	121.00
0.352300	121.00
0.352320	121.00
0.352340	121.00
0.352360	122.00
0.352380	122.00
0.352400	123.00
0.352420	124.00
0.352440	125.00
0.352460	126.00
0.352480	126.00
0.352500	126.00
0.352520	127.00
0.352540	127.00
0.352560	127.00
0.352580	127.00
0.352600	126.00
0.352620	125.00
0.352640	125.00
0.352660	125.00
0.352680	124.00
0.352700	123.00
0.352720	123.00
0.352740	123.00
0.352760	123.00
0.352780	123.00
0.352800	124.00
0.352820	124.00
0.352840	125.00
0.352860	126.00
0.352880	126.00
0.352900	126.00
0.352920	126.00
0.352940	126.00
0.352960	126.00
0.352980	125.00
0.353000	125.00
0.353020	125.00
0.353040	125.00
0.353060	125.00
0.353080	125.00
0.353100	125.00
0.353120	125.00
0.353140	125.00
0.353160	125.00
0.353180	124.00
0.353200	124.00
0.353220	124.00
0.353240	125.00
0.353260	125.00
0.353280	125.00
0.353300	125.00
0.353320	125.00
0.353340	125.00
0.353360	126.00
0.353380	126.00
0.353400	125.00
0.353420	125.00
0.353440	124.00
0.353460	124.00
0.353480	125.00
0.353500	125.00
0.353520	125.00
0.353540	125.00
0.353560	125.00
0.353580	125.00
0.353600	125.00
0.353620	125.00
0.353640	125.00
0.353660	125.00
0.353680	125.00
0.353700	124.00
0.353720	124.00
0.353740	124.00
0.353760	124.00
0.353780	124.00
0.353800	124.00
0.353820	124.00
0.353840	125.00
0.353860	125.00
0.353880	125.00
0.353900	125.00
0.353920	125.00
0.353940	125.00
0.353960	125.00
0.353980	125.00
0.354000	125.00
0.354020	125.00
0.354040	125.00
0.354060	125.00
0.354080	125.00
0.354100	125.00
0.354120	124.00
0.354140	124.00
0.354160	124.00
0.354180	124.00
0.354200	124.00
0.354220	124.00
0.354240	124.00
0.354260	124.00
0.354280	125.00
0.354300	125.00
0.354320	125.00
0.354340	125.00
0.354360	126.00
0.354380	126.00
0.354400	126.00
0.354420	126.00
0.354440	125.00
0.354460	125.00
0.354480	125.00
0.354500	125.00
0.354520	125.00
0.354540	125.00
0.354560	124.00
0.354580	124.00
0.354600	124.00
0.354620	124.00
0.354640	124.00
0.354660	124.00
0.354680	124.00
0.354700	125.00
0.354720	126.00
0.354740	126.00
0.354760	126.00
0.354780	126.00
0.354800	126.00
0.354820	126.00
0.354840	126.00
0.354860	126.00
0.354880	126.00
0.354900	126.00
0.354920	125.00
0.354940	125.00
0.354960	124.00
0.354980	124.00
0.355000	123.00
0.355020	123.00
0.355040	124.00
0.355060	124.00
0.355080	124.00
0.355100	124.00
0.355120	125.00
0.355140	125.00
0.355160	126.00
0.355180	126.00
0.355200	126.00
0.355220	126.00
0.355240	126.00
0.355260	126.00
0.355280	126.00
0.355300	126.00
0.355320	125.00
0.355340	124.00
0.355360	124.00
0.355380	124.00
0.355400	124.00
0.355420	124.00
0.355440	125.00
0.355460	125.00
0.355480	124.00
0.355500	124.00
0.355520	124.00
0.355540	125.00
0.355560	125.00
0.355580	125.00
0.355600	125.00
0.355620	125.00
0.355640	125.00
0.355660	125.00
0.355680	125.00
0.355700	125.00
0.355720	125.00
0.355740	125.00
0.355760	125.00
0.355780	125.00
0.355800	125.00
0.355820	125.00
0.355840	125.00
0.355860	124.00
0.355880	124.00
0.355900	124.00
0.355920	124.00
0.355940	124.00
0.355960	124.00
0.355980	124.00
0.356000	124.00
0.356020	125.00
0.356040	125.00
0.356060	125.00
0.356080	125.00
0.356100	125.00
0.356120	125.00
0.356140	125.00
0.356160	125.00
0.356180	125.00
0.356200	125.00
0.356220	125.00
0.356240	125.00
0.356260	126.00
0.356280	126.00
0.356300	126.00
0.356320	125.00
0.356340	124.00
0.356360	124.00
0.356380	124.00
0.356400	124.00
0.356420	124.00
0.356440	124.00
0.356460	125.00
0.356480	125.00
0.356500	125.00
0.356520	125.00
0.356540	125.00
0.356560	126.00
0.356580	127.00
0.356600	127.00
0.356620	127.00
0.356640	127.00
0.356660	126.00
0.356680	126.00
0.356700	125.00
0.356720	125.00
0.356740	124.00
0.356760	124.00
0.356780	124.00
0.356800	123.00
0.356820	123.00
0.356840	122.00
0.356860	122.00
0.356880	122.00
0.356900	123.00
0.356920	123.00
0.356940	124.00
0.356960	125.00
0.356980	127.00
0.357000	128.00
0.357020	129.00
0.357040	129.00
0.357060	129.00
0.357080	130.00
0.357100	129.00
0.357120	128.00
0.357140	127.00
0.357160	124.00
0.357180	122.00
0.357200	119.00
0.357220	118.00
0.357240	117.00
0.357260	117.00
0.357280	117.00
0.357300	118.00
0.357320	120.00
0.357340	122.00
0.357360	125.00
0.357380	127.00
0.357400	130.00
0.357420	132.00
0.357440	134.00
0.357460	135.00
0.357480	135.00
0.357500	134.00
0.357520	132.00
0.357540	130.00
0.357560	128.00
0.357580	125.00
0.357600	121.00
0.357620	119.00
0.357640	116.00
0.357660	115.00
0.357680	115.00
0.357700	115.00
0.357720	116.00
0.357740	117.00
0.357760	120.00
0.357780	123.00
0.357800	126.00
0.357820	129.00
0.357840	131.00
0.357860	133.00
0.357880	134.00
0.357900	134.00
0.357920	133.00
0.357940	132.00
0.357960	130.00
0.357980	128.00
0.358000	126.00
0.358020	124.00
0.358040	122.00
0.358060	120.00
0.358080	119.00
0.358100	118.00
0.358120	118.00
0.358140	119.00
0.358160	120.00
0.358180	122.00
0.358200	123.00
0.358220	124.00
0.358240	125.00
0.358260	127.00
0.358280	128.00
0.358300	129.00
0.358320	130.00
0.358340	130.00
0.358360	129.00
0.358380	128.00
0.358400	127.00
0.358420	126.00
0.358440	126.00
0.358460	125.00
0.358480	124.00
0.358500	124.00
0.358520	123.00
0.358540	122.00
0.358560	122.00
0.358580	122.00
0.358600	122.00
0.358620	123.00
0.358640	124.00
0.358660	125.00
0.358680	125.00
0.358700	126.00
0.358720	126.00
0.358740	127.00
0.358760	127.00
0.358780	127.00
0.358800	127.00
0.358820	126.00
0.358840	125.00
0.358860	125.00
0.358880	125.00
0.358900	125.00
0.358920	124.00
0.358940	124.00
0.358960	123.00
0.358980	123.00
0.359000	123.00
0.359020	123.00
0.359040	123.00
0.359060	123.00
0.359080	124.00
0.359100	124.00
0.359120	125.00
0.359140	125.00
0.359160	125.00
0.359180	126.00
0.359200	126.00
0.359220	126.00
0.359240	126.00
0.359260	126.00
0.359280	125.00
0.359300	125.00
0.359320	125.00
0.359340	125.00
0.359360	125.00
0.359380	125.00
0.359400	124.00
0.359420	124.00
0.359440	124.00
0.359460	124.00
0.359480	124.00
0.359500	124.00
0.359520	124.00
0.359540	124.00
0.359560	125.00
0.359580	126.00
0.359600	126.00
0.359620	126.00
0.359640	126.00
0.359660	126.00
0.359680	126.00
0.359700	126.00
0.359720	126.00
0.359740	125.00
0.359760	125.00
0.359780	125.00
0.359800	125.00
0.359820	125.00
0.359840	125.00
0.359860	125.00
0.359880	125.00
0.359900	125.00
0.359920	125.00
0.359940	125.00
0.359960	125.00
0.359980	126.00
