0.320000	101.00
0.320020	49.00
0.320040	101.00
0.320060	140.00
0.320080	144.00
0.320100	125.00
0.320120	113.00
0.320140	119.00
0.320160	131.00
0.320180	134.00
0.320200	125.00
0.320220	118.00
0.320240	121.00
0.320260	128.00
0.320280	129.00
0.320300	124.00
0.320320	120.00
0.320340	122.00
0.320360	127.00
0.320380	128.00
0.320400	125.00
0.320420	122.00
0.320440	123.00
0.320460	127.00
0.320480	128.00
0.320500	124.00
0.320520	122.00
0.320540	123.00
0.320560	127.00
0.320580	127.00
0.320600	125.00
0.320620	122.00
0.320640	123.00
0.320660	127.00
0.320680	128.00
0.320700	125.00
0.320720	123.00
0.320740	124.00
0.320760	126.00
0.320780	126.00
0.320800	124.00
0.320820	123.00
0.320840	123.00
0.320860	126.00
0.320880	126.00
0.320900	124.00
0.320920	123.00
0.320940	124.00
0.320960	125.00
0.320980	126.00
0.321000	124.00
0.321020	123.00
0.321040	124.00
0.321060	126.00
0.321080	126.00
0.321100	125.00
0.321120	124.00
0.321140	124.00
0.321160	126.00
0.321180	126.00
0.321200	125.00
0.321220	124.00
0.321240	125.00
0.321260	126.00
0.321280	126.00
0.321300	124.00
0.321320	123.00
0.321340	124.00
0.321360	125.00
0.321380	125.00
0.321400	124.00
0.321420	124.00
0.321440	124.00
0.321460	126.00
0.321480	126.00
0.321500	124.00
0.321520	124.00
0.321540	124.00
0.321560	126.00
0.321580	126.00
0.321600	125.00
0.321620	123.00
0.321640	124.00
0.321660	125.00
0.321680	125.00
0.321700	125.00
0.321720	124.00
0.321740	125.00
0.321760	126.00
0.321780	126.00
0.321800	124.00
0.321820	123.00
0.321840	124.00
0.321860	125.00
0.321880	126.00
0.321900	125.00
0.321920	124.00
0.321940	125.00
0.321960	125.00
0.321980	125.00
0.322000	125.00
0.322020	124.00
0.322040	125.00
0.322060	126.00
0.322080	126.00
0.322100	124.00
0.322120	123.00
0.322140	124.00
0.322160	125.00
0.322180	125.00
0.322200	125.00
0.322220	124.00
0.322240	125.00
0.322260	125.00
0.322280	126.00
0.322300	125.00
0.322320	124.00
0.322340	125.00
0.322360	125.00
0.322380	125.00
0.322400	125.00
0.322420	124.00
0.322440	125.00
0.322460	125.00
0.322480	125.00
0.322500	124.00
0.322520	124.00
0.322540	124.00
0.322560	125.00
0.322580	125.00
0.322600	124.00
0.322620	124.00
0.322640	124.00
0.322660	125.00
0.322680	125.00
0.322700	124.00
0.322720	124.00
0.322740	124.00
0.322760	125.00
0.322780	125.00
0.322800	124.00
0.322820	124.00
0.322840	125.00
0.322860	125.00
0.322880	125.00
0.322900	124.00
0.322920	124.00
0.322940	124.00
0.322960	125.00
0.322980	125.00
0.323000	124.00
0.323020	124.00
0.323040	124.00
0.323060	125.00
0.323080	125.00
0.323100	124.00
0.323120	124.00
0.323140	124.00
0.323160	125.00
0.323180	125.00
0.323200	125.00
0.323220	124.00
0.323240	125.00
0.323260	125.00
0.323280	125.00
0.323300	125.00
0.323320	124.00
0.323340	125.00
0.323360	125.00
0.323380	125.00
0.323400	124.00
0.323420	124.00
0.323440	124.00
0.323460	125.00
0.323480	126.00
0.323500	125.00
0.323520	125.00
0.323540	125.00
0.323560	125.00
0.323580	125.00
0.323600	125.00
0.323620	125.00
0.323640	125.00
0.323660	126.00
0.323680	125.00
0.323700	124.00
0.323720	124.00
0.323740	124.00
0.323760	125.00
0.323780	125.00
0.323800	124.00
0.323820	124.00
0.323840	125.00
0.323860	126.00
0.323880	126.00
0.323900	125.00
0.323920	125.00
0.323940	125.00
0.323960	126.00
0.323980	126.00
0.324000	125.00
0.324020	125.00
0.324040	125.00
0.324060	125.00
0.324080	125.00
0.324100	124.00
0.324120	124.00
0.324140	124.00
0.324160	125.00
0.324180	125.00
0.324200	125.00
0.324220	125.00
0.324240	125.00
0.324260	126.00
0.324280	125.00
0.324300	124.00
0.324320	124.00
0.324340	124.00
0.324360	125.00
0.324380	126.00
0.324400	125.00
0.324420	125.00
0.324440	125.00
0.324460	125.00
0.324480	125.00
0.324500	124.00
0.324520	124.00
0.324540	124.00
0.324560	124.00
0.324580	125.00
0.324600	124.00
0.324620	125.00
0.324640	125.00
0.324660	126.00
0.324680	125.00
0.324700	124.00
0.324720	124.00
0.324740	124.00
0.324760	125.00
0.324780	125.00
0.324800	124.00
0.324820	124.00
0.324840	124.00
0.324860	125.00
0.324880	125.00
0.324900	124.00
0.324920	124.00
0.324940	124.00
0.324960	124.00
0.324980	124.00
0.325000	123.00
0.325020	122.00
0.325040	122.00
0.325060	121.00
0.325080	121.00
0.325100	120.00
0.325120	121.00
0.325140	122.00
0.325160	124.00
0.325180	126.00
0.325200	129.00
0.325220	133.00
0.325240	138.00
0.325260	142.00
0.325280	146.00
0.325300	147.00
0.325320	146.00
0.325340	142.00
0.325360	135.00
0.325380	125.00
0.325400	114.00
0.325420	104.00
0.325440	96.00
0.325460	89.00
0.325480	83.00
0.325500	79.00
0.325520	79.00
0.325540	84.00
0.325560	94.00
0.325580	108.00
0.325600	126.00
0.325620	144.00
0.325640	162.00
0.325660	177.00
0.325680	187.00
0.325700	192.00
0.325720	194.00
0.325740	192.00
0.325760	186.00
0.325780	172.00
0.325800	151.00
0.325820	124.00
0.325840	94.00
0.325860	65.00
0.325880	38.00
0.325900	17.00
0.325920	5.00
0.325940	3.00
0.325960	12.00
0.325980	31.00
0.326000	61.00
0.326020	102.00
0.326040	150.00
0.326060	195.00
0.326080	230.00
0.326100	249.00
0.326120	255.00
0.326140	255.00
0.326160	250.00
0.326180	236.00
0.326200	208.00
0.326220	162.00
0.326240	105.00
0.326260	48.00
0.326280	9.00
0.326300	0.00
0.326320	0.00
0.326340	6.00
0.326360	6.00
0.326380	0.00
0.326400	0.00
0.326420	19.00
0.326440	73.00
0.326460	144.00
0.326480	207.00
0.326500	244.00
0.326520	255.00
0.326540	255.00
0.326560	255.00
0.326580	255.00
0.326600	252.00
0.326620	235.00
0.326640	199.00
0.326660	147.00
0.326680	87.00
0.326700	36.00
0.326720	5.00
0.326740	0.00
0.326760	1.00
0.326780	5.00
0.326800	1.00
0.326820	0.00
0.326840	6.00
0.326860	39.00
0.326880	91.00
0.326900	146.00
0.326920	192.00
0.326940	223.00
0.326960	239.00
0.326980	246.00
0.327000	245.00
0.327020	238.00
0.327040	223.00
0.327060	201.00
0.327080	171.00
0.327100	137.00
0.327120	102.00
0.327140	69.00
0.327160	43.00
0.327180	26.00
0.327200	17.00
0.327220	18.00
0.327240	27.00
0.327260	44.00
0.327280	67.00
0.327300	93.00
0.327320	120.00
0.327340	145.00
0.327360	166.00
0.327380	182.00
0.327400	192.00
0.327420	194.00
0.327440	191.00
0.327460	183.00
0.327480	172.00
0.327500	157.00
0.327520	140.00
0.327540	123.00
0.327560	108.00
0.327580	95.00
0.327600	86.00
0.327620	81.00
0.327640	79.00
0.327660	82.00
0.327680	88.00
0.327700	97.00
0.327720	107.00
0.327740	117.00
0.327760	128.00
0.327780	138.00
0.327800	146.00
0.327820	150.00
0.327840	153.00
0.327860	153.00
0.327880	151.00
0.327900	147.00
0.327920	142.00
0.327940	135.00
0.327960	128.00
0.327980	122.00
0.328000	116.00
0.328020	111.00
0.328040	108.00
0.328060	107.00
0.328080	107.00
0.328100	109.00
0.328120	112.00
0.328140	115.00
0.328160	119.00
0.328180	124.00
0.328200	128.00
0.328220	131.00
0.328240	134.00
0.328260	135.00
0.328280	136.00
0.328300	136.00
0.328320	134.00
0.328340	132.00
0.328360	130.00
0.328380	128.00
0.328400	125.00
0.328420	122.00
0.328440	120.00
0.328460	119.00
0.328480	119.00
0.328500	118.00
0.328520	118.00
0.328540	118.00
0.328560	119.00
0.328580	121.00
0.328600	123.00
0.328620	125.00
0.328640	127.00
0.328660	128.00
0.328680	129.00
0.328700	129.00
0.328720	129.00
0.328740	129.00
0.328760	129.00
0.328780	128.00
0.328800	127.00
0.328820	125.00
0.328840	124.00
0.328860	123.00
0.328880	123.00
0.328900	123.00
0.328920	122.00
0.328940	122.00
0.328960	122.00
0.328980	123.00
0.329000	124.00
0.329020	124.00
0.329040	124.00
0.329060	125.00
0.329080	126.00
0.329100	127.00
0.329120	127.00
0.329140	127.00
0.329160	127.00
0.329180	127.00
0.329200	127.00
0.329220	126.00
0.329240	125.00
0.329260	124.00
0.329280	124.00
0.329300	124.00
0.329320	124.00
0.329340	124.00
0.329360	123.00
0.329380	123.00
0.329400	124.00
0.329420	124.00
0.329440	124.00
0.329460	125.00
0.329480	125.00
0.329500	126.00
0.329520	126.00
0.329540	126.00
0.329560	126.00
0.329580	126.00
0.329600	126.00
0.329620	126.00
0.329640	126.00
0.329660	125.00
0.329680	125.00
0.329700	125.00
0.329720	124.00
0.329740	124.00
0.329760	124.00
0.329780	124.00
0.329800	124.00
0.329820	124.00
0.329840	124.00
0.329860	124.00
0.329880	124.00
0.329900	125.00
0.329920	125.00
0.329940	125.00
0.329960	125.00
0.329980	126.00
0.330000	126.00
0.330020	126.00
0.330040	126.00
0.330060	125.00
0.330080	125.00
0.330100	125.00
0.330120	125.00
0.330140	125.00
0.330160	124.00
0.330180	124.00
0.330200	124.00
0.330220	125.00
0.330240	125.00
0.330260	125.00
0.330280	125.00
0.330300	125.00
0.330320	125.00
0.330340	125.00
0.330360	125.00
0.330380	125.00
0.330400	125.00
0.330420	125.00
0.330440	125.00
0.330460	125.00
0.330480	125.00
0.330500	125.00
0.330520	125.00
0.330540	125.00
0.330560	125.00
0.330580	125.00
0.330600	125.00
0.330620	125.00
0.330640	125.00
0.330660	125.00
0.330680	126.00
0.330700	126.00
0.330720	126.00
0.330740	126.00
0.330760	125.00
0.330780	125.00
0.330800	125.00
0.330820	125.00
0.330840	125.00
0.330860	125.00
0.330880	125.00
0.330900	125.00
0.330920	125.00
0.330940	125.00
0.330960	125.00
0.330980	125.00
0.331000	125.00
0.331020	125.00
0.331040	125.00
0.331060	125.00
0.331080	125.00
0.331100	125.00
0.331120	125.00
0.331140	125.00
0.331160	125.00
0.331180	125.00
0.331200	125.00
0.331220	125.00
0.331240	125.00
0.331260	126.00
0.331280	126.00
0.331300	126.00
0.331320	126.00
0.331340	126.00
0.331360	126.00
0.331380	125.00
0.331400	124.00
0.331420	123.00
0.331440	122.00
0.331460	122.00
0.331480	121.00
0.331500	120.00
0.331520	120.00
0.331540	120.00
0.331560	121.00
0.331580	123.00
0.331600	126.00
0.331620	128.00
0.331640	130.00
0.331660	132.00
0.331680	134.00
0.331700	135.00
0.331720	135.00
0.331740	135.00
0.331760	134.00
0.331780	132.00
0.331800	128.00
0.331820	124.00
0.331840	119.00
0.331860	115.00
0.331880	112.00
0.331900	110.00
0.331920	109.00
0.331940	108.00
0.331960	108.00
0.331980	110.00
0.332000	113.00
0.332020	119.00
0.332040	126.00
0.332060	134.00
0.332080	141.00
0.332100	147.00
0.332120	152.00
0.332140	155.00
0.332160	155.00
0.332180	153.00
0.332200	148.00
0.332220	139.00
0.332240	128.00
0.332260	116.00
0.332280	104.00
0.332300	92.00
0.332320	83.00
0.332340	78.00
0.332360	77.00
0.332380	81.00
0.332400	89.00
0.332420	101.00
0.332440	115.00
0.332460	131.00
0.332480	147.00
0.332500	162.00
0.332520	173.00
0.332540	181.00
0.332560	183.00
0.332580	181.00
0.332600	174.00
0.332620	162.00
0.332640	147.00
0.332660	129.00
0.332680	111.00
0.332700	94.00
0.332720	80.00
0.332740	70.00
0.332760	64.00
0.332780	64.00
0.332800	69.00
0.332820	79.00
0.332840	92.00
0.332860	107.00
0.332880	124.00
0.332900	141.00
0.332920	156.00
0.332940	167.00
0.332960	174.00
0.332980	176.00
0.333000	175.00
0.333020	169.00
0.333040	160.00
0.333060	149.00
0.333080	136.00
0.333100	123.00
0.333120	110.00
0.333140	100.00
0.333160	92.00
0.333180	87.00
0.333200	86.00
0.333220	87.00
0.333240	92.00
0.333260	100.00
0.333280	109.00
0.333300	119.00
0.333320	128.00
0.333340	137.00
0.333360	144.00
0.333380	149.00
0.333400	152.00
0.333420	152.00
0.333440	150.00
0.333460	146.00
0.333480	141.00
0.333500	135.00
0.333520	129.00
0.333540	122.00
0.333560	116.00
0.333580	111.00
0.333600	108.00
0.333620	107.00
0.333640	107.00
0.333660	108.00
0.333680	111.00
0.333700	115.00
0.333720	120.00
0.333740	124.00
0.333760	128.00
0.333780	131.00
0.333800	134.00
0.333820	135.00
0.333840	136.00
0.333860	136.00
0.333880	135.00
0.333900	133.00
0.333920	131.00
0.333940	128.00
0.333960	126.00
0.333980	123.00
0.334000	121.00
0.334020	120.00
0.334040	119.00
0.334060	118.00
0.334080	118.00
0.334100	119.00
0.334120	120.00
0.334140	122.00
0.334160	124.00
0.334180	126.00
0.334200	127.00
0.334220	128.00
0.334240	129.00
0.334260	130.00
0.334280	130.00
0.334300	130.00
0.334320	129.00
0.334340	128.00
0.334360	127.00
0.334380	126.00
0.334400	125.00
0.334420	124.00
0.334440	123.00
0.334460	123.00
0.334480	122.00
0.334500	122.00
0.334520	122.00
0.334540	123.00
0.334560	123.00
0.334580	123.00
0.334600	124.00
0.334620	124.00
0.334640	125.00
0.334660	126.00
0.334680	126.00
0.334700	126.00
0.334720	126.00
0.334740	126.00
0.334760	126.00
0.334780	126.00
0.334800	126.00
0.334820	125.00
0.334840	125.00
0.334860	125.00
0.334880	125.00
0.334900	125.00
0.334920	124.00
0.334940	124.00
0.334960	124.00
0.334980	124.00
0.335000	124.00
0.335020	124.00
0.335040	124.00
0.335060	125.00
0.335080	125.00
0.335100	125.00
0.335120	125.00
0.335140	125.00
0.335160	125.00
0.335180	126.00
0.335200	126.00
0.335220	126.00
0.335240	125.00
0.335260	125.00
0.335280	125.00
0.335300	125.00
0.335320	125.00
0.335340	125.00
0.335360	125.00
0.335380	125.00
0.335400	125.00
0.335420	125.00
0.335440	125.00
0.335460	125.00
0.335480	125.00
0.335500	124.00
0.335520	124.00
0.335540	124.00
0.335560	124.00
0.335580	124.00
0.335600	124.00
0.335620	124.00
0.335640	124.00
0.335660	125.00
0.335680	125.00
0.335700	125.00
0.335720	125.00
0.335740	125.00
0.335760	125.00
0.335780	125.00
0.335800	125.00
0.335820	125.00
0.335840	125.00
0.335860	124.00
0.335880	124.00
0.335900	124.00
0.335920	124.00
0.335940	124.00
0.335960	124.00
0.335980	124.00
0.336000	125.00
0.336020	125.00
0.336040	125.00
0.336060	125.00
0.336080	126.00
0.336100	126.00
0.336120	126.00
0.336140	126.00
0.336160	126.00
0.336180	126.00
0.336200	126.00
0.336220	126.00
0.336240	126.00
0.336260	125.00
0.336280	125.00
0.336300	125.00
0.336320	124.00
0.336340	124.00
0.336360	124.00
0.336380	124.00
0.336400	124.00
0.336420	124.00
0.336440	124.00
0.336460	124.00
0.336480	124.00
0.336500	124.00
0.336520	124.00
0.336540	125.00
0.336560	125.00
0.336580	125.00
0.336600	125.00
0.336620	125.00
0.336640	125.00
0.336660	126.00
0.336680	126.00
0.336700	126.00
0.336720	125.00
0.336740	125.00
0.336760	124.00
0.336780	124.00
0.336800	124.00
0.336820	124.00
0.336840	124.00
0.336860	124.00
0.336880	124.00
0.336900	125.00
0.336920	125.00
0.336940	124.00
0.336960	124.00
0.336980	124.00
0.337000	125.00
0.337020	125.00
0.337040	125.00
0.337060	125.00
0.337080	125.00
0.337100	126.00
0.337120	126.00
0.337140	126.00
0.337160	125.00
0.337180	125.00
0.337200	125.00
0.337220	125.00
0.337240	125.00
0.337260	125.00
0.337280	125.00
0.337300	125.00
0.337320	125.00
0.337340	125.00
0.337360	125.00
0.337380	125.00
0.337400	125.00
0.337420	125.00
0.337440	125.00
0.337460	125.00
0.337480	125.00
0.337500	125.00
0.337520	125.00
0.337540	126.00
0.337560	126.00
0.337580	126.00
0.337600	125.00
0.337620	125.00
0.337640	124.00
0.337660	124.00
0.337680	123.00
0.337700	122.00
0.337720	122.00
0.337740	122.00
0.337760	122.00
0.337780	123.00
0.337800	124.00
0.337820	125.00
0.337840	127.00
0.337860	128.00
0.337880	129.00
0.337900	130.00
0.337920	131.00
0.337940	131.00
0.337960	131.00
0.337980	130.00
0.338000	128.00
0.338020	126.00
0.338040	123.00
0.338060	121.00
0.338080	119.00
0.338100	117.00
0.338120	116.00
0.338140	115.00
0.338160	115.00
0.338180	115.00
0.338200	116.00
0.338220	118.00
0.338240	121.00
0.338260	125.00
0.338280	130.00
0.338300	134.00
0.338320	138.00
0.338340	141.00
0.338360	143.00
0.338380	143.00
0.338400	142.00
0.338420	138.00
0.338440	133.00
0.338460	126.00
0.338480	119.00
0.338500	112.00
0.338520	105.00
0.338540	100.00
0.338560	97.00
0.338580	96.00
0.338600	98.00
0.338620	103.00
0.338640	110.00
0.338660	119.00
0.338680	129.00
0.338700	139.00
0.338720	148.00
0.338740	155.00
0.338760	159.00
0.338780	160.00
0.338800	158.00
0.338820	154.00
0.338840	147.00
0.338860	137.00
0.338880	127.00
0.338900	116.00
0.338920	106.00
0.338940	98.00
0.338960	92.00
0.338980	89.00
0.339000	89.00
0.339020	93.00
0.339040	99.00
0.339060	107.00
0.339080	116.00
0.339100	125.00
0.339120	135.00
0.339140	143.00
0.339160	150.00
0.339180	154.00
0.339200	155.00
0.339220	153.00
0.339240	149.00
0.339260	144.00
0.339280	138.00
0.339300	130.00
0.339320	123.00
0.339340	115.00
0.339360	110.00
0.339380	105.00
0.339400	103.00
0.339420	102.00
0.339440	104.00
0.339460	107.00
0.339480	112.00
0.339500	118.00
0.339520	123.00
0.339540	128.00
0.339560	133.00
0.339580	137.00
0.339600	139.00
0.339620	140.00
0.339640	140.00
0.339660	139.00
0.339680	137.00
0.339700	134.00
0.339720	130.00
0.339740	126.00
0.339760	122.00
0.339780	119.00
0.339800	117.00
0.339820	115.00
0.339840	115.00
0.339860	115.00
0.339880	117.00
0.339900	118.00
0.339920	120.00
0.339940	122.00
0.339960	125.00
0.339980	127.00
0.340000	129.00
0.340020	130.00
0.340040	131.00
0.340060	131.00
0.340080	131.00
0.340100	130.00
0.340120	129.00
0.340140	127.00
0.340160	126.00
0.340180	125.00
0.340200	124.00
0.340220	123.00
0.340240	122.00
0.340260	121.00
0.340280	121.00
0.340300	122.00
0.340320	122.00
0.340340	123.00
0.340360	123.00
0.340380	124.00
0.340400	125.00
0.340420	126.00
0.340440	127.00
0.340460	127.00
0.340480	127.00
0.340500	127.00
0.340520	127.00
0.340540	126.00
0.340560	126.00
0.340580	125.00
0.340600	124.00
0.340620	124.00
0.340640	124.00
0.340660	124.00
0.340680	124.00
0.340700	124.00
0.340720	124.00
0.340740	124.00
0.340760	124.00
0.340780	125.00
0.340800	125.00
0.340820	125.00
0.340840	125.00
0.340860	125.00
0.340880	125.00
0.340900	125.00
0.340920	126.00
0.340940	126.00
0.340960	126.00
0.340980	126.00
0.341000	125.00
0.341020	125.00
0.341040	125.00
0.341060	125.00
0.341080	125.00
0.341100	125.00
0.341120	125.00
0.341140	125.00
0.341160	125.00
0.341180	125.00
0.341200	124.00
0.341220	124.00
0.341240	124.00
0.341260	125.00
0.341280	125.00
0.341300	125.00
0.341320	125.00
0.341340	125.00
0.341360	125.00
0.341380	125.00
0.341400	125.00
0.341420	125.00
0.341440	125.00
0.341460	125.00
0.341480	125.00
0.341500	125.00
0.341520	125.00
0.341540	125.00
0.341560	125.00
0.341580	126.00
0.341600	126.00
0.341620	125.00
0.341640	125.00
0.341660	124.00
0.341680	124.00
0.341700	124.00
0.341720	124.00
0.341740	124.00
0.341760	124.00
0.341780	124.00
0.341800	124.00
0.341820	124.00
0.341840	125.00
0.341860	125.00
0.341880	126.00
0.341900	126.00
0.341920	126.00
0.341940	126.00
0.341960	126.00
0.341980	126.00
0.342000	126.00
0.342020	126.00
0.342040	126.00
0.342060	125.00
0.342080	125.00
0.342100	124.00
0.342120	124.00
0.342140	124.00
0.342160	124.00
0.342180	124.00
0.342200	123.00
0.342220	123.00
0.342240	124.00
0.342260	125.00
0.342280	125.00
0.342300	125.00
0.342320	125.00
0.342340	125.00
0.342360	125.00
0.342380	126.00
0.342400	126.00
0.342420	126.00
0.342440	126.00
0.342460	126.00
0.342480	125.00
0.342500	125.00
0.342520	125.00
0.342540	124.00
0.342560	124.00
0.342580	124.00
0.342600	124.00
0.342620	124.00
0.342640	124.00
0.342660	124.00
0.342680	125.00
0.342700	125.00
0.342720	125.00
0.342740	125.00
0.342760	125.00
0.342780	125.00
0.342800	125.00
0.342820	125.00
0.342840	125.00
0.342860	125.00
0.342880	125.00
0.342900	125.00
0.342920	125.00
0.342940	125.00
0.342960	125.00
0.342980	125.00
0.343000	125.00
0.343020	125.00
0.343040	125.00
0.343060	125.00
0.343080	125.00
0.343100	125.00
0.343120	125.00
0.343140	125.00
0.343160	125.00
0.343180	125.00
0.343200	125.00
0.343220	125.00
0.343240	125.00
0.343260	125.00
0.343280	125.00
0.343300	125.00
0.343320	125.00
0.343340	125.00
0.343360	125.00
0.343380	125.00
0.343400	125.00
0.343420	125.00
0.343440	125.00
0.343460	124.00
0.343480	124.00
0.343500	124.00
0.343520	125.00
0.343540	125.00
0.343560	125.00
0.343580	125.00
0.343600	125.00
0.343620	125.00
0.343640	125.00
0.343660	125.00
0.343680	125.00
0.343700	125.00
0.343720	125.00
0.343740	125.00
0.343760	125.00
0.343780	125.00
0.343800	125.00
0.343820	125.00
0.343840	125.00
0.343860	125.00
0.343880	125.00
0.343900	124.00
0.343920	123.00
0.343940	122.00
0.343960	122.00
0.343980	122.00
0.344000	123.00
0.344020	124.00
0.344040	125.00
0.344060	126.00
0.344080	128.00
0.344100	129.00
0.344120	129.00
0.344140	130.00
0.344160	129.00
0.344180	129.00
0.344200	128.00
0.344220	127.00
0.344240	126.00
0.344260	125.00
0.344280	123.00
0.344300	121.00
0.344320	120.00
0.344340	119.00
0.344360	118.00
0.344380	118.00
0.344400	118.00
0.344420	119.00
0.344440	120.00
0.344460	122.00
0.344480	125.00
0.344500	128.00
0.344520	131.00
0.344540	133.00
0.344560	135.00
0.344580	137.00
0.344600	137.00
0.344620	136.00
0.344640	134.00
0.344660	130.00
0.344680	126.00
0.344700	121.00
0.344720	116.00
0.344740	112.00
0.344760	109.00
0.344780	107.00
0.344800	107.00
0.344820	108.00
0.344840	111.00
0.344860	116.00
0.344880	122.00
0.344900	128.00
0.344920	134.00
0.344940	140.00
0.344960	144.00
0.344980	147.00
0.345000	148.00
0.345020	147.00
0.345040	143.00
0.345060	139.00
0.345080	133.00
0.345100	127.00
0.345120	120.00
0.345140	113.00
0.345160	108.00
0.345180	104.00
0.345200	102.00
0.345220	102.00
0.345240	104.00
0.345260	108.00
0.345280	113.00
0.345300	119.00
0.345320	125.00
0.345340	131.00
0.345360	136.00
0.345380	140.00
0.345400	142.00
0.345420	143.00
0.345440	142.00
0.345460	140.00
0.345480	137.00
0.345500	133.00
0.345520	129.00
0.345540	124.00
0.345560	120.00
0.345580	116.00
0.345600	113.00
0.345620	111.00
0.345640	111.00
0.345660	111.00
0.345680	113.00
0.345700	116.00
0.345720	119.00
0.345740	122.00
0.345760	125.00
0.345780	128.00
0.345800	132.00
0.345820	134.00
0.345840	135.00
0.345860	135.00
0.345880	134.00
0.345900	133.00
0.345920	131.00
0.345940	129.00
0.345960	127.00
0.345980	124.00
0.346000	121.00
0.346020	120.00
0.346040	119.00
0.346060	118.00
0.346080	118.00
0.346100	119.00
0.346120	120.00
0.346140	122.00
0.346160	124.00
0.346180	125.00
0.346200	126.00
0.346220	127.00
0.346240	128.00
0.346260	129.00
0.346280	129.00
0.346300	129.00
0.346320	128.00
0.346340	128.00
0.346360	127.00
0.346380	126.00
0.346400	125.00
0.346420	124.00
0.346440	123.00
0.346460	123.00
0.346480	122.00
0.346500	122.00
0.346520	122.00
0.346540	122.00
0.346560	123.00
0.346580	123.00
0.346600	124.00
0.346620	125.00
0.346640	126.00
0.346660	126.00
0.346680	126.00
0.346700	126.00
0.346720	126.00
0.346740	126.00
0.346760	126.00
0.346780	126.00
0.346800	125.00
0.346820	125.00
0.346840	125.00
0.346860	125.00
0.346880	125.00
0.346900	124.00
0.346920	124.00
0.346940	124.00
0.346960	124.00
0.346980	124.00
0.347000	124.00
0.347020	124.00
0.347040	124.00
0.347060	125.00
0.347080	125.00
0.347100	126.00
0.347120	126.00
0.347140	126.00
0.347160	126.00
0.347180	125.00
0.347200	125.00
0.347220	125.00
0.347240	125.00
0.347260	125.00
0.347280	125.00
0.347300	124.00
0.347320	124.00
0.347340	124.00
0.347360	124.00
0.347380	124.00
0.347400	124.00
0.347420	124.00
0.347440	124.00
0.347460	124.00
0.347480	124.00
0.347500	125.00
0.347520	125.00
0.347540	125.00
0.347560	125.00
0.347580	125.00
0.347600	126.00
0.347620	126.00
0.347640	126.00
0.347660	126.00
0.347680	126.00
0.347700	126.00
0.347720	125.00
0.347740	125.00
0.347760	125.00
0.347780	124.00
0.347800	124.00
0.347820	124.00
0.347840	124.00
0.347860	124.00
0.347880	124.00
0.347900	124.00
0.347920	124.00
0.347940	124.00
0.347960	124.00
0.347980	124.00
0.348000	125.00
0.348020	125.00
0.348040	125.00
0.348060	125.00
0.348080	125.00
0.348100	125.00
0.348120	125.00
0.348140	126.00
0.348160	126.00
0.348180	125.00
0.348200	125.00
0.348220	125.00
0.348240	125.00
0.348260	125.00
0.348280	125.00
0.348300	125.00
0.348320	124.00
0.348340	124.00
0.348360	124.00
0.348380	124.00
0.348400	124.00
0.348420	124.00
0.348440	124.00
0.348460	125.00
0.348480	125.00
0.348500	125.00
0.348520	126.00
0.348540	126.00
0.348560	126.00
0.348580	126.00
0.348600	126.00
0.348620	126.00
0.348640	126.00
0.348660	126.00
0.348680	125.00
0.348700	124.00
0.348720	124.00
0.348740	124.00
0.348760	124.00
0.348780	124.00
0.348800	124.00
0.348820	124.00
0.348840	124.00
0.348860	124.00
0.348880	125.00
0.348900	125.00
0.348920	125.00
0.348940	125.00
0.348960	126.00
0.348980	126.00
0.349000	126.00
0.349020	126.00
0.349040	126.00
0.349060	126.00
0.349080	125.00
0.349100	125.00
0.349120	125.00
0.349140	125.00
0.349160	125.00
0.349180	125.00
0.349200	125.00
0.349220	125.00
0.349240	125.00
0.349260	125.00
0.349280	124.00
0.349300	124.00
0.349320	124.00
0.349340	125.00
0.349360	125.00
0.349380	125.00
0.349400	125.00
0.349420	125.00
0.349440	125.00
0.349460	126.00
0.349480	126.00
0.349500	126.00
0.349520	125.00
0.349540	125.00
0.349560	124.00
0.349580	125.00
0.349600	125.00
0.349620	125.00
0.349640	125.00
0.349660	125.00
0.349680	124.00
0.349700	124.00
0.349720	124.00
0.349740	125.00
0.349760	125.00
0.349780	125.00
0.349800	125.00
0.349820	125.00
0.349840	125.00
0.349860	126.00
0.349880	126.00
0.349900	125.00
0.349920	125.00
0.349940	125.00
0.349960	125.00
0.349980	126.00
0.350000	126.00
0.350020	125.00
0.350040	125.00
0.350060	125.00
0.350080	125.00
0.350100	124.00
0.350120	124.00
0.350140	124.00
0.350160	124.00
0.350180	123.00
0.350200	124.00
0.350220	124.00
0.350240	125.00
0.350260	126.00
0.350280	126.00
0.350300	126.00
0.350320	127.00
0.350340	128.00
0.350360	128.00
0.350380	128.00
0.350400	128.00
0.350420	127.00
0.350440	126.00
0.350460	125.00
0.350480	124.00
0.350500	123.00
0.350520	122.00
0.350540	121.00
0.350560	121.00
0.350580	120.00
0.350600	120.00
0.350620	120.00
0.350640	121.00
0.350660	122.00
0.350680	123.00
0.350700	125.00
0.350720	127.00
0.350740	129.00
0.350760	131.00
0.350780	132.00
0.350800	133.00
0.350820	133.00
0.350840	132.00
0.350860	131.00
0.350880	128.00
0.350900	125.00
0.350920	122.00
0.350940	119.00
0.350960	116.00
0.350980	114.00
0.351000	113.00
0.351020	113.00
0.351040	114.00
0.351060	116.00
0.351080	119.00
0.351100	123.00
0.351120	127.00
0.351140	131.00
0.351160	134.00
0.351180	137.00
0.351200	139.00
0.351220	140.00
0.351240	139.00
0.351260	137.00
0.351280	134.00
0.351300	130.00
0.351320	126.00
0.351340	122.00
0.351360	118.00
0.351380	114.00
0.351400	112.00
0.351420	110.00
0.351440	110.00
0.351460	111.00
0.351480	113.00
0.351500	116.00
0.351520	120.00
0.351540	124.00
0.351560	128.00
0.351580	131.00
0.351600	134.00
0.351620	136.00
0.351640	137.00
0.351660	137.00
0.351680	136.00
0.351700	134.00
0.351720	131.00
0.351740	128.00
0.351760	125.00
0.351780	122.00
0.351800	120.00
0.351820	118.00
0.351840	117.00
0.351860	116.00
0.351880	116.00
0.351900	117.00
0.351920	119.00
0.351940	121.00
0.351960	123.00
0.351980	125.00
0.352000	127.00
0.352020	129.00
0.352040	130.00
0.352060	131.00
0.352080	132.00
0.352100	131.00
0.352120	130.00
0.352140	129.00
0.352160	127.00
0.352180	125.00
0.352200	124.00
0.352220	123.00
0.352240	122.00
0.352260	122.00
0.352280	122.00
0.352300	122.00
0.352320	122.00
0.352340	123.00
0.352360	123.00
0.352380	124.00
0.352400	125.00
0.352420	126.00
0.352440	127.00
0.352460	127.00
0.352480	127.00
0.352500	127.00
0.352520	127.00
0.352540	127.00
0.352560	126.00
0.352580	126.00
0.352600	125.00
0.352620	124.00
0.352640	124.00
0.352660	124.00
0.352680	124.00
0.352700	123.00
0.352720	123.00
0.352740	124.00
0.352760	125.00
0.352780	125.00
0.352800	125.00
0.352820	125.00
0.352840	125.00
0.352860	125.00
0.352880	126.00
0.352900	126.00
0.352920	125.00
0.352940	126.00
0.352960	126.00
0.352980	126.00
0.353000	126.00
0.353020	126.00
0.353040	126.00
0.353060	126.00
0.353080	125.00
0.353100	125.00
0.353120	124.00
0.353140	124.00
0.353160	124.00
0.353180	124.00
0.353200	125.00
0.353220	125.00
0.353240	125.00
0.353260	125.00
0.353280	125.00
0.353300	125.00
0.353320	125.00
0.353340	125.00
0.353360	125.00
0.353380	125.00
0.353400	125.00
0.353420	125.00
0.353440	125.00
0.353460	125.00
0.353480	125.00
0.353500	124.00
0.353520	124.00
0.353540	124.00
0.353560	124.00
0.353580	125.00
0.353600	125.00
0.353620	125.00
0.353640	125.00
0.353660	125.00
0.353680	125.00
0.353700	125.00
0.353720	125.00
0.353740	124.00
0.353760	124.00
0.353780	124.00
0.353800	125.00
0.353820	125.00
0.353840	125.00
0.353860	125.00
0.353880	125.00
0.353900	125.00
0.353920	125.00
0.353940	125.00
0.353960	125.00
0.353980	125.00
0.354000	125.00
0.354020	125.00
0.354040	124.00
0.354060	124.00
0.354080	124.00
0.354100	124.00
0.354120	125.00
0.354140	125.00
0.354160	124.00
0.354180	124.00
0.354200	125.00
0.354220	125.00
0.354240	125.00
0.354260	125.00
0.354280	125.00
0.354300	126.00
0.354320	126.00
0.354340	126.00
0.354360	126.00
0.354380	125.00
0.354400	125.00
0.354420	125.00
0.354440	125.00
0.354460	125.00
0.354480	124.00
0.354500	124.00
0.354520	124.00
0.354540	124.00
0.354560	123.00
0.354580	123.00
0.354600	123.00
0.354620	124.00
0.354640	124.00
0.354660	125.00
0.354680	125.00
0.354700	125.00
0.354720	126.00
0.354740	126.00
0.354760	126.00
0.354780	126.00
0.354800	126.00
0.354820	126.00
0.354840	126.00
0.354860	125.00
0.354880	125.00
0.354900	124.00
0.354920	124.00
0.354940	124.00
0.354960	124.00
0.354980	124.00
0.355000	124.00
0.355020	124.00
0.355040	125.00
0.355060	125.00
0.355080	125.00
0.355100	124.00
0.355120	125.00
0.355140	125.00
0.355160	126.00
0.355180	126.00
0.355200	126.00
0.355220	125.00
0.355240	125.00
0.355260	125.00
0.355280	125.00
0.355300	125.00
0.355320	125.00
0.355340	125.00
0.355360	125.00
0.355380	125.00
0.355400	125.00
0.355420	124.00
0.355440	124.00
0.355460	124.00
0.355480	124.00
0.355500	124.00
0.355520	125.00
0.355540	125.00
0.355560	125.00
0.355580	125.00
0.355600	125.00
0.355620	125.00
0.355640	125.00
0.355660	125.00
0.355680	125.00
0.355700	125.00
0.355720	125.00
0.355740	125.00
0.355760	125.00
0.355780	125.00
0.355800	125.00
0.355820	124.00
0.355840	124.00
0.355860	124.00
0.355880	125.00
0.355900	125.00
0.355920	125.00
0.355940	125.00
0.355960	125.00
0.355980	125.00
0.356000	125.00
0.356020	125.00
0.356040	125.00
0.356060	124.00
0.356080	125.00
0.356100	125.00
0.356120	125.00
0.356140	125.00
0.356160	125.00
0.356180	125.00
0.356200	125.00
0.356220	125.00
0.356240	125.00
0.356260	125.00
0.356280	124.00
0.356300	124.00
0.356320	124.00
0.356340	124.00
0.356360	124.00
0.356380	124.00
0.356400	124.00
0.356420	124.00
0.356440	124.00
0.356460	124.00
0.356480	125.00
0.356500	126.00
0.356520	126.00
0.356540	126.00
0.356560	126.00
0.356580	126.00
0.356600	126.00
0.356620	127.00
0.356640	126.00
0.356660	126.00
0.356680	125.00
0.356700	124.00
0.356720	124.00
0.356740	123.00
0.356760	123.00
0.356780	122.00
0.356800	122.00
0.356820	122.00
0.356840	123.00
0.356860	123.00
0.356880	123.00
0.356900	124.00
0.356920	125.00
0.356940	126.00
0.356960	128.00
0.356980	129.00
0.357000	130.00
0.357020	130.00
0.357040	130.00
0.357060	130.00
0.357080	129.00
0.357100	127.00
0.357120	125.00
0.357140	123.00
0.357160	121.00
0.357180	119.00
0.357200	118.00
0.357220	117.00
0.357240	117.00
0.357260	117.00
0.357280	119.00
0.357300	120.00
0.357320	123.00
0.357340	125.00
0.357360	128.00
0.357380	131.00
0.357400	133.00
0.357420	134.00
0.357440	135.00
0.357460	134.00
0.357480	133.00
0.357500	131.00
0.357520	129.00
0.357540	126.00
0.357560	123.00
0.357580	121.00
0.357600	118.00
0.357620	116.00
0.357640	115.00
0.357660	114.00
0.357680	115.00
0.357700	117.00
0.357720	119.00
0.357740	122.00
0.357760	125.00
0.357780	127.00
0.357800	129.00
0.357820	131.00
0.357840	133.00
0.357860	134.00
0.357880	134.00
0.357900	133.00
0.357920	132.00
0.357940	130.00
0.357960	128.00
0.357980	125.00
0.358000	123.00
0.358020	121.00
0.358040	119.00
0.358060	119.00
0.358080	119.00
0.358100	119.00
0.358120	120.00
0.358140	120.00
0.358160	122.00
0.358180	123.00
0.358200	125.00
0.358220	126.00
0.358240	127.00
0.358260	128.00
0.358280	129.00
0.358300	129.00
0.358320	129.00
0.358340	129.00
0.358360	128.00
0.358380	127.00
0.358400	126.00
0.358420	124.00
0.358440	123.00
0.358460	122.00
0.358480	122.00
0.358500	122.00
0.358520	122.00
0.358540	122.00
0.358560	122.00
0.358580	123.00
0.358600	124.00
0.358620	124.00
0.358640	125.00
0.358660	125.00
0.358680	126.00
0.358700	126.00
0.358720	127.00
0.358740	126.00
0.358760	126.00
0.358780	127.00
0.358800	127.00
0.358820	127.00
0.358840	126.00
0.358860	125.00
0.358880	124.00
0.358900	123.00
0.358920	123.00
0.358940	123.00
0.358960	124.00
0.358980	124.00
0.359000	124.00
0.359020	124.00
0.359040	124.00
0.359060	124.00
0.359080	124.00
0.359100	125.00
0.359120	125.00
0.359140	125.00
0.359160	125.00
0.359180	126.00
0.359200	126.00
0.359220	126.00
0.359240	126.00
0.359260	126.00
0.359280	126.00
0.359300	125.00
0.359320	125.00
0.359340	124.00
0.359360	124.00
0.359380	124.00
0.359400	124.00
0.359420	124.00
0.359440	124.00
0.359460	124.00
0.359480	124.00
0.359500	125.00
0.359520	125.00
0.359540	125.00
0.359560	125.00
0.359580	125.00
0.359600	126.00
0.359620	126.00
0.359640	126.00
0.359660	125.00
0.359680	125.00
0.359700	125.00
0.359720	125.00
0.359740	125.00
0.359760	125.00
0.359780	125.00
0.359800	125.00
0.359820	125.00
0.359840	124.00
0.359860	124.00
0.359880	124.00
0.359900	125.00
0.359920	125.00
0.359940	125.00
0.359960	125.00
0.359980	126.00
