0.320000	101.00
0.320020	49.00
0.320040	102.00
0.320060	140.00
0.320080	144.00
0.320100	125.00
0.320120	113.00
0.320140	119.00
0.320160	131.00
0.320180	133.00
0.320200	124.00
0.320220	118.00
0.320240	121.00
0.320260	129.00
0.320280	130.00
0.320300	125.00
0.320320	120.00
0.320340	122.00
0.320360	127.00
0.320380	128.00
0.320400	124.00
0.320420	121.00
0.320440	122.00
0.320460	126.00
0.320480	127.00
0.320500	124.00
0.320520	121.00
0.320540	123.00
0.320560	126.00
0.320580	127.00
0.320600	125.00
0.320620	122.00
0.320640	124.00
0.320660	126.00
0.320680	127.00
0.320700	124.00
0.320720	122.00
0.320740	123.00
0.320760	126.00
0.320780	127.00
0.320800	125.00
0.320820	122.00
0.320840	123.00
0.320860	125.00
0.320880	126.00
0.320900	124.00
0.320920	123.00
0.320940	123.00
0.320960	125.00
0.320980	126.00
0.321000	124.00
0.321020	123.00
0.321040	123.00
0.321060	125.00
0.321080	125.00
0.321100	124.00
0.321120	123.00
0.321140	123.00
0.321160	125.00
0.321180	126.00
0.321200	125.00
0.321220	124.00
0.321240	125.00
0.321260	126.00
0.321280	127.00
0.321300	125.00
0.321320	123.00
0.321340	123.00
0.321360	125.00
0.321380	125.00
0.321400	124.00
0.321420	123.00
0.321440	124.00
0.321460	125.00
0.321480	125.00
0.321500	124.00
0.321520	124.00
0.321540	124.00
0.321560	126.00
0.321580	126.00
0.321600	125.00
0.321620	124.00
0.321640	124.00
0.321660	126.00
0.321680	126.00
0.321700	125.00
0.321720	124.00
0.321740	124.00
0.321760	125.00
0.321780	126.00
0.321800	125.00
0.321820	124.00
0.321840	124.00
0.321860	125.00
0.321880	125.00
0.321900	125.00
0.321920	124.00
0.321940	124.00
0.321960	125.00
0.321980	125.00
0.322000	124.00
0.322020	123.00
0.322040	124.00
0.322060	125.00
0.322080	125.00
0.322100	125.00
0.322120	124.00
0.322140	124.00
0.322160	125.00
0.322180	125.00
0.322200	125.00
0.322220	124.00
0.322240	124.00
0.322260	125.00
0.322280	125.00
0.322300	125.00
0.322320	124.00
0.322340	125.00
0.322360	125.00
0.322380	125.00
0.322400	124.00
0.322420	123.00
0.322440	124.00
0.322460	125.00
0.322480	125.00
0.322500	124.00
0.322520	124.00
0.322540	124.00
0.322560	125.00
0.322580	125.00
0.322600	124.00
0.322620	124.00
0.322640	124.00
0.322660	125.00
0.322680	125.00
0.322700	124.00
0.322720	124.00
0.322740	124.00
0.322760	125.00
0.322780	125.00
0.322800	124.00
0.322820	124.00
0.322840	124.00
0.322860	125.00
0.322880	125.00
0.322900	124.00
0.322920	124.00
0.322940	124.00
0.322960	125.00
0.322980	125.00
0.323000	124.00
0.323020	124.00
0.323040	124.00
0.323060	125.00
0.323080	125.00
0.323100	125.00
0.323120	124.00
0.323140	124.00
0.323160	124.00
0.323180	125.00
0.323200	124.00
0.323220	124.00
0.323240	125.00
0.323260	125.00
0.323280	126.00
0.323300	125.00
0.323320	125.00
0.323340	125.00
0.323360	126.00
0.323380	126.00
0.323400	125.00
0.323420	124.00
0.323440	124.00
0.323460	125.00
0.323480	126.00
0.323500	125.00
0.323520	125.00
0.323540	125.00
0.323560	126.00
0.323580	126.00
0.323600	125.00
0.323620	124.00
0.323640	124.00
0.323660	125.00
0.323680	125.00
0.323700	125.00
0.323720	125.00
0.323740	125.00
0.323760	125.00
0.323780	126.00
0.323800	125.00
0.323820	124.00
0.323840	124.00
0.323860	124.00
0.323880	125.00
0.323900	125.00
0.323920	125.00
0.323940	125.00
0.323960	125.00
0.323980	125.00
0.324000	125.00
0.324020	125.00
0.324040	125.00
0.324060	126.00
0.324080	126.00
0.324100	125.00
0.324120	124.00
0.324140	124.00
0.324160	124.00
0.324180	125.00
0.324200	125.00
0.324220	125.00
0.324240	124.00
0.324260	124.00
0.324280	124.00
0.324300	125.00
0.324320	125.00
0.324340	125.00
0.324360	125.00
0.324380	126.00
0.324400	125.00
0.324420	125.00
0.324440	125.00
0.324460	125.00
0.324480	126.00
0.324500	125.00
0.324520	125.00
0.324540	124.00
0.324560	124.00
0.324580	124.00
0.324600	125.00
0.324620	125.00
0.324640	125.00
0.324660	126.00
0.324680	126.00
0.324700	125.00
0.324720	125.00
0.324740	125.00
0.324760	125.00
0.324780	125.00
0.324800	124.00
0.324820	124.00
0.324840	124.00
0.324860	125.00
0.324880	125.00
0.324900	124.00
0.324920	124.00
0.324940	124.00
0.324960	125.00
0.324980	126.00
0.325000	125.00
0.325020	124.00
0.325040	124.00
0.325060	125.00
0.325080	125.00
0.325100	125.00
0.325120	124.00
0.325140	123.00
0.325160	123.00
0.325180	122.00
0.325200	122.00
0.325220	120.00
0.325240	120.00
0.325260	121.00
0.325280	123.00
0.325300	125.00
0.325320	127.00
0.325340	130.00
0.325360	134.00
0.325380	138.00
0.325400	142.00
0.325420	144.00
0.325440	145.00
0.325460	144.00
0.325480	140.00
0.325500	133.00
0.325520	122.00
0.325540	111.00
0.325560	101.00
0.325580	93.00
0.325600	87.00
0.325620	81.00
0.325640	79.00
0.325660	81.00
0.325680	87.00
0.325700	98.00
0.325720	113.00
0.325740	131.00
0.325760	150.00
0.325780	167.00
0.325800	180.00
0.325820	188.00
0.325840	192.00
0.325860	193.00
0.325880	191.00
0.325900	182.00
0.325920	165.00
0.325940	142.00
0.325960	114.00
0.325980	84.00
0.326000	55.00
0.326020	30.00
0.326040	12.00
0.326060	4.00
0.326080	6.00
0.326100	18.00
0.326120	40.00
0.326140	74.00
0.326160	118.00
0.326180	165.00
0.326200	208.00
0.326220	237.00
0.326240	252.00
0.326260	255.00
0.326280	255.00
0.326300	246.00
0.326320	228.00
0.326340	194.00
0.326360	144.00
0.326380	86.00
0.326400	34.00
0.326420	2.00
0.326440	0.00
0.326460	2.00
0.326480	7.00
0.326500	2.00
0.326520	0.00
0.326540	1.00
0.326560	36.00
0.326580	97.00
0.326600	166.00
0.326620	221.00
0.326640	251.00
0.326660	255.00
0.326680	255.00
0.326700	255.00
0.326720	255.00
0.326740	248.00
0.326760	225.00
0.326780	183.00
0.326800	126.00
0.326820	68.00
0.326840	23.00
0.326860	0.00
0.326880	0.00
0.326900	3.00
0.326920	4.00
0.326940	0.00
0.326960	0.00
0.326980	14.00
0.327000	53.00
0.327020	108.00
0.327040	163.00
0.327060	205.00
0.327080	230.00
0.327100	242.00
0.327120	246.00
0.327140	244.00
0.327160	235.00
0.327180	217.00
0.327200	192.00
0.327220	161.00
0.327240	126.00
0.327260	92.00
0.327280	61.00
0.327300	37.00
0.327320	22.00
0.327340	17.00
0.327360	21.00
0.327380	32.00
0.327400	52.00
0.327420	76.00
0.327440	103.00
0.327460	129.00
0.327480	153.00
0.327500	172.00
0.327520	185.00
0.327540	193.00
0.327560	194.00
0.327580	189.00
0.327600	179.00
0.327620	166.00
0.327640	150.00
0.327660	134.00
0.327680	117.00
0.327700	102.00
0.327720	91.00
0.327740	83.00
0.327760	80.00
0.327780	80.00
0.327800	84.00
0.327820	91.00
0.327840	101.00
0.327860	112.00
0.327880	122.00
0.327900	132.00
0.327920	141.00
0.327940	148.00
0.327960	152.00
0.327980	154.00
0.328000	153.00
0.328020	150.00
0.328040	145.00
0.328060	138.00
0.328080	131.00
0.328100	125.00
0.328120	119.00
0.328140	114.00
0.328160	110.00
0.328180	107.00
0.328200	106.00
0.328220	107.00
0.328240	110.00
0.328260	113.00
0.328280	117.00
0.328300	121.00
0.328320	125.00
0.328340	129.00
0.328360	133.00
0.328380	135.00
0.328400	137.00
0.328420	137.00
0.328440	136.00
0.328460	135.00
0.328480	133.00
0.328500	130.00
0.328520	127.00
0.328540	124.00
0.328560	122.00
0.328580	120.00
0.328600	119.00
0.328620	119.00
0.328640	119.00
0.328660	119.00
0.328680	120.00
0.328700	121.00
0.328720	123.00
0.328740	125.00
0.328760	126.00
0.328780	127.00
0.328800	128.00
0.328820	129.00
0.328840	129.00
0.328860	130.00
0.328880	129.00
0.328900	128.00
0.328920	128.00
0.328940	127.00
0.328960	125.00
0.328980	124.00
0.329000	123.00
0.329020	123.00
0.329040	123.00
0.329060	123.00
0.329080	123.00
0.329100	122.00
0.329120	122.00
0.329140	123.00
0.329160	124.00
0.329180	125.00
0.329200	125.00
0.329220	126.00
0.329240	127.00
0.329260	127.00
0.329280	127.00
0.329300	126.00
0.329320	126.00
0.329340	126.00
0.329360	126.00
0.329380	125.00
0.329400	125.00
0.329420	124.00
0.329440	124.00
0.329460	124.00
0.329480	124.00
0.329500	123.00
0.329520	123.00
0.329540	123.00
0.329560	124.00
0.329580	124.00
0.329600	125.00
0.329620	125.00
0.329640	125.00
0.329660	125.00
0.329680	125.00
0.329700	126.00
0.329720	126.00
0.329740	126.00
0.329760	126.00
0.329780	126.00
0.329800	125.00
0.329820	125.00
0.329840	125.00
0.329860	125.00
0.329880	125.00
0.329900	124.00
0.329920	124.00
0.329940	124.00
0.329960	124.00
0.329980	124.00
0.330000	124.00
0.330020	125.00
0.330040	125.00
0.330060	126.00
0.330080	125.00
0.330100	125.00
0.330120	125.00
0.330140	125.00
0.330160	126.00
0.330180	126.00
0.330200	126.00
0.330220	125.00
0.330240	125.00
0.330260	125.00
0.330280	125.00
0.330300	125.00
0.330320	125.00
0.330340	125.00
0.330360	125.00
0.330380	125.00
0.330400	124.00
0.330420	124.00
0.330440	125.00
0.330460	125.00
0.330480	125.00
0.330500	125.00
0.330520	125.00
0.330540	126.00
0.330560	126.00
0.330580	126.00
0.330600	125.00
0.330620	125.00
0.330640	125.00
0.330660	125.00
0.330680	125.00
0.330700	125.00
0.330720	125.00
0.330740	125.00
0.330760	125.00
0.330780	124.00
0.330800	124.00
0.330820	124.00
0.330840	125.00
0.330860	125.00
0.330880	125.00
0.330900	125.00
0.330920	124.00
0.330940	124.00
0.330960	124.00
0.330980	125.00
0.331000	125.00
0.331020	125.00
0.331040	125.00
0.331060	125.00
0.331080	125.00
0.331100	124.00
0.331120	124.00
0.331140	125.00
0.331160	126.00
0.331180	126.00
0.331200	126.00
0.331220	125.00
0.331240	125.00
0.331260	126.00
0.331280	126.00
0.331300	126.00
0.331320	125.00
0.331340	125.00
0.331360	125.00
0.331380	125.00
0.331400	126.00
0.331420	126.00
0.331440	126.00
0.331460	127.00
0.331480	127.00
0.331500	126.00
0.331520	125.00
0.331540	124.00
0.331560	124.00
0.331580	123.00
0.331600	122.00
0.331620	121.00
0.331640	120.00
0.331660	120.00
0.331680	121.00
0.331700	122.00
0.331720	124.00
0.331740	126.00
0.331760	129.00
0.331780	131.00
0.331800	133.00
0.331820	135.00
0.331840	136.00
0.331860	136.00
0.331880	135.00
0.331900	133.00
0.331920	129.00
0.331940	125.00
0.331960	121.00
0.331980	117.00
0.332000	114.00
0.332020	111.00
0.332040	109.00
0.332060	108.00
0.332080	108.00
0.332100	109.00
0.332120	112.00
0.332140	116.00
0.332160	122.00
0.332180	129.00
0.332200	136.00
0.332220	143.00
0.332240	150.00
0.332260	154.00
0.332280	156.00
0.332300	154.00
0.332320	150.00
0.332340	143.00
0.332360	134.00
0.332380	123.00
0.332400	111.00
0.332420	99.00
0.332440	89.00
0.332460	81.00
0.332480	77.00
0.332500	78.00
0.332520	83.00
0.332540	93.00
0.332560	107.00
0.332580	122.00
0.332600	139.00
0.332620	154.00
0.332640	167.00
0.332660	177.00
0.332680	182.00
0.332700	182.00
0.332720	177.00
0.332740	168.00
0.332760	155.00
0.332780	139.00
0.332800	122.00
0.332820	104.00
0.332840	89.00
0.332860	77.00
0.332880	69.00
0.332900	65.00
0.332920	67.00
0.332940	74.00
0.332960	85.00
0.332980	99.00
0.333000	115.00
0.333020	131.00
0.333040	147.00
0.333060	160.00
0.333080	170.00
0.333100	174.00
0.333120	175.00
0.333140	171.00
0.333160	164.00
0.333180	155.00
0.333200	143.00
0.333220	130.00
0.333240	117.00
0.333260	106.00
0.333280	96.00
0.333300	90.00
0.333320	86.00
0.333340	86.00
0.333360	89.00
0.333380	95.00
0.333400	103.00
0.333420	113.00
0.333440	122.00
0.333460	132.00
0.333480	139.00
0.333500	146.00
0.333520	150.00
0.333540	151.00
0.333560	151.00
0.333580	148.00
0.333600	144.00
0.333620	138.00
0.333640	131.00
0.333660	125.00
0.333680	120.00
0.333700	115.00
0.333720	111.00
0.333740	109.00
0.333760	108.00
0.333780	109.00
0.333800	111.00
0.333820	114.00
0.333840	117.00
0.333860	121.00
0.333880	125.00
0.333900	129.00
0.333920	132.00
0.333940	135.00
0.333960	136.00
0.333980	136.00
0.334000	136.00
0.334020	134.00
0.334040	132.00
0.334060	130.00
0.334080	127.00
0.334100	124.00
0.334120	122.00
0.334140	120.00
0.334160	119.00
0.334180	119.00
0.334200	118.00
0.334220	119.00
0.334240	120.00
0.334260	121.00
0.334280	123.00
0.334300	124.00
0.334320	125.00
0.334340	127.00
0.334360	128.00
0.334380	129.00
0.334400	129.00
0.334420	129.00
0.334440	129.00
0.334460	128.00
0.334480	127.00
0.334500	126.00
0.334520	126.00
0.334540	125.00
0.334560	124.00
0.334580	123.00
0.334600	122.00
0.334620	122.00
0.334640	122.00
0.334660	123.00
0.334680	123.00
0.334700	123.00
0.334720	124.00
0.334740	124.00
0.334760	125.00
0.334780	126.00
0.334800	126.00
0.334820	126.00
0.334840	126.00
0.334860	126.00
0.334880	126.00
0.334900	126.00
0.334920	126.00
0.334940	125.00
0.334960	125.00
0.334980	125.00
0.335000	125.00
0.335020	125.00
0.335040	125.00
0.335060	124.00
0.335080	124.00
0.335100	124.00
0.335120	124.00
0.335140	124.00
0.335160	125.00
0.335180	125.00
0.335200	125.00
0.335220	125.00
0.335240	125.00
0.335260	125.00
0.335280	125.00
0.335300	125.00
0.335320	125.00
0.335340	125.00
0.335360	125.00
0.335380	125.00
0.335400	125.00
0.335420	125.00
0.335440	125.00
0.335460	124.00
0.335480	124.00
0.335500	124.00
0.335520	124.00
0.335540	124.00
0.335560	125.00
0.335580	125.00
0.335600	125.00
0.335620	125.00
0.335640	125.00
0.335660	125.00
0.335680	125.00
0.335700	125.00
0.335720	125.00
0.335740	125.00
0.335760	125.00
0.335780	125.00
0.335800	125.00
0.335820	125.00
0.335840	125.00
0.335860	125.00
0.335880	125.00
0.335900	125.00
0.335920	125.00
0.335940	125.00
0.335960	125.00
0.335980	125.00
0.336000	124.00
0.336020	124.00
0.336040	124.00
0.336060	124.00
0.336080	124.00
0.336100	124.00
0.336120	124.00
0.336140	124.00
0.336160	125.00
0.336180	125.00
0.336200	125.00
0.336220	125.00
0.336240	125.00
0.336260	125.00
0.336280	126.00
0.336300	126.00
0.336320	126.00
0.336340	126.00
0.336360	125.00
0.336380	125.00
0.336400	125.00
0.336420	125.00
0.336440	125.00
0.336460	124.00
0.336480	124.00
0.336500	124.00
0.336520	124.00
0.336540	124.00
0.336560	124.00
0.336580	124.00
0.336600	124.00
0.336620	125.00
0.336640	125.00
0.336660	125.00
0.336680	125.00
0.336700	125.00
0.336720	125.00
0.336740	126.00
0.336760	126.00
0.336780	126.00
0.336800	125.00
0.336820	125.00
0.336840	125.00
0.336860	126.00
0.336880	126.00
0.336900	126.00
0.336920	125.00
0.336940	125.00
0.336960	125.00
0.336980	125.00
0.337000	125.00
0.337020	125.00
0.337040	125.00
0.337060	125.00
0.337080	125.00
0.337100	125.00
0.337120	125.00
0.337140	125.00
0.337160	125.00
0.337180	125.00
0.337200	125.00
0.337220	125.00
0.337240	125.00
0.337260	125.00
0.337280	124.00
0.337300	124.00
0.337320	125.00
0.337340	125.00
0.337360	126.00
0.337380	125.00
0.337400	124.00
0.337420	124.00
0.337440	125.00
0.337460	125.00
0.337480	125.00
0.337500	125.00
0.337520	124.00
0.337540	125.00
0.337560	125.00
0.337580	125.00
0.337600	125.00
0.337620	125.00
0.337640	125.00
0.337660	126.00
0.337680	126.00
0.337700	126.00
0.337720	125.00
0.337740	124.00
0.337760	124.00
0.337780	124.00
0.337800	123.00
0.337820	122.00
0.337840	121.00
0.337860	121.00
0.337880	121.00
0.337900	122.00
0.337920	123.00
0.337940	125.00
0.337960	126.00
0.337980	128.00
0.338000	129.00
0.338020	130.00
0.338040	131.00
0.338060	131.00
0.338080	131.00
0.338100	131.00
0.338120	130.00
0.338140	128.00
0.338160	126.00
0.338180	123.00
0.338200	121.00
0.338220	118.00
0.338240	117.00
0.338260	116.00
0.338280	115.00
0.338300	115.00
0.338320	116.00
0.338340	117.00
0.338360	120.00
0.338380	124.00
0.338400	128.00
0.338420	132.00
0.338440	136.00
0.338460	140.00
0.338480	142.00
0.338500	143.00
0.338520	142.00
0.338540	140.00
0.338560	136.00
0.338580	130.00
0.338600	123.00
0.338620	115.00
0.338640	108.00
0.338660	102.00
0.338680	98.00
0.338700	97.00
0.338720	98.00
0.338740	102.00
0.338760	108.00
0.338780	116.00
0.338800	124.00
0.338820	134.00
0.338840	143.00
0.338860	151.00
0.338880	157.00
0.338900	160.00
0.338920	159.00
0.338940	156.00
0.338960	150.00
0.338980	142.00
0.339000	132.00
0.339020	121.00
0.339040	111.00
0.339060	102.00
0.339080	95.00
0.339100	91.00
0.339120	90.00
0.339140	92.00
0.339160	96.00
0.339180	103.00
0.339200	112.00
0.339220	121.00
0.339240	131.00
0.339260	139.00
0.339280	146.00
0.339300	151.00
0.339320	154.00
0.339340	154.00
0.339360	152.00
0.339380	148.00
0.339400	141.00
0.339420	134.00
0.339440	126.00
0.339460	119.00
0.339480	113.00
0.339500	107.00
0.339520	104.00
0.339540	102.00
0.339560	103.00
0.339580	105.00
0.339600	109.00
0.339620	114.00
0.339640	119.00
0.339660	124.00
0.339680	130.00
0.339700	134.00
0.339720	137.00
0.339740	139.00
0.339760	140.00
0.339780	140.00
0.339800	138.00
0.339820	135.00
0.339840	132.00
0.339860	128.00
0.339880	125.00
0.339900	121.00
0.339920	118.00
0.339940	116.00
0.339960	115.00
0.339980	115.00
0.340000	116.00
0.340020	117.00
0.340040	118.00
0.340060	121.00
0.340080	123.00
0.340100	126.00
0.340120	128.00
0.340140	130.00
0.340160	131.00
0.340180	132.00
0.340200	131.00
0.340220	131.00
0.340240	130.00
0.340260	129.00
0.340280	127.00
0.340300	125.00
0.340320	123.00
0.340340	122.00
0.340360	121.00
0.340380	121.00
0.340400	121.00
0.340420	121.00
0.340440	122.00
0.340460	122.00
0.340480	123.00
0.340500	124.00
0.340520	125.00
0.340540	126.00
0.340560	127.00
0.340580	127.00
0.340600	127.00
0.340620	127.00
0.340640	127.00
0.340660	127.00
0.340680	126.00
0.340700	126.00
0.340720	125.00
0.340740	124.00
0.340760	124.00
0.340780	124.00
0.340800	123.00
0.340820	123.00
0.340840	123.00
0.340860	123.00
0.340880	124.00
0.340900	124.00
0.340920	124.00
0.340940	125.00
0.340960	126.00
0.340980	126.00
0.341000	126.00
0.341020	126.00
0.341040	126.00
0.341060	126.00
0.341080	126.00
0.341100	126.00
0.341120	126.00
0.341140	125.00
0.341160	125.00
0.341180	125.00
0.341200	125.00
0.341220	125.00
0.341240	124.00
0.341260	124.00
0.341280	124.00
0.341300	124.00
0.341320	124.00
0.341340	124.00
0.341360	124.00
0.341380	124.00
0.341400	125.00
0.341420	125.00
0.341440	125.00
0.341460	125.00
0.341480	125.00
0.341500	125.00
0.341520	125.00
0.341540	125.00
0.341560	125.00
0.341580	125.00
0.341600	125.00
0.341620	125.00
0.341640	125.00
0.341660	125.00
0.341680	125.00
0.341700	125.00
0.341720	125.00
0.341740	125.00
0.341760	125.00
0.341780	125.00
0.341800	124.00
0.341820	124.00
0.341840	124.00
0.341860	124.00
0.341880	124.00
0.341900	124.00
0.341920	124.00
0.341940	125.00
0.341960	125.00
0.341980	125.00
0.342000	125.00
0.342020	125.00
0.342040	125.00
0.342060	126.00
0.342080	126.00
0.342100	125.00
0.342120	125.00
0.342140	125.00
0.342160	125.00
0.342180	125.00
0.342200	125.00
0.342220	124.00
0.342240	124.00
0.342260	124.00
0.342280	124.00
0.342300	124.00
0.342320	124.00
0.342340	124.00
0.342360	124.00
0.342380	125.00
0.342400	125.00
0.342420	125.00
0.342440	126.00
0.342460	126.00
0.342480	126.00
0.342500	126.00
0.342520	126.00
0.342540	126.00
0.342560	126.00
0.342580	125.00
0.342600	125.00
0.342620	125.00
0.342640	124.00
0.342660	124.00
0.342680	124.00
0.342700	124.00
0.342720	124.00
0.342740	124.00
0.342760	124.00
0.342780	124.00
0.342800	124.00
0.342820	125.00
0.342840	125.00
0.342860	125.00
0.342880	125.00
0.342900	125.00
0.342920	125.00
0.342940	125.00
0.342960	125.00
0.342980	125.00
0.343000	125.00
0.343020	125.00
0.343040	125.00
0.343060	125.00
0.343080	125.00
0.343100	124.00
0.343120	124.00
0.343140	124.00
0.343160	125.00
0.343180	125.00
0.343200	125.00
0.343220	125.00
0.343240	125.00
0.343260	125.00
0.343280	125.00
0.343300	125.00
0.343320	125.00
0.343340	126.00
0.343360	126.00
0.343380	125.00
0.343400	125.00
0.343420	125.00
0.343440	125.00
0.343460	125.00
0.343480	125.00
0.343500	125.00
0.343520	125.00
0.343540	124.00
0.343560	124.00
0.343580	125.00
0.343600	125.00
0.343620	125.00
0.343640	125.00
0.343660	125.00
0.343680	125.00
0.343700	125.00
0.343720	125.00
0.343740	125.00
0.343760	125.00
0.343780	125.00
0.343800	125.00
0.343820	125.00
0.343840	125.00
0.343860	126.00
0.343880	126.00
0.343900	126.00
0.343920	125.00
0.343940	125.00
0.343960	125.00
0.343980	125.00
0.344000	124.00
0.344020	124.00
0.344040	123.00
0.344060	123.00
0.344080	123.00
0.344100	123.00
0.344120	123.00
0.344140	124.00
0.344160	125.00
0.344180	126.00
0.344200	127.00
0.344220	128.00
0.344240	129.00
0.344260	129.00
0.344280	129.00
0.344300	129.00
0.344320	129.00
0.344340	128.00
0.344360	126.00
0.344380	124.00
0.344400	123.00
0.344420	121.00
0.344440	121.00
0.344460	120.00
0.344480	119.00
0.344500	118.00
0.344520	118.00
0.344540	119.00
0.344560	120.00
0.344580	122.00
0.344600	124.00
0.344620	126.00
0.344640	129.00
0.344660	132.00
0.344680	135.00
0.344700	136.00
0.344720	136.00
0.344740	136.00
0.344760	134.00
0.344780	131.00
0.344800	128.00
0.344820	123.00
0.344840	118.00
0.344860	114.00
0.344880	110.00
0.344900	108.00
0.344920	107.00
0.344940	108.00
0.344960	110.00
0.344980	114.00
0.345000	119.00
0.345020	125.00
0.345040	131.00
0.345060	137.00
0.345080	141.00
0.345100	144.00
0.345120	146.00
0.345140	146.00
0.345160	144.00
0.345180	141.00
0.345200	135.00
0.345220	128.00
0.345240	122.00
0.345260	116.00
0.345280	110.00
0.345300	106.00
0.345320	104.00
0.345340	103.00
0.345360	104.00
0.345380	107.00
0.345400	111.00
0.345420	116.00
0.345440	122.00
0.345460	128.00
0.345480	134.00
0.345500	138.00
0.345520	141.00
0.345540	143.00
0.345560	143.00
0.345580	142.00
0.345600	139.00
0.345620	135.00
0.345640	130.00
0.345660	125.00
0.345680	121.00
0.345700	117.00
0.345720	114.00
0.345740	112.00
0.345760	111.00
0.345780	112.00
0.345800	113.00
0.345820	115.00
0.345840	118.00
0.345860	121.00
0.345880	125.00
0.345900	129.00
0.345920	131.00
0.345940	133.00
0.345960	134.00
0.345980	135.00
0.346000	134.00
0.346020	133.00
0.346040	131.00
0.346060	129.00
0.346080	126.00
0.346100	124.00
0.346120	122.00
0.346140	120.00
0.346160	119.00
0.346180	119.00
0.346200	119.00
0.346220	119.00
0.346240	120.00
0.346260	122.00
0.346280	124.00
0.346300	125.00
0.346320	126.00
0.346340	127.00
0.346360	128.00
0.346380	129.00
0.346400	129.00
0.346420	128.00
0.346440	128.00
0.346460	127.00
0.346480	126.00
0.346500	126.00
0.346520	125.00
0.346540	125.00
0.346560	124.00
0.346580	123.00
0.346600	122.00
0.346620	122.00
0.346640	122.00
0.346660	123.00
0.346680	124.00
0.346700	125.00
0.346720	125.00
0.346740	125.00
0.346760	126.00
0.346780	126.00
0.346800	127.00
0.346820	127.00
0.346840	127.00
0.346860	126.00
0.346880	126.00
0.346900	126.00
0.346920	125.00
0.346940	125.00
0.346960	124.00
0.346980	124.00
0.347000	124.00
0.347020	124.00
0.347040	124.00
0.347060	124.00
0.347080	124.00
0.347100	124.00
0.347120	124.00
0.347140	125.00
0.347160	125.00
0.347180	125.00
0.347200	125.00
0.347220	125.00
0.347240	125.00
0.347260	125.00
0.347280	125.00
0.347300	125.00
0.347320	125.00
0.347340	125.00
0.347360	125.00
0.347380	125.00
0.347400	125.00
0.347420	125.00
0.347440	125.00
0.347460	125.00
0.347480	125.00
0.347500	124.00
0.347520	124.00
0.347540	124.00
0.347560	124.00
0.347580	124.00
0.347600	124.00
0.347620	125.00
0.347640	125.00
0.347660	125.00
0.347680	125.00
0.347700	125.00
0.347720	124.00
0.347740	125.00
0.347760	125.00
0.347780	126.00
0.347800	126.00
0.347820	125.00
0.347840	125.00
0.347860	125.00
0.347880	125.00
0.347900	125.00
0.347920	125.00
0.347940	125.00
0.347960	124.00
0.347980	124.00
0.348000	124.00
0.348020	124.00
0.348040	124.00
0.348060	124.00
0.348080	124.00
0.348100	124.00
0.348120	125.00
0.348140	125.00
0.348160	125.00
0.348180	125.00
0.348200	125.00
0.348220	125.00
0.348240	126.00
0.348260	126.00
0.348280	126.00
0.348300	126.00
0.348320	126.00
0.348340	126.00
0.348360	126.00
0.348380	126.00
0.348400	125.00
0.348420	124.00
0.348440	124.00
0.348460	124.00
0.348480	124.00
0.348500	123.00
0.348520	123.00
0.348540	123.00
0.348560	124.00
0.348580	125.00
0.348600	125.00
0.348620	125.00
0.348640	125.00
0.348660	126.00
0.348680	126.00
0.348700	126.00
0.348720	126.00
0.348740	126.00
0.348760	126.00
0.348780	126.00
0.348800	125.00
0.348820	125.00
0.348840	124.00
0.348860	124.00
0.348880	124.00
0.348900	124.00
0.348920	124.00
0.348940	123.00
0.348960	123.00
0.348980	124.00
0.349000	125.00
0.349020	125.00
0.349040	125.00
0.349060	125.00
0.349080	126.00
0.349100	126.00
0.349120	126.00
0.349140	126.00
0.349160	126.00
0.349180	126.00
0.349200	126.00
0.349220	126.00
0.349240	126.00
0.349260	125.00
0.349280	125.00
0.349300	125.00
0.349320	124.00
0.349340	124.00
0.349360	124.00
0.349380	124.00
0.349400	125.00
0.349420	125.00
0.349440	125.00
0.349460	125.00
0.349480	125.00
0.349500	125.00
0.349520	125.00
0.349540	126.00
0.349560	126.00
0.349580	126.00
0.349600	125.00
0.349620	125.00
0.349640	125.00
0.349660	125.00
0.349680	125.00
0.349700	125.00
0.349720	124.00
0.349740	125.00
0.349760	125.00
0.349780	125.00
0.349800	125.00
0.349820	125.00
0.349840	124.00
0.349860	124.00
0.349880	124.00
0.349900	124.00
0.349920	125.00
0.349940	125.00
0.349960	125.00
0.349980	125.00
0.350000	124.00
0.350020	125.00
0.350040	125.00
0.350060	125.00
0.350080	125.00
0.350100	125.00
0.350120	125.00
0.350140	125.00
0.350160	125.00
0.350180	125.00
0.350200	125.00
0.350220	125.00
0.350240	125.00
0.350260	124.00
0.350280	124.00
0.350300	124.00
0.350320	123.00
0.350340	123.00
0.350360	123.00
0.350380	124.00
0.350400	125.00
0.350420	125.00
0.350440	126.00
0.350460	127.00
0.350480	127.00
0.350500	127.00
0.350520	127.00
0.350540	127.00
0.350560	126.00
0.350580	125.00
0.350600	125.00
0.350620	124.00
0.350640	123.00
0.350660	123.00
0.350680	122.00
0.350700	122.00
0.350720	121.00
0.350740	121.00
0.350760	121.00
0.350780	122.00
0.350800	123.00
0.350820	125.00
0.350840	126.00
0.350860	128.00
0.350880	130.00
0.350900	131.00
0.350920	132.00
0.350940	132.00
0.350960	131.00
0.350980	130.00
0.351000	128.00
0.351020	126.00
0.351040	123.00
0.351060	120.00
0.351080	118.00
0.351100	115.00
0.351120	114.00
0.351140	113.00
0.351160	114.00
0.351180	115.00
0.351200	118.00
0.351220	121.00
0.351240	125.00
0.351260	129.00
0.351280	133.00
0.351300	136.00
0.351320	138.00
0.351340	139.00
0.351360	139.00
0.351380	138.00
0.351400	135.00
0.351420	132.00
0.351440	127.00
0.351460	123.00
0.351480	119.00
0.351500	115.00
0.351520	112.00
0.351540	111.00
0.351560	110.00
0.351580	111.00
0.351600	113.00
0.351620	116.00
0.351640	120.00
0.351660	123.00
0.351680	127.00
0.351700	130.00
0.351720	133.00
0.351740	135.00
0.351760	137.00
0.351780	137.00
0.351800	136.00
0.351820	135.00
0.351840	132.00
0.351860	130.00
0.351880	127.00
0.351900	123.00
0.351920	120.00
0.351940	118.00
0.351960	117.00
0.351980	116.00
0.352000	116.00
0.352020	117.00
0.352040	118.00
0.352060	120.00
0.352080	122.00
0.352100	124.00
0.352120	126.00
0.352140	128.00
0.352160	130.00
0.352180	131.00
0.352200	131.00
0.352220	131.00
0.352240	130.00
0.352260	129.00
0.352280	128.00
0.352300	127.00
0.352320	126.00
0.352340	124.00
0.352360	122.00
0.352380	121.00
0.352400	121.00
0.352420	121.00
0.352440	122.00
0.352460	122.00
0.352480	122.00
0.352500	123.00
0.352520	124.00
0.352540	125.00
0.352560	126.00
0.352580	127.00
0.352600	127.00
0.352620	127.00
0.352640	127.00
0.352660	127.00
0.352680	127.00
0.352700	127.00
0.352720	127.00
0.352740	126.00
0.352760	125.00
0.352780	124.00
0.352800	124.00
0.352820	123.00
0.352840	123.00
0.352860	123.00
0.352880	123.00
0.352900	124.00
0.352920	124.00
0.352940	124.00
0.352960	125.00
0.352980	125.00
0.353000	125.00
0.353020	125.00
0.353040	126.00
0.353060	126.00
0.353080	126.00
0.353100	126.00
0.353120	126.00
0.353140	126.00
0.353160	125.00
0.353180	124.00
0.353200	124.00
0.353220	124.00
0.353240	125.00
0.353260	125.00
0.353280	125.00
0.353300	125.00
0.353320	124.00
0.353340	124.00
0.353360	124.00
0.353380	125.00
0.353400	125.00
0.353420	125.00
0.353440	125.00
0.353460	125.00
0.353480	125.00
0.353500	125.00
0.353520	125.00
0.353540	125.00
0.353560	125.00
0.353580	125.00
0.353600	125.00
0.353620	125.00
0.353640	125.00
0.353660	125.00
0.353680	125.00
0.353700	124.00
0.353720	124.00
0.353740	124.00
0.353760	124.00
0.353780	124.00
0.353800	125.00
0.353820	125.00
0.353840	125.00
0.353860	125.00
0.353880	125.00
0.353900	125.00
0.353920	126.00
0.353940	126.00
0.353960	126.00
0.353980	125.00
0.354000	125.00
0.354020	125.00
0.354040	125.00
0.354060	126.00
0.354080	126.00
0.354100	125.00
0.354120	125.00
0.354140	124.00
0.354160	124.00
0.354180	124.00
0.354200	124.00
0.354220	124.00
0.354240	124.00
0.354260	124.00
0.354280	124.00
0.354300	124.00
0.354320	124.00
0.354340	124.00
0.354360	124.00
0.354380	124.00
0.354400	125.00
0.354420	126.00
0.354440	126.00
0.354460	126.00
0.354480	126.00
0.354500	126.00
0.354520	126.00
0.354540	126.00
0.354560	126.00
0.354580	126.00
0.354600	125.00
0.354620	124.00
0.354640	124.00
0.354660	124.00
0.354680	124.00
0.354700	124.00
0.354720	124.00
0.354740	124.00
0.354760	124.00
0.354780	124.00
0.354800	125.00
0.354820	125.00
0.354840	125.00
0.354860	125.00
0.354880	126.00
0.354900	126.00
0.354920	126.00
0.354940	126.00
0.354960	125.00
0.354980	125.00
0.355000	124.00
0.355020	124.00
0.355040	124.00
0.355060	124.00
0.355080	124.00
0.355100	124.00
0.355120	124.00
0.355140	124.00
0.355160	124.00
0.355180	124.00
0.355200	125.00
0.355220	125.00
0.355240	125.00
0.355260	125.00
0.355280	125.00
0.355300	125.00
0.355320	126.00
0.355340	126.00
0.355360	126.00
0.355380	126.00
0.355400	125.00
0.355420	125.00
0.355440	126.00
0.355460	126.00
0.355480	126.00
0.355500	125.00
0.355520	124.00
0.355540	124.00
0.355560	124.00
0.355580	124.00
0.355600	124.00
0.355620	124.00
0.355640	125.00
0.355660	125.00
0.355680	125.00
0.355700	125.00
0.355720	125.00
0.355740	125.00
0.355760	125.00
0.355780	125.00
0.355800	125.00
0.355820	125.00
0.355840	124.00
0.355860	124.00
0.355880	124.00
0.355900	124.00
0.355920	125.00
0.355940	125.00
0.355960	125.00
0.355980	125.00
0.356000	125.00
0.356020	125.00
0.356040	125.00
0.356060	125.00
0.356080	125.00
0.356100	125.00
0.356120	125.00
0.356140	125.00
0.356160	125.00
0.356180	125.00
0.356200	125.00
0.356220	125.00
0.356240	125.00
0.356260	125.00
0.356280	125.00
0.356300	125.00
0.356320	125.00
0.356340	125.00
0.356360	125.00
0.356380	125.00
0.356400	124.00
0.356420	124.00
0.356440	124.00
0.356460	124.00
0.356480	124.00
0.356500	124.00
0.356520	124.00
0.356540	124.00
0.356560	124.00
0.356580	124.00
0.356600	125.00
0.356620	125.00
0.356640	126.00
0.356660	126.00
0.356680	126.00
0.356700	126.00
0.356720	126.00
0.356740	126.00
0.356760	126.00
0.356780	126.00
0.356800	125.00
0.356820	124.00
0.356840	124.00
0.356860	124.00
0.356880	123.00
0.356900	122.00
0.356920	122.00
0.356940	122.00
0.356960	122.00
0.356980	122.00
0.357000	123.00
0.357020	124.00
0.357040	125.00
0.357060	126.00
0.357080	127.00
0.357100	128.00
0.357120	129.00
0.357140	130.00
0.357160	130.00
0.357180	130.00
0.357200	129.00
0.357220	128.00
0.357240	126.00
0.357260	124.00
0.357280	122.00
0.357300	120.00
0.357320	118.00
0.357340	117.00
0.357360	117.00
0.357380	117.00
0.357400	118.00
0.357420	120.00
0.357440	123.00
0.357460	125.00
0.357480	128.00
0.357500	130.00
0.357520	132.00
0.357540	133.00
0.357560	134.00
0.357580	134.00
0.357600	133.00
0.357620	131.00
0.357640	129.00
0.357660	126.00
0.357680	123.00
0.357700	120.00
0.357720	118.00
0.357740	116.00
0.357760	115.00
0.357780	115.00
0.357800	116.00
0.357820	117.00
0.357840	119.00
0.357860	121.00
0.357880	124.00
0.357900	126.00
0.357920	129.00
0.357940	131.00
0.357960	132.00
0.357980	133.00
0.358000	134.00
0.358020	133.00
0.358040	131.00
0.358060	129.00
0.358080	127.00
0.358100	125.00
0.358120	123.00
0.358140	121.00
0.358160	120.00
0.358180	119.00
0.358200	119.00
0.358220	119.00
0.358240	119.00
0.358260	120.00
0.358280	122.00
0.358300	123.00
0.358320	125.00
0.358340	127.00
0.358360	128.00
0.358380	129.00
0.358400	130.00
0.358420	130.00
0.358440	129.00
0.358460	128.00
0.358480	127.00
0.358500	126.00
0.358520	125.00
0.358540	124.00
0.358560	123.00
0.358580	122.00
0.358600	122.00
0.358620	122.00
0.358640	122.00
0.358660	122.00
0.358680	122.00
0.358700	123.00
0.358720	124.00
0.358740	125.00
0.358760	126.00
0.358780	126.00
0.358800	126.00
0.358820	127.00
0.358840	127.00
0.358860	127.00
0.358880	127.00
0.358900	126.00
0.358920	126.00
0.358940	125.00
0.358960	125.00
0.358980	125.00
0.359000	124.00
0.359020	124.00
0.359040	124.00
0.359060	124.00
0.359080	124.00
0.359100	124.00
0.359120	124.00
0.359140	124.00
0.359160	125.00
0.359180	126.00
0.359200	126.00
0.359220	126.00
0.359240	125.00
0.359260	126.00
0.359280	126.00
0.359300	126.00
0.359320	126.00
0.359340	125.00
0.359360	125.00
0.359380	125.00
0.359400	124.00
0.359420	124.00
0.359440	124.00
0.359460	124.00
0.359480	124.00
0.359500	124.00
0.359520	124.00
0.359540	124.00
0.359560	125.00
0.359580	125.00
0.359600	125.00
0.359620	125.00
0.359640	125.00
0.359660	125.00
0.359680	125.00
0.359700	125.00
0.359720	125.00
0.359740	125.00
0.359760	125.00
0.359780	125.00
0.359800	126.00
0.359820	126.00
0.359840	126.00
0.359860	126.00
0.359880	126.00
0.359900	125.00
0.359920	125.00
0.359940	124.00
0.359960	124.00
0.359980	125.00
