0.320000	101.00
0.320020	49.00
0.320040	101.00
0.320060	140.00
0.320080	143.00
0.320100	124.00
0.320120	112.00
0.320140	118.00
0.320160	131.00
0.320180	134.00
0.320200	126.00
0.320220	119.00
0.320240	121.00
0.320260	128.00
0.320280	130.00
0.320300	125.00
0.320320	120.00
0.320340	122.00
0.320360	127.00
0.320380	128.00
0.320400	125.00
0.320420	121.00
0.320440	123.00
0.320460	127.00
0.320480	128.00
0.320500	126.00
0.320520	123.00
0.320540	124.00
0.320560	127.00
0.320580	128.00
0.320600	125.00
0.320620	123.00
0.320640	123.00
0.320660	126.00
0.320680	127.00
0.320700	124.00
0.320720	123.00
0.320740	124.00
0.320760	126.00
0.320780	127.00
0.320800	125.00
0.320820	123.00
0.320840	124.00
0.320860	126.00
0.320880	126.00
0.320900	125.00
0.320920	124.00
0.320940	124.00
0.320960	126.00
0.320980	127.00
0.321000	125.00
0.321020	124.00
0.321040	124.00
0.321060	126.00
0.321080	126.00
0.321100	125.00
0.321120	124.00
0.321140	124.00
0.321160	126.00
0.321180	126.00
0.321200	125.00
0.321220	123.00
0.321240	124.00
0.321260	125.00
0.321280	126.00
0.321300	124.00
0.321320	123.00
0.321340	123.00
0.321360	125.00
0.321380	126.00
0.321400	124.00
0.321420	123.00
0.321440	123.00
0.321460	125.00
0.321480	126.00
0.321500	126.00
0.321520	124.00
0.321540	124.00
0.321560	125.00
0.321580	126.00
0.321600	125.00
0.321620	124.00
0.321640	124.00
0.321660	125.00
0.321680	125.00
0.321700	124.00
0.321720	124.00
0.321740	125.00
0.321760	126.00
0.321780	126.00
0.321800	125.00
0.321820	123.00
0.321840	123.00
0.321860	125.00
0.321880	125.00
0.321900	125.00
0.321920	125.00
0.321940	125.00
0.321960	125.00
0.321980	125.00
0.322000	125.00
0.322020	124.00
0.322040	125.00
0.322060	126.00
0.322080	126.00
0.322100	125.00
0.322120	124.00
0.322140	124.00
0.322160	125.00
0.322180	125.00
0.322200	124.00
0.322220	124.00
0.322240	124.00
0.322260	126.00
0.322280	126.00
0.322300	125.00
0.322320	124.00
0.322340	125.00
0.322360	126.00
0.322380	126.00
0.322400	125.00
0.322420	124.00
0.322440	125.00
0.322460	126.00
0.322480	126.00
0.322500	125.00
0.322520	124.00
0.322540	124.00
0.322560	125.00
0.322580	125.00
0.322600	125.00
0.322620	124.00
0.322640	125.00
0.322660	126.00
0.322680	126.00
0.322700	125.00
0.322720	124.00
0.322740	124.00
0.322760	125.00
0.322780	125.00
0.322800	125.00
0.322820	124.00
0.322840	125.00
0.322860	126.00
0.322880	126.00
0.322900	125.00
0.322920	124.00
0.322940	124.00
0.322960	125.00
0.322980	126.00
0.323000	125.00
0.323020	125.00
0.323040	124.00
0.323060	125.00
0.323080	125.00
0.323100	124.00
0.323120	124.00
0.323140	124.00
0.323160	125.00
0.323180	126.00
0.323200	125.00
0.323220	124.00
0.323240	124.00
0.323260	125.00
0.323280	125.00
0.323300	125.00
0.323320	125.00
0.323340	124.00
0.323360	124.00
0.323380	125.00
0.323400	125.00
0.323420	125.00
0.323440	125.00
0.323460	126.00
0.323480	125.00
0.323500	125.00
0.323520	124.00
0.323540	124.00
0.323560	125.00
0.323580	125.00
0.323600	125.00
0.323620	125.00
0.323640	125.00
0.323660	125.00
0.323680	125.00
0.323700	124.00
0.323720	124.00
0.323740	124.00
0.323760	125.00
0.323780	125.00
0.323800	125.00
0.323820	124.00
0.323840	124.00
0.323860	125.00
0.323880	125.00
0.323900	125.00
0.323920	125.00
0.323940	125.00
0.323960	125.00
0.323980	125.00
0.324000	125.00
0.324020	125.00
0.324040	125.00
0.324060	125.00
0.324080	126.00
0.324100	125.00
0.324120	125.00
0.324140	125.00
0.324160	125.00
0.324180	125.00
0.324200	124.00
0.324220	124.00
0.324240	124.00
0.324260	124.00
0.324280	125.00
0.324300	124.00
0.324320	124.00
0.324340	124.00
0.324360	124.00
0.324380	124.00
0.324400	124.00
0.324420	124.00
0.324440	124.00
0.324460	125.00
0.324480	125.00
0.324500	125.00
0.324520	124.00
0.324540	124.00
0.324560	125.00
0.324580	126.00
0.324600	125.00
0.324620	125.00
0.324640	125.00
0.324660	125.00
0.324680	125.00
0.324700	125.00
0.324720	124.00
0.324740	124.00
0.324760	124.00
0.324780	125.00
0.324800	125.00
0.324820	125.00
0.324840	125.00
0.324860	125.00
0.324880	125.00
0.324900	125.00
0.324920	125.00
0.324940	125.00
0.324960	125.00
0.324980	125.00
0.325000	125.00
0.325020	123.00
0.325040	123.00
0.325060	123.00
0.325080	123.00
0.325100	122.00
0.325120	121.00
0.325140	121.00
0.325160	121.00
0.325180	123.00
0.325200	124.00
0.325220	126.00
0.325240	129.00
0.325260	133.00
0.325280	138.00
0.325300	141.00
0.325320	144.00
0.325340	146.00
0.325360	146.00
0.325380	143.00
0.325400	136.00
0.325420	126.00
0.325440	115.00
0.325460	105.00
0.325480	96.00
0.325500	88.00
0.325520	82.00
0.325540	79.00
0.325560	79.00
0.325580	84.00
0.325600	93.00
0.325620	107.00
0.325640	125.00
0.325660	144.00
0.325680	163.00
0.325700	177.00
0.325720	186.00
0.325740	192.00
0.325760	195.00
0.325780	194.00
0.325800	187.00
0.325820	172.00
0.325840	151.00
0.325860	125.00
0.325880	96.00
0.325900	65.00
0.325920	37.00
0.325940	16.00
0.325960	4.00
0.325980	3.00
0.326000	11.00
0.326020	30.00
0.326040	60.00
0.326060	102.00
0.326080	149.00
0.326100	194.00
0.326120	228.00
0.326140	249.00
0.326160	255.00
0.326180	255.00
0.326200	250.00
0.326220	236.00
0.326240	208.00
0.326260	164.00
0.326280	106.00
0.326300	49.00
0.326320	9.00
0.326340	0.00
0.326360	0.00
0.326380	7.00
0.326400	6.00
0.326420	0.00
0.326440	0.00
0.326460	18.00
0.326480	73.00
0.326500	144.00
0.326520	206.00
0.326540	244.00
0.326560	255.00
0.326580	255.00
0.326600	255.00
0.326620	255.00
0.326640	252.00
0.326660	235.00
0.326680	200.00
0.326700	147.00
0.326720	88.00
0.326740	37.00
0.326760	6.00
0.326780	0.00
0.326800	1.00
0.326820	4.00
0.326840	1.00
0.326860	0.00
0.326880	6.00
0.326900	38.00
0.326920	89.00
0.326940	145.00
0.326960	192.00
0.326980	222.00
0.327000	238.00
0.327020	245.00
0.327040	245.00
0.327060	238.00
0.327080	224.00
0.327100	201.00
0.327120	172.00
0.327140	139.00
0.327160	103.00
0.327180	70.00
0.327200	43.00
0.327220	25.00
0.327240	17.00
0.327260	18.00
0.327280	27.00
0.327300	44.00
0.327320	67.00
0.327340	93.00
0.327360	120.00
0.327380	145.00
0.327400	165.00
0.327420	181.00
0.327440	191.00
0.327460	194.00
0.327480	192.00
0.327500	183.00
0.327520	171.00
0.327540	156.00
0.327560	140.00
0.327580	123.00
0.327600	108.00
0.327620	95.00
0.327640	86.00
0.327660	80.00
0.327680	79.00
0.327700	81.00
0.327720	88.00
0.327740	97.00
0.327760	107.00
0.327780	118.00
0.327800	128.00
0.327820	138.00
0.327840	145.00
0.327860	150.00
0.327880	152.00
0.327900	152.00
0.327920	151.00
0.327940	147.00
0.327960	141.00
0.327980	134.00
0.328000	127.00
0.328020	121.00
0.328040	115.00
0.328060	111.00
0.328080	108.00
0.328100	107.00
0.328120	107.00
0.328140	109.00
0.328160	112.00
0.328180	115.00
0.328200	119.00
0.328220	123.00
0.328240	128.00
0.328260	131.00
0.328280	134.00
0.328300	135.00
0.328320	136.00
0.328340	136.00
0.328360	135.00
0.328380	134.00
0.328400	131.00
0.328420	128.00
0.328440	126.00
0.328460	124.00
0.328480	122.00
0.328500	120.00
0.328520	119.00
0.328540	118.00
0.328560	119.00
0.328580	119.00
0.328600	120.00
0.328620	121.00
0.328640	123.00
0.328660	124.00
0.328680	126.00
0.328700	127.00
0.328720	128.00
0.328740	129.00
0.328760	129.00
0.328780	129.00
0.328800	129.00
0.328820	128.00
0.328840	127.00
0.328860	126.00
0.328880	125.00
0.328900	124.00
0.328920	123.00
0.328940	122.00
0.328960	122.00
0.328980	123.00
0.329000	123.00
0.329020	123.00
0.329040	124.00
0.329060	124.00
0.329080	124.00
0.329100	125.00
0.329120	125.00
0.329140	126.00
0.329160	126.00
0.329180	126.00
0.329200	126.00
0.329220	126.00
0.329240	126.00
0.329260	126.00
0.329280	126.00
0.329300	125.00
0.329320	124.00
0.329340	123.00
0.329360	123.00
0.329380	123.00
0.329400	124.00
0.329420	124.00
0.329440	124.00
0.329460	124.00
0.329480	125.00
0.329500	125.00
0.329520	125.00
0.329540	126.00
0.329560	126.00
0.329580	126.00
0.329600	126.00
0.329620	125.00
0.329640	125.00
0.329660	125.00
0.329680	125.00
0.329700	125.00
0.329720	125.00
0.329740	125.00
0.329760	125.00
0.329780	125.00
0.329800	125.00
0.329820	125.00
0.329840	124.00
0.329860	124.00
0.329880	125.00
0.329900	125.00
0.329920	125.00
0.329940	125.00
0.329960	125.00
0.329980	124.00
0.330000	124.00
0.330020	125.00
0.330040	125.00
0.330060	125.00
0.330080	125.00
0.330100	124.00
0.330120	124.00
0.330140	125.00
0.330160	125.00
0.330180	125.00
0.330200	124.00
0.330220	124.00
0.330240	124.00
0.330260	124.00
0.330280	124.00
0.330300	124.00
0.330320	124.00
0.330340	124.00
0.330360	125.00
0.330380	126.00
0.330400	126.00
0.330420	125.00
0.330440	125.00
0.330460	125.00
0.330480	125.00
0.330500	125.00
0.330520	125.00
0.330540	125.00
0.330560	125.00
0.330580	125.00
0.330600	125.00
0.330620	124.00
0.330640	124.00
0.330660	124.00
0.330680	125.00
0.330700	125.00
0.330720	125.00
0.330740	125.00
0.330760	125.00
0.330780	125.00
0.330800	125.00
0.330820	125.00
0.330840	125.00
0.330860	126.00
0.330880	126.00
0.330900	126.00
0.330920	125.00
0.330940	125.00
0.330960	125.00
0.330980	125.00
0.331000	125.00
0.331020	125.00
0.331040	124.00
0.331060	124.00
0.331080	125.00
0.331100	125.00
0.331120	125.00
0.331140	125.00
0.331160	125.00
0.331180	125.00
0.331200	125.00
0.331220	125.00
0.331240	125.00
0.331260	126.00
0.331280	126.00
0.331300	126.00
0.331320	126.00
0.331340	126.00
0.331360	126.00
0.331380	126.00
0.331400	126.00
0.331420	126.00
0.331440	125.00
0.331460	123.00
0.331480	122.00
0.331500	121.00
0.331520	120.00
0.331540	120.00
0.331560	120.00
0.331580	120.00
0.331600	121.00
0.331620	123.00
0.331640	125.00
0.331660	128.00
0.331680	131.00
0.331700	133.00
0.331720	135.00
0.331740	136.00
0.331760	136.00
0.331780	135.00
0.331800	133.00
0.331820	131.00
0.331840	127.00
0.331860	122.00
0.331880	118.00
0.331900	114.00
0.331920	112.00
0.331940	110.00
0.331960	109.00
0.331980	109.00
0.332000	109.00
0.332020	111.00
0.332040	115.00
0.332060	121.00
0.332080	127.00
0.332100	134.00
0.332120	141.00
0.332140	148.00
0.332160	153.00
0.332180	155.00
0.332200	155.00
0.332220	152.00
0.332240	146.00
0.332260	137.00
0.332280	127.00
0.332300	114.00
0.332320	102.00
0.332340	91.00
0.332360	83.00
0.332380	79.00
0.332400	78.00
0.332420	82.00
0.332440	90.00
0.332460	102.00
0.332480	117.00
0.332500	132.00
0.332520	148.00
0.332540	162.00
0.332560	174.00
0.332580	181.00
0.332600	182.00
0.332620	179.00
0.332640	171.00
0.332660	160.00
0.332680	145.00
0.332700	127.00
0.332720	109.00
0.332740	93.00
0.332760	80.00
0.332780	70.00
0.332800	65.00
0.332820	65.00
0.332840	70.00
0.332860	80.00
0.332880	94.00
0.332900	110.00
0.332920	126.00
0.332940	141.00
0.332960	155.00
0.332980	166.00
0.333000	173.00
0.333020	176.00
0.333040	174.00
0.333060	168.00
0.333080	159.00
0.333100	147.00
0.333120	134.00
0.333140	121.00
0.333160	109.00
0.333180	100.00
0.333200	92.00
0.333220	88.00
0.333240	87.00
0.333260	89.00
0.333280	94.00
0.333300	102.00
0.333320	111.00
0.333340	120.00
0.333360	129.00
0.333380	138.00
0.333400	144.00
0.333420	149.00
0.333440	151.00
0.333460	151.00
0.333480	149.00
0.333500	145.00
0.333520	139.00
0.333540	133.00
0.333560	127.00
0.333580	120.00
0.333600	115.00
0.333620	111.00
0.333640	109.00
0.333660	108.00
0.333680	109.00
0.333700	110.00
0.333720	113.00
0.333740	116.00
0.333760	120.00
0.333780	124.00
0.333800	128.00
0.333820	132.00
0.333840	134.00
0.333860	135.00
0.333880	136.00
0.333900	135.00
0.333920	134.00
0.333940	132.00
0.333960	130.00
0.333980	128.00
0.334000	125.00
0.334020	122.00
0.334040	120.00
0.334060	119.00
0.334080	118.00
0.334100	118.00
0.334120	118.00
0.334140	119.00
0.334160	121.00
0.334180	122.00
0.334200	124.00
0.334220	125.00
0.334240	127.00
0.334260	128.00
0.334280	129.00
0.334300	129.00
0.334320	129.00
0.334340	128.00
0.334360	128.00
0.334380	127.00
0.334400	127.00
0.334420	126.00
0.334440	125.00
0.334460	124.00
0.334480	124.00
0.334500	123.00
0.334520	122.00
0.334540	122.00
0.334560	122.00
0.334580	123.00
0.334600	123.00
0.334620	124.00
0.334640	124.00
0.334660	125.00
0.334680	126.00
0.334700	126.00
0.334720	126.00
0.334740	126.00
0.334760	126.00
0.334780	126.00
0.334800	126.00
0.334820	126.00
0.334840	126.00
0.334860	125.00
0.334880	125.00
0.334900	124.00
0.334920	124.00
0.334940	124.00
0.334960	124.00
0.334980	124.00
0.335000	124.00
0.335020	124.00
0.335040	124.00
0.335060	124.00
0.335080	124.00
0.335100	124.00
0.335120	124.00
0.335140	124.00
0.335160	125.00
0.335180	125.00
0.335200	125.00
0.335220	125.00
0.335240	125.00
0.335260	125.00
0.335280	125.00
0.335300	125.00
0.335320	125.00
0.335340	125.00
0.335360	125.00
0.335380	125.00
0.335400	125.00
0.335420	125.00
0.335440	125.00
0.335460	125.00
0.335480	125.00
0.335500	125.00
0.335520	124.00
0.335540	124.00
0.335560	124.00
0.335580	124.00
0.335600	125.00
0.335620	125.00
0.335640	124.00
0.335660	125.00
0.335680	125.00
0.335700	125.00
0.335720	125.00
0.335740	125.00
0.335760	125.00
0.335780	125.00
0.335800	125.00
0.335820	125.00
0.335840	125.00
0.335860	125.00
0.335880	124.00
0.335900	124.00
0.335920	124.00
0.335940	124.00
0.335960	124.00
0.335980	124.00
0.336000	125.00
0.336020	125.00
0.336040	125.00
0.336060	125.00
0.336080	126.00
0.336100	126.00
0.336120	126.00
0.336140	126.00
0.336160	125.00
0.336180	125.00
0.336200	125.00
0.336220	126.00
0.336240	126.00
0.336260	126.00
0.336280	126.00
0.336300	126.00
0.336320	125.00
0.336340	125.00
0.336360	125.00
0.336380	124.00
0.336400	124.00
0.336420	124.00
0.336440	124.00
0.336460	124.00
0.336480	124.00
0.336500	125.00
0.336520	125.00
0.336540	125.00
0.336560	125.00
0.336580	125.00
0.336600	125.00
0.336620	125.00
0.336640	125.00
0.336660	126.00
0.336680	126.00
0.336700	126.00
0.336720	126.00
0.336740	126.00
0.336760	125.00
0.336780	125.00
0.336800	125.00
0.336820	125.00
0.336840	125.00
0.336860	125.00
0.336880	125.00
0.336900	125.00
0.336920	125.00
0.336940	125.00
0.336960	125.00
0.336980	125.00
0.337000	125.00
0.337020	125.00
0.337040	125.00
0.337060	125.00
0.337080	125.00
0.337100	125.00
0.337120	124.00
0.337140	125.00
0.337160	125.00
0.337180	125.00
0.337200	125.00
0.337220	124.00
0.337240	124.00
0.337260	124.00
0.337280	124.00
0.337300	125.00
0.337320	125.00
0.337340	125.00
0.337360	125.00
0.337380	125.00
0.337400	125.00
0.337420	125.00
0.337440	125.00
0.337460	125.00
0.337480	125.00
0.337500	125.00
0.337520	125.00
0.337540	125.00
0.337560	126.00
0.337580	126.00
0.337600	126.00
0.337620	125.00
0.337640	124.00
0.337660	124.00
0.337680	124.00
0.337700	123.00
0.337720	123.00
0.337740	122.00
0.337760	122.00
0.337780	121.00
0.337800	122.00
0.337820	123.00
0.337840	124.00
0.337860	126.00
0.337880	127.00
0.337900	128.00
0.337920	130.00
0.337940	131.00
0.337960	132.00
0.337980	132.00
0.338000	131.00
0.338020	130.00
0.338040	129.00
0.338060	126.00
0.338080	124.00
0.338100	121.00
0.338120	119.00
0.338140	117.00
0.338160	116.00
0.338180	115.00
0.338200	115.00
0.338220	115.00
0.338240	116.00
0.338260	119.00
0.338280	123.00
0.338300	127.00
0.338320	132.00
0.338340	136.00
0.338360	140.00
0.338380	142.00
0.338400	143.00
0.338420	142.00
0.338440	140.00
0.338460	136.00
0.338480	131.00
0.338500	124.00
0.338520	117.00
0.338540	110.00
0.338560	104.00
0.338580	99.00
0.338600	97.00
0.338620	97.00
0.338640	100.00
0.338660	106.00
0.338680	113.00
0.338700	122.00
0.338720	131.00
0.338740	140.00
0.338760	149.00
0.338780	155.00
0.338800	158.00
0.338820	159.00
0.338840	157.00
0.338860	152.00
0.338880	145.00
0.338900	135.00
0.338920	124.00
0.338940	114.00
0.338960	105.00
0.338980	97.00
0.339000	92.00
0.339020	90.00
0.339040	91.00
0.339060	95.00
0.339080	101.00
0.339100	109.00
0.339120	118.00
0.339140	128.00
0.339160	137.00
0.339180	145.00
0.339200	150.00
0.339220	154.00
0.339240	155.00
0.339260	153.00
0.339280	149.00
0.339300	143.00
0.339320	136.00
0.339340	128.00
0.339360	121.00
0.339380	114.00
0.339400	108.00
0.339420	104.00
0.339440	102.00
0.339460	102.00
0.339480	104.00
0.339500	108.00
0.339520	112.00
0.339540	118.00
0.339560	123.00
0.339580	129.00
0.339600	133.00
0.339620	136.00
0.339640	139.00
0.339660	140.00
0.339680	140.00
0.339700	139.00
0.339720	136.00
0.339740	133.00
0.339760	129.00
0.339780	125.00
0.339800	121.00
0.339820	118.00
0.339840	116.00
0.339860	115.00
0.339880	115.00
0.339900	115.00
0.339920	116.00
0.339940	118.00
0.339960	120.00
0.339980	123.00
0.340000	125.00
0.340020	127.00
0.340040	129.00
0.340060	130.00
0.340080	131.00
0.340100	132.00
0.340120	131.00
0.340140	130.00
0.340160	129.00
0.340180	127.00
0.340200	126.00
0.340220	125.00
0.340240	123.00
0.340260	122.00
0.340280	122.00
0.340300	122.00
0.340320	122.00
0.340340	121.00
0.340360	122.00
0.340380	122.00
0.340400	123.00
0.340420	124.00
0.340440	125.00
0.340460	126.00
0.340480	127.00
0.340500	127.00
0.340520	127.00
0.340540	127.00
0.340560	127.00
0.340580	127.00
0.340600	127.00
0.340620	126.00
0.340640	125.00
0.340660	124.00
0.340680	124.00
0.340700	124.00
0.340720	124.00
0.340740	123.00
0.340760	123.00
0.340780	123.00
0.340800	124.00
0.340820	124.00
0.340840	125.00
0.340860	125.00
0.340880	125.00
0.340900	126.00
0.340920	126.00
0.340940	126.00
0.340960	126.00
0.340980	125.00
0.341000	125.00
0.341020	126.00
0.341040	126.00
0.341060	125.00
0.341080	125.00
0.341100	124.00
0.341120	124.00
0.341140	124.00
0.341160	124.00
0.341180	124.00
0.341200	124.00
0.341220	124.00
0.341240	125.00
0.341260	125.00
0.341280	124.00
0.341300	124.00
0.341320	124.00
0.341340	125.00
0.341360	125.00
0.341380	125.00
0.341400	125.00
0.341420	125.00
0.341440	125.00
0.341460	125.00
0.341480	125.00
0.341500	125.00
0.341520	125.00
0.341540	126.00
0.341560	126.00
0.341580	126.00
0.341600	125.00
0.341620	125.00
0.341640	125.00
0.341660	125.00
0.341680	125.00
0.341700	125.00
0.341720	125.00
0.341740	125.00
0.341760	125.00
0.341780	125.00
0.341800	124.00
0.341820	124.00
0.341840	124.00
0.341860	125.00
0.341880	125.00
0.341900	125.00
0.341920	125.00
0.341940	125.00
0.341960	126.00
0.341980	126.00
0.342000	126.00
0.342020	126.00
0.342040	125.00
0.342060	125.00
0.342080	125.00
0.342100	125.00
0.342120	125.00
0.342140	125.00
0.342160	124.00
0.342180	124.00
0.342200	124.00
0.342220	124.00
0.342240	124.00
0.342260	124.00
0.342280	124.00
0.342300	125.00
0.342320	125.00
0.342340	125.00
0.342360	125.00
0.342380	125.00
0.342400	125.00
0.342420	125.00
0.342440	126.00
0.342460	126.00
0.342480	126.00
0.342500	126.00
0.342520	126.00
0.342540	126.00
0.342560	125.00
0.342580	125.00
0.342600	125.00
0.342620	124.00
0.342640	124.00
0.342660	124.00
0.342680	124.00
0.342700	125.00
0.342720	125.00
0.342740	126.00
0.342760	126.00
0.342780	126.00
0.342800	125.00
0.342820	125.00
0.342840	126.00
0.342860	126.00
0.342880	126.00
0.342900	126.00
0.342920	125.00
0.342940	125.00
0.342960	125.00
0.342980	125.00
0.343000	124.00
0.343020	124.00
0.343040	124.00
0.343060	124.00
0.343080	124.00
0.343100	124.00
0.343120	124.00
0.343140	125.00
0.343160	125.00
0.343180	126.00
0.343200	125.00
0.343220	125.00
0.343240	125.00
0.343260	125.00
0.343280	125.00
0.343300	125.00
0.343320	125.00
0.343340	125.00
0.343360	125.00
0.343380	125.00
0.343400	125.00
0.343420	125.00
0.343440	125.00
0.343460	125.00
0.343480	126.00
0.343500	125.00
0.343520	125.00
0.343540	124.00
0.343560	124.00
0.343580	124.00
0.343600	124.00
0.343620	124.00
0.343640	124.00
0.343660	124.00
0.343680	125.00
0.343700	125.00
0.343720	125.00
0.343740	124.00
0.343760	125.00
0.343780	125.00
0.343800	126.00
0.343820	126.00
0.343840	126.00
0.343860	125.00
0.343880	124.00
0.343900	124.00
0.343920	124.00
0.343940	123.00
0.343960	123.00
0.343980	123.00
0.344000	123.00
0.344020	123.00
0.344040	124.00
0.344060	125.00
0.344080	126.00
0.344100	127.00
0.344120	128.00
0.344140	128.00
0.344160	128.00
0.344180	128.00
0.344200	128.00
0.344220	128.00
0.344240	127.00
0.344260	126.00
0.344280	125.00
0.344300	124.00
0.344320	123.00
0.344340	121.00
0.344360	120.00
0.344380	119.00
0.344400	118.00
0.344420	118.00
0.344440	118.00
0.344460	119.00
0.344480	121.00
0.344500	123.00
0.344520	126.00
0.344540	129.00
0.344560	132.00
0.344580	134.00
0.344600	135.00
0.344620	136.00
0.344640	136.00
0.344660	135.00
0.344680	132.00
0.344700	128.00
0.344720	124.00
0.344740	119.00
0.344760	115.00
0.344780	111.00
0.344800	108.00
0.344820	107.00
0.344840	107.00
0.344860	109.00
0.344880	112.00
0.344900	117.00
0.344920	123.00
0.344940	129.00
0.344960	135.00
0.344980	140.00
0.345000	144.00
0.345020	146.00
0.345040	147.00
0.345060	146.00
0.345080	142.00
0.345100	137.00
0.345120	131.00
0.345140	124.00
0.345160	117.00
0.345180	111.00
0.345200	106.00
0.345220	103.00
0.345240	102.00
0.345260	103.00
0.345280	105.00
0.345300	110.00
0.345320	115.00
0.345340	121.00
0.345360	127.00
0.345380	133.00
0.345400	137.00
0.345420	141.00
0.345440	143.00
0.345460	144.00
0.345480	142.00
0.345500	140.00
0.345520	136.00
0.345540	132.00
0.345560	127.00
0.345580	122.00
0.345600	118.00
0.345620	114.00
0.345640	112.00
0.345660	111.00
0.345680	111.00
0.345700	112.00
0.345720	114.00
0.345740	117.00
0.345760	120.00
0.345780	124.00
0.345800	127.00
0.345820	130.00
0.345840	132.00
0.345860	134.00
0.345880	135.00
0.345900	134.00
0.345920	133.00
0.345940	131.00
0.345960	129.00
0.345980	127.00
0.346000	125.00
0.346020	123.00
0.346040	121.00
0.346060	120.00
0.346080	119.00
0.346100	119.00
0.346120	119.00
0.346140	120.00
0.346160	121.00
0.346180	122.00
0.346200	124.00
0.346220	125.00
0.346240	127.00
0.346260	128.00
0.346280	129.00
0.346300	129.00
0.346320	129.00
0.346340	129.00
0.346360	128.00
0.346380	127.00
0.346400	126.00
0.346420	125.00
0.346440	124.00
0.346460	123.00
0.346480	123.00
0.346500	123.00
0.346520	123.00
0.346540	123.00
0.346560	124.00
0.346580	124.00
0.346600	125.00
0.346620	125.00
0.346640	125.00
0.346660	126.00
0.346680	126.00
0.346700	126.00
0.346720	126.00
0.346740	126.00
0.346760	126.00
0.346780	126.00
0.346800	126.00
0.346820	126.00
0.346840	125.00
0.346860	125.00
0.346880	124.00
0.346900	124.00
0.346920	124.00
0.346940	124.00
0.346960	124.00
0.346980	124.00
0.347000	124.00
0.347020	125.00
0.347040	125.00
0.347060	125.00
0.347080	125.00
0.347100	126.00
0.347120	126.00
0.347140	126.00
0.347160	125.00
0.347180	125.00
0.347200	125.00
0.347220	125.00
0.347240	125.00
0.347260	125.00
0.347280	125.00
0.347300	125.00
0.347320	125.00
0.347340	125.00
0.347360	125.00
0.347380	125.00
0.347400	124.00
0.347420	124.00
0.347440	124.00
0.347460	124.00
0.347480	125.00
0.347500	125.00
0.347520	124.00
0.347540	124.00
0.347560	124.00
0.347580	124.00
0.347600	125.00
0.347620	125.00
0.347640	125.00
0.347660	125.00
0.347680	125.00
0.347700	125.00
0.347720	125.00
0.347740	125.00
0.347760	125.00
0.347780	125.00
0.347800	125.00
0.347820	125.00
0.347840	125.00
0.347860	125.00
0.347880	125.00
0.347900	124.00
0.347920	124.00
0.347940	124.00
0.347960	124.00
0.347980	124.00
0.348000	124.00
0.348020	124.00
0.348040	125.00
0.348060	125.00
0.348080	125.00
0.348100	125.00
0.348120	125.00
0.348140	125.00
0.348160	125.00
0.348180	125.00
0.348200	125.00
0.348220	125.00
0.348240	125.00
0.348260	125.00
0.348280	125.00
0.348300	125.00
0.348320	125.00
0.348340	125.00
0.348360	124.00
0.348380	124.00
0.348400	124.00
0.348420	124.00
0.348440	124.00
0.348460	124.00
0.348480	124.00
0.348500	124.00
0.348520	124.00
0.348540	125.00
0.348560	125.00
0.348580	125.00
0.348600	126.00
0.348620	126.00
0.348640	126.00
0.348660	126.00
0.348680	126.00
0.348700	126.00
0.348720	125.00
0.348740	125.00
0.348760	124.00
0.348780	124.00
0.348800	124.00
0.348820	124.00
0.348840	124.00
0.348860	124.00
0.348880	124.00
0.348900	125.00
0.348920	125.00
0.348940	125.00
0.348960	125.00
0.348980	125.00
0.349000	125.00
0.349020	126.00
0.349040	126.00
0.349060	125.00
0.349080	125.00
0.349100	126.00
0.349120	126.00
0.349140	126.00
0.349160	125.00
0.349180	124.00
0.349200	124.00
0.349220	125.00
0.349240	125.00
0.349260	125.00
0.349280	124.00
0.349300	124.00
0.349320	124.00
0.349340	125.00
0.349360	125.00
0.349380	125.00
0.349400	125.00
0.349420	125.00
0.349440	125.00
0.349460	125.00
0.349480	125.00
0.349500	125.00
0.349520	125.00
0.349540	125.00
0.349560	125.00
0.349580	125.00
0.349600	124.00
0.349620	125.00
0.349640	125.00
0.349660	125.00
0.349680	124.00
0.349700	124.00
0.349720	124.00
0.349740	124.00
0.349760	125.00
0.349780	125.00
0.349800	126.00
0.349820	126.00
0.349840	126.00
0.349860	126.00
0.349880	126.00
0.349900	126.00
0.349920	126.00
0.349940	126.00
0.349960	126.00
0.349980	126.00
0.350000	126.00
0.350020	125.00
0.350040	125.00
0.350060	125.00
0.350080	125.00
0.350100	125.00
0.350120	124.00
0.350140	123.00
0.350160	123.00
0.350180	123.00
0.350200	123.00
0.350220	123.00
0.350240	123.00
0.350260	124.00
0.350280	125.00
0.350300	125.00
0.350320	126.00
0.350340	126.00
0.350360	127.00
0.350380	128.00
0.350400	128.00
0.350420	128.00
0.350440	128.00
0.350460	127.00
0.350480	126.00
0.350500	125.00
0.350520	125.00
0.350540	124.00
0.350560	123.00
0.350580	122.00
0.350600	121.00
0.350620	121.00
0.350640	121.00
0.350660	121.00
0.350680	121.00
0.350700	122.00
0.350720	124.00
0.350740	126.00
0.350760	128.00
0.350780	130.00
0.350800	131.00
0.350820	132.00
0.350840	133.00
0.350860	133.00
0.350880	132.00
0.350900	129.00
0.350920	127.00
0.350940	124.00
0.350960	122.00
0.350980	119.00
0.351000	116.00
0.351020	114.00
0.351040	113.00
0.351060	113.00
0.351080	115.00
0.351100	118.00
0.351120	121.00
0.351140	125.00
0.351160	129.00
0.351180	132.00
0.351200	136.00
0.351220	138.00
0.351240	139.00
0.351260	139.00
0.351280	137.00
0.351300	135.00
0.351320	132.00
0.351340	128.00
0.351360	124.00
0.351380	120.00
0.351400	116.00
0.351420	113.00
0.351440	111.00
0.351460	110.00
0.351480	111.00
0.351500	113.00
0.351520	115.00
0.351540	118.00
0.351560	122.00
0.351580	126.00
0.351600	130.00
0.351620	133.00
0.351640	136.00
0.351660	137.00
0.351680	137.00
0.351700	137.00
0.351720	135.00
0.351740	133.00
0.351760	130.00
0.351780	126.00
0.351800	123.00
0.351820	121.00
0.351840	119.00
0.351860	117.00
0.351880	116.00
0.351900	116.00
0.351920	117.00
0.351940	118.00
0.351960	120.00
0.351980	122.00
0.352000	124.00
0.352020	126.00
0.352040	128.00
0.352060	130.00
0.352080	131.00
0.352100	131.00
0.352120	131.00
0.352140	130.00
0.352160	129.00
0.352180	127.00
0.352200	126.00
0.352220	124.00
0.352240	123.00
0.352260	122.00
0.352280	121.00
0.352300	121.00
0.352320	121.00
0.352340	121.00
0.352360	122.00
0.352380	122.00
0.352400	123.00
0.352420	124.00
0.352440	125.00
0.352460	126.00
0.352480	127.00
0.352500	127.00
0.352520	128.00
0.352540	128.00
0.352560	129.00
0.352580	128.00
0.352600	127.00
0.352620	126.00
0.352640	126.00
0.352660	125.00
0.352680	125.00
0.352700	124.00
0.352720	124.00
0.352740	123.00
0.352760	123.00
0.352780	123.00
0.352800	123.00
0.352820	123.00
0.352840	123.00
0.352860	123.00
0.352880	124.00
0.352900	124.00
0.352920	125.00
0.352940	126.00
0.352960	126.00
0.352980	126.00
0.353000	126.00
0.353020	126.00
0.353040	126.00
0.353060	126.00
0.353080	126.00
0.353100	126.00
0.353120	125.00
0.353140	125.00
0.353160	124.00
0.353180	125.00
0.353200	125.00
0.353220	124.00
0.353240	124.00
0.353260	124.00
0.353280	124.00
0.353300	124.00
0.353320	124.00
0.353340	124.00
0.353360	124.00
0.353380	125.00
0.353400	125.00
0.353420	125.00
0.353440	125.00
0.353460	125.00
0.353480	125.00
0.353500	125.00
0.353520	125.00
0.353540	125.00
0.353560	125.00
0.353580	125.00
0.353600	125.00
0.353620	125.00
0.353640	125.00
0.353660	125.00
0.353680	125.00
0.353700	125.00
0.353720	125.00
0.353740	125.00
0.353760	125.00
0.353780	125.00
0.353800	125.00
0.353820	124.00
0.353840	124.00
0.353860	124.00
0.353880	124.00
0.353900	125.00
0.353920	125.00
0.353940	125.00
0.353960	125.00
0.353980	125.00
0.354000	125.00
0.354020	125.00
0.354040	125.00
0.354060	125.00
0.354080	125.00
0.354100	124.00
0.354120	124.00
0.354140	124.00
0.354160	124.00
0.354180	124.00
0.354200	124.00
0.354220	124.00
0.354240	124.00
0.354260	124.00
0.354280	124.00
0.354300	125.00
0.354320	126.00
0.354340	126.00
0.354360	126.00
0.354380	126.00
0.354400	126.00
0.354420	126.00
0.354440	126.00
0.354460	126.00
0.354480	126.00
0.354500	126.00
0.354520	125.00
0.354540	124.00
0.354560	124.00
0.354580	124.00
0.354600	124.00
0.354620	124.00
0.354640	124.00
0.354660	124.00
0.354680	124.00
0.354700	125.00
0.354720	125.00
0.354740	125.00
0.354760	126.00
0.354780	126.00
0.354800	126.00
0.354820	125.00
0.354840	125.00
0.354860	125.00
0.354880	125.00
0.354900	125.00
0.354920	125.00
0.354940	124.00
0.354960	124.00
0.354980	124.00
0.355000	124.00
0.355020	124.00
0.355040	124.00
0.355060	124.00
0.355080	124.00
0.355100	125.00
0.355120	125.00
0.355140	125.00
0.355160	125.00
0.355180	125.00
0.355200	125.00
0.355220	126.00
0.355240	126.00
0.355260	126.00
0.355280	125.00
0.355300	125.00
0.355320	125.00
0.355340	125.00
0.355360	125.00
0.355380	125.00
0.355400	124.00
0.355420	124.00
0.355440	124.00
0.355460	124.00
0.355480	124.00
0.355500	124.00
0.355520	124.00
0.355540	124.00
0.355560	125.00
0.355580	125.00
0.355600	125.00
0.355620	124.00
0.355640	124.00
0.355660	124.00
0.355680	125.00
0.355700	125.00
0.355720	125.00
0.355740	126.00
0.355760	126.00
0.355780	125.00
0.355800	125.00
0.355820	125.00
0.355840	125.00
0.355860	125.00
0.355880	125.00
0.355900	125.00
0.355920	125.00
0.355940	125.00
0.355960	125.00
0.355980	125.00
0.356000	125.00
0.356020	125.00
0.356040	125.00
0.356060	125.00
0.356080	125.00
0.356100	125.00
0.356120	125.00
0.356140	125.00
0.356160	125.00
0.356180	125.00
0.356200	125.00
0.356220	125.00
0.356240	125.00
0.356260	125.00
0.356280	125.00
0.356300	125.00
0.356320	125.00
0.356340	125.00
0.356360	125.00
0.356380	125.00
0.356400	125.00
0.356420	125.00
0.356440	124.00
0.356460	124.00
0.356480	125.00
0.356500	126.00
0.356520	126.00
0.356540	126.00
0.356560	126.00
0.356580	126.00
0.356600	126.00
0.356620	126.00
0.356640	127.00
0.356660	127.00
0.356680	126.00
0.356700	125.00
0.356720	125.00
0.356740	125.00
0.356760	124.00
0.356780	124.00
0.356800	123.00
0.356820	123.00
0.356840	122.00
0.356860	122.00
0.356880	123.00
0.356900	123.00
0.356920	124.00
0.356940	125.00
0.356960	126.00
0.356980	127.00
0.357000	128.00
0.357020	129.00
0.357040	130.00
0.357060	130.00
0.357080	129.00
0.357100	129.00
0.357120	128.00
0.357140	126.00
0.357160	124.00
0.357180	122.00
0.357200	120.00
0.357220	119.00
0.357240	118.00
0.357260	117.00
0.357280	117.00
0.357300	118.00
0.357320	120.00
0.357340	122.00
0.357360	125.00
0.357380	127.00
0.357400	130.00
0.357420	132.00
0.357440	133.00
0.357460	134.00
0.357480	134.00
0.357500	133.00
0.357520	132.00
0.357540	129.00
0.357560	126.00
0.357580	123.00
0.357600	120.00
0.357620	118.00
0.357640	117.00
0.357660	116.00
0.357680	116.00
0.357700	116.00
0.357720	117.00
0.357740	119.00
0.357760	121.00
0.357780	124.00
0.357800	127.00
0.357820	129.00
0.357840	131.00
0.357860	133.00
0.357880	133.00
0.357900	133.00
0.357920	132.00
0.357940	131.00
0.357960	130.00
0.357980	128.00
0.358000	126.00
0.358020	123.00
0.358040	121.00
0.358060	119.00
0.358080	118.00
0.358100	118.00
0.358120	118.00
0.358140	119.00
0.358160	120.00
0.358180	122.00
0.358200	123.00
0.358220	125.00
0.358240	126.00
0.358260	127.00
0.358280	128.00
0.358300	129.00
0.358320	129.00
0.358340	129.00
0.358360	128.00
0.358380	127.00
0.358400	127.00
0.358420	126.00
0.358440	125.00
0.358460	124.00
0.358480	123.00
0.358500	123.00
0.358520	123.00
0.358540	123.00
0.358560	123.00
0.358580	124.00
0.358600	124.00
0.358620	124.00
0.358640	125.00
0.358660	126.00
0.358680	127.00
0.358700	127.00
0.358720	127.00
0.358740	127.00
0.358760	126.00
0.358780	126.00
0.358800	125.00
0.358820	125.00
0.358840	124.00
0.358860	124.00
0.358880	124.00
0.358900	123.00
0.358920	123.00
0.358940	123.00
0.358960	124.00
0.358980	124.00
0.359000	125.00
0.359020	125.00
0.359040	125.00
0.359060	126.00
0.359080	126.00
0.359100	126.00
0.359120	126.00
0.359140	126.00
0.359160	125.00
0.359180	125.00
0.359200	125.00
0.359220	125.00
0.359240	125.00
0.359260	125.00
0.359280	125.00
0.359300	124.00
0.359320	124.00
0.359340	124.00
0.359360	124.00
0.359380	124.00
0.359400	124.00
0.359420	125.00
0.359440	125.00
0.359460	126.00
0.359480	126.00
0.359500	126.00
0.359520	125.00
0.359540	125.00
0.359560	125.00
0.359580	125.00
0.359600	125.00
0.359620	125.00
0.359640	125.00
0.359660	124.00
0.359680	124.00
0.359700	124.00
0.359720	124.00
0.359740	124.00
0.359760	124.00
0.359780	124.00
0.359800	124.00
0.359820	125.00
0.359840	125.00
0.359860	125.00
0.359880	125.00
0.359900	125.00
0.359920	125.00
0.359940	125.00
0.359960	125.00
0.359980	126.00
