0.320000	101.00
0.320020	49.00
0.320040	102.00
0.320060	141.00
0.320080	144.00
0.320100	125.00
0.320120	112.00
0.320140	118.00
0.320160	131.00
0.320180	134.00
0.320200	125.00
0.320220	118.00
0.320240	120.00
0.320260	128.00
0.320280	130.00
0.320300	124.00
0.320320	120.00
0.320340	121.00
0.320360	127.00
0.320380	128.00
0.320400	124.00
0.320420	121.00
0.320440	122.00
0.320460	127.00
0.320480	128.00
0.320500	125.00
0.320520	122.00
0.320540	123.00
0.320560	127.00
0.320580	128.00
0.320600	125.00
0.320620	123.00
0.320640	124.00
0.320660	127.00
0.320680	128.00
0.320700	125.00
0.320720	123.00
0.320740	123.00
0.320760	125.00
0.320780	127.00
0.320800	125.00
0.320820	123.00
0.320840	123.00
0.320860	125.00
0.320880	126.00
0.320900	124.00
0.320920	123.00
0.320940	123.00
0.320960	126.00
0.320980	126.00
0.321000	125.00
0.321020	123.00
0.321040	124.00
0.321060	125.00
0.321080	126.00
0.321100	124.00
0.321120	123.00
0.321140	123.00
0.321160	125.00
0.321180	126.00
0.321200	125.00
0.321220	124.00
0.321240	124.00
0.321260	125.00
0.321280	126.00
0.321300	125.00
0.321320	124.00
0.321340	125.00
0.321360	126.00
0.321380	126.00
0.321400	125.00
0.321420	124.00
0.321440	125.00
0.321460	126.00
0.321480	126.00
0.321500	125.00
0.321520	124.00
0.321540	125.00
0.321560	126.00
0.321580	126.00
0.321600	125.00
0.321620	124.00
0.321640	125.00
0.321660	126.00
0.321680	126.00
0.321700	125.00
0.321720	123.00
0.321740	124.00
0.321760	125.00
0.321780	125.00
0.321800	124.00
0.321820	123.00
0.321840	124.00
0.321860	125.00
0.321880	126.00
0.321900	125.00
0.321920	124.00
0.321940	125.00
0.321960	126.00
0.321980	126.00
0.322000	125.00
0.322020	124.00
0.322040	124.00
0.322060	125.00
0.322080	125.00
0.322100	124.00
0.322120	124.00
0.322140	124.00
0.322160	125.00
0.322180	126.00
0.322200	125.00
0.322220	125.00
0.322240	125.00
0.322260	125.00
0.322280	126.00
0.322300	125.00
0.322320	124.00
0.322340	124.00
0.322360	125.00
0.322380	125.00
0.322400	125.00
0.322420	125.00
0.322440	125.00
0.322460	125.00
0.322480	125.00
0.322500	124.00
0.322520	124.00
0.322540	124.00
0.322560	125.00
0.322580	126.00
0.322600	125.00
0.322620	124.00
0.322640	125.00
0.322660	125.00
0.322680	126.00
0.322700	125.00
0.322720	125.00
0.322740	125.00
0.322760	125.00
0.322780	125.00
0.322800	125.00
0.322820	124.00
0.322840	124.00
0.322860	125.00
0.322880	125.00
0.322900	125.00
0.322920	125.00
0.322940	125.00
0.322960	125.00
0.322980	125.00
0.323000	124.00
0.323020	124.00
0.323040	124.00
0.323060	124.00
0.323080	125.00
0.323100	124.00
0.323120	124.00
0.323140	124.00
0.323160	124.00
0.323180	125.00
0.323200	124.00
0.323220	124.00
0.323240	125.00
0.323260	125.00
0.323280	126.00
0.323300	125.00
0.323320	125.00
0.323340	125.00
0.323360	125.00
0.323380	125.00
0.323400	124.00
0.323420	124.00
0.323440	124.00
0.323460	125.00
0.323480	125.00
0.323500	125.00
0.323520	125.00
0.323540	125.00
0.323560	125.00
0.323580	126.00
0.323600	125.00
0.323620	125.00
0.323640	125.00
0.323660	125.00
0.323680	125.00
0.323700	124.00
0.323720	124.00
0.323740	124.00
0.323760	125.00
0.323780	126.00
0.323800	126.00
0.323820	125.00
0.323840	125.00
0.323860	125.00
0.323880	126.00
0.323900	126.00
0.323920	125.00
0.323940	125.00
0.323960	125.00
0.323980	125.00
0.324000	125.00
0.324020	125.00
0.324040	125.00
0.324060	125.00
0.324080	125.00
0.324100	124.00
0.324120	124.00
0.324140	124.00
0.324160	124.00
0.324180	125.00
0.324200	125.00
0.324220	125.00
0.324240	125.00
0.324260	125.00
0.324280	125.00
0.324300	125.00
0.324320	124.00
0.324340	124.00
0.324360	125.00
0.324380	125.00
0.324400	124.00
0.324420	124.00
0.324440	124.00
0.324460	125.00
0.324480	125.00
0.324500	125.00
0.324520	125.00
0.324540	125.00
0.324560	125.00
0.324580	125.00
0.324600	125.00
0.324620	124.00
0.324640	124.00
0.324660	124.00
0.324680	124.00
0.324700	124.00
0.324720	124.00
0.324740	124.00
0.324760	125.00
0.324780	125.00
0.324800	125.00
0.324820	124.00
0.324840	124.00
0.324860	124.00
0.324880	124.00
0.324900	124.00
0.324920	124.00
0.324940	124.00
0.324960	124.00
0.324980	124.00
0.325000	124.00
0.325020	124.00
0.325040	124.00
0.325060	125.00
0.325080	125.00
0.325100	125.00
0.325120	125.00
0.325140	124.00
0.325160	124.00
0.325180	123.00
0.325200	123.00
0.325220	121.00
0.325240	120.00
0.325260	120.00
0.325280	121.00
0.325300	122.00
0.325320	124.00
0.325340	127.00
0.325360	130.00
0.325380	134.00
0.325400	137.00
0.325420	141.00
0.325440	144.00
0.325460	146.00
0.325480	145.00
0.325500	142.00
0.325520	134.00
0.325540	125.00
0.325560	114.00
0.325580	104.00
0.325600	95.00
0.325620	88.00
0.325640	83.00
0.325660	80.00
0.325680	80.00
0.325700	84.00
0.325720	93.00
0.325740	107.00
0.325760	125.00
0.325780	144.00
0.325800	162.00
0.325820	176.00
0.325840	186.00
0.325860	192.00
0.325880	194.00
0.325900	193.00
0.325920	185.00
0.325940	171.00
0.325960	151.00
0.325980	124.00
0.326000	95.00
0.326020	65.00
0.326040	38.00
0.326060	18.00
0.326080	6.00
0.326100	4.00
0.326120	12.00
0.326140	31.00
0.326160	62.00
0.326180	102.00
0.326200	149.00
0.326220	193.00
0.326240	228.00
0.326260	249.00
0.326280	255.00
0.326300	255.00
0.326320	250.00
0.326340	236.00
0.326360	208.00
0.326380	164.00
0.326400	106.00
0.326420	49.00
0.326440	9.00
0.326460	0.00
0.326480	0.00
0.326500	7.00
0.326520	5.00
0.326540	0.00
0.326560	0.00
0.326580	18.00
0.326600	72.00
0.326620	142.00
0.326640	205.00
0.326660	244.00
0.326680	255.00
0.326700	255.00
0.326720	255.00
0.326740	255.00
0.326760	253.00
0.326780	236.00
0.326800	200.00
0.326820	147.00
0.326840	89.00
0.326860	38.00
0.326880	6.00
0.326900	0.00
0.326920	0.00
0.326940	4.00
0.326960	1.00
0.326980	0.00
0.327000	6.00
0.327020	37.00
0.327040	88.00
0.327060	144.00
0.327080	191.00
0.327100	222.00
0.327120	238.00
0.327140	245.00
0.327160	245.00
0.327180	238.00
0.327200	223.00
0.327220	201.00
0.327240	172.00
0.327260	139.00
0.327280	104.00
0.327300	70.00
0.327320	43.00
0.327340	26.00
0.327360	18.00
0.327380	19.00
0.327400	28.00
0.327420	44.00
0.327440	67.00
0.327460	94.00
0.327480	120.00
0.327500	144.00
0.327520	164.00
0.327540	180.00
0.327560	191.00
0.327580	194.00
0.327600	191.00
0.327620	183.00
0.327640	171.00
0.327660	157.00
0.327680	140.00
0.327700	123.00
0.327720	108.00
0.327740	95.00
0.327760	86.00
0.327780	81.00
0.327800	80.00
0.327820	82.00
0.327840	88.00
0.327860	97.00
0.327880	107.00
0.327900	118.00
0.327920	128.00
0.327940	138.00
0.327960	146.00
0.327980	151.00
0.328000	153.00
0.328020	153.00
0.328040	151.00
0.328060	147.00
0.328080	141.00
0.328100	134.00
0.328120	127.00
0.328140	121.00
0.328160	116.00
0.328180	111.00
0.328200	108.00
0.328220	107.00
0.328240	107.00
0.328260	109.00
0.328280	112.00
0.328300	115.00
0.328320	119.00
0.328340	124.00
0.328360	128.00
0.328380	132.00
0.328400	134.00
0.328420	136.00
0.328440	136.00
0.328460	136.00
0.328480	135.00
0.328500	133.00
0.328520	131.00
0.328540	128.00
0.328560	125.00
0.328580	123.00
0.328600	121.00
0.328620	119.00
0.328640	119.00
0.328660	119.00
0.328680	118.00
0.328700	119.00
0.328720	120.00
0.328740	122.00
0.328760	124.00
0.328780	126.00
0.328800	127.00
0.328820	127.00
0.328840	128.00
0.328860	129.00
0.328880	130.00
0.328900	129.00
0.328920	128.00
0.328940	127.00
0.328960	126.00
0.328980	125.00
0.329000	124.00
0.329020	124.00
0.329040	123.00
0.329060	123.00
0.329080	123.00
0.329100	122.00
0.329120	122.00
0.329140	122.00
0.329160	123.00
0.329180	124.00
0.329200	125.00
0.329220	125.00
0.329240	126.00
0.329260	126.00
0.329280	127.00
0.329300	127.00
0.329320	127.00
0.329340	127.00
0.329360	127.00
0.329380	126.00
0.329400	125.00
0.329420	124.00
0.329440	124.00
0.329460	124.00
0.329480	124.00
0.329500	124.00
0.329520	124.00
0.329540	124.00
0.329560	124.00
0.329580	125.00
0.329600	125.00
0.329620	125.00
0.329640	125.00
0.329660	126.00
0.329680	126.00
0.329700	125.00
0.329720	125.00
0.329740	125.00
0.329760	126.00
0.329780	127.00
0.329800	126.00
0.329820	125.00
0.329840	125.00
0.329860	125.00
0.329880	126.00
0.329900	125.00
0.329920	125.00
0.329940	125.00
0.329960	125.00
0.329980	125.00
0.330000	125.00
0.330020	125.00
0.330040	125.00
0.330060	126.00
0.330080	126.00
0.330100	126.00
0.330120	126.00
0.330140	126.00
0.330160	126.00
0.330180	125.00
0.330200	125.00
0.330220	125.00
0.330240	125.00
0.330260	125.00
0.330280	124.00
0.330300	124.00
0.330320	124.00
0.330340	125.00
0.330360	125.00
0.330380	125.00
0.330400	125.00
0.330420	124.00
0.330440	124.00
0.330460	124.00
0.330480	124.00
0.330500	124.00
0.330520	124.00
0.330540	124.00
0.330560	124.00
0.330580	124.00
0.330600	125.00
0.330620	125.00
0.330640	125.00
0.330660	125.00
0.330680	125.00
0.330700	124.00
0.330720	124.00
0.330740	124.00
0.330760	125.00
0.330780	125.00
0.330800	125.00
0.330820	125.00
0.330840	126.00
0.330860	126.00
0.330880	127.00
0.330900	126.00
0.330920	126.00
0.330940	125.00
0.330960	125.00
0.330980	125.00
0.331000	125.00
0.331020	125.00
0.331040	125.00
0.331060	125.00
0.331080	125.00
0.331100	125.00
0.331120	125.00
0.331140	125.00
0.331160	126.00
0.331180	126.00
0.331200	126.00
0.331220	125.00
0.331240	125.00
0.331260	124.00
0.331280	124.00
0.331300	125.00
0.331320	125.00
0.331340	125.00
0.331360	125.00
0.331380	126.00
0.331400	125.00
0.331420	125.00
0.331440	125.00
0.331460	125.00
0.331480	126.00
0.331500	126.00
0.331520	125.00
0.331540	125.00
0.331560	124.00
0.331580	123.00
0.331600	123.00
0.331620	121.00
0.331640	121.00
0.331660	120.00
0.331680	120.00
0.331700	120.00
0.331720	121.00
0.331740	123.00
0.331760	126.00
0.331780	128.00
0.331800	130.00
0.331820	132.00
0.331840	134.00
0.331860	135.00
0.331880	136.00
0.331900	135.00
0.331920	133.00
0.331940	131.00
0.331960	127.00
0.331980	123.00
0.332000	119.00
0.332020	115.00
0.332040	112.00
0.332060	111.00
0.332080	110.00
0.332100	109.00
0.332120	110.00
0.332140	112.00
0.332160	116.00
0.332180	122.00
0.332200	128.00
0.332220	135.00
0.332240	142.00
0.332260	149.00
0.332280	153.00
0.332300	155.00
0.332320	154.00
0.332340	151.00
0.332360	145.00
0.332380	137.00
0.332400	126.00
0.332420	114.00
0.332440	102.00
0.332460	92.00
0.332480	83.00
0.332500	79.00
0.332520	79.00
0.332540	84.00
0.332560	93.00
0.332580	105.00
0.332600	119.00
0.332620	134.00
0.332640	149.00
0.332660	163.00
0.332680	174.00
0.332700	180.00
0.332720	182.00
0.332740	179.00
0.332760	171.00
0.332780	159.00
0.332800	143.00
0.332820	126.00
0.332840	108.00
0.332860	92.00
0.332880	79.00
0.332900	70.00
0.332920	66.00
0.332940	66.00
0.332960	72.00
0.332980	82.00
0.333000	95.00
0.333020	111.00
0.333040	127.00
0.333060	143.00
0.333080	156.00
0.333100	166.00
0.333120	172.00
0.333140	175.00
0.333160	173.00
0.333180	167.00
0.333200	158.00
0.333220	146.00
0.333240	133.00
0.333260	121.00
0.333280	109.00
0.333300	99.00
0.333320	91.00
0.333340	87.00
0.333360	86.00
0.333380	89.00
0.333400	94.00
0.333420	101.00
0.333440	110.00
0.333460	120.00
0.333480	129.00
0.333500	138.00
0.333520	144.00
0.333540	149.00
0.333560	151.00
0.333580	151.00
0.333600	148.00
0.333620	144.00
0.333640	139.00
0.333660	133.00
0.333680	127.00
0.333700	121.00
0.333720	115.00
0.333740	111.00
0.333760	108.00
0.333780	108.00
0.333800	108.00
0.333820	109.00
0.333840	112.00
0.333860	116.00
0.333880	121.00
0.333900	125.00
0.333920	129.00
0.333940	132.00
0.333960	135.00
0.333980	136.00
0.334000	136.00
0.334020	135.00
0.334040	134.00
0.334060	132.00
0.334080	129.00
0.334100	127.00
0.334120	124.00
0.334140	122.00
0.334160	120.00
0.334180	119.00
0.334200	118.00
0.334220	118.00
0.334240	119.00
0.334260	120.00
0.334280	121.00
0.334300	122.00
0.334320	124.00
0.334340	125.00
0.334360	127.00
0.334380	129.00
0.334400	129.00
0.334420	130.00
0.334440	130.00
0.334460	129.00
0.334480	128.00
0.334500	127.00
0.334520	126.00
0.334540	125.00
0.334560	124.00
0.334580	124.00
0.334600	123.00
0.334620	122.00
0.334640	122.00
0.334660	122.00
0.334680	123.00
0.334700	123.00
0.334720	123.00
0.334740	124.00
0.334760	125.00
0.334780	125.00
0.334800	126.00
0.334820	127.00
0.334840	127.00
0.334860	127.00
0.334880	127.00
0.334900	126.00
0.334920	126.00
0.334940	125.00
0.334960	125.00
0.334980	125.00
0.335000	125.00
0.335020	124.00
0.335040	124.00
0.335060	124.00
0.335080	124.00
0.335100	124.00
0.335120	124.00
0.335140	124.00
0.335160	124.00
0.335180	125.00
0.335200	125.00
0.335220	125.00
0.335240	125.00
0.335260	125.00
0.335280	125.00
0.335300	125.00
0.335320	125.00
0.335340	125.00
0.335360	125.00
0.335380	125.00
0.335400	125.00
0.335420	125.00
0.335440	124.00
0.335460	124.00
0.335480	124.00
0.335500	124.00
0.335520	124.00
0.335540	124.00
0.335560	124.00
0.335580	125.00
0.335600	126.00
0.335620	126.00
0.335640	126.00
0.335660	126.00
0.335680	125.00
0.335700	125.00
0.335720	125.00
0.335740	125.00
0.335760	125.00
0.335780	125.00
0.335800	125.00
0.335820	125.00
0.335840	125.00
0.335860	125.00
0.335880	125.00
0.335900	125.00
0.335920	125.00
0.335940	125.00
0.335960	125.00
0.335980	125.00
0.336000	125.00
0.336020	125.00
0.336040	125.00
0.336060	125.00
0.336080	125.00
0.336100	124.00
0.336120	124.00
0.336140	125.00
0.336160	125.00
0.336180	125.00
0.336200	124.00
0.336220	125.00
0.336240	125.00
0.336260	126.00
0.336280	126.00
0.336300	126.00
0.336320	126.00
0.336340	126.00
0.336360	126.00
0.336380	126.00
0.336400	125.00
0.336420	125.00
0.336440	124.00
0.336460	125.00
0.336480	125.00
0.336500	125.00
0.336520	125.00
0.336540	124.00
0.336560	124.00
0.336580	124.00
0.336600	124.00
0.336620	124.00
0.336640	124.00
0.336660	125.00
0.336680	125.00
0.336700	125.00
0.336720	125.00
0.336740	125.00
0.336760	125.00
0.336780	125.00
0.336800	125.00
0.336820	125.00
0.336840	125.00
0.336860	125.00
0.336880	125.00
0.336900	125.00
0.336920	124.00
0.336940	124.00
0.336960	124.00
0.336980	125.00
0.337000	125.00
0.337020	125.00
0.337040	125.00
0.337060	125.00
0.337080	125.00
0.337100	125.00
0.337120	125.00
0.337140	125.00
0.337160	125.00
0.337180	126.00
0.337200	126.00
0.337220	126.00
0.337240	125.00
0.337260	125.00
0.337280	124.00
0.337300	124.00
0.337320	124.00
0.337340	124.00
0.337360	124.00
0.337380	124.00
0.337400	125.00
0.337420	125.00
0.337440	125.00
0.337460	125.00
0.337480	125.00
0.337500	125.00
0.337520	125.00
0.337540	125.00
0.337560	125.00
0.337580	125.00
0.337600	125.00
0.337620	125.00
0.337640	126.00
0.337660	126.00
0.337680	126.00
0.337700	126.00
0.337720	126.00
0.337740	125.00
0.337760	125.00
0.337780	125.00
0.337800	124.00
0.337820	123.00
0.337840	123.00
0.337860	123.00
0.337880	122.00
0.337900	122.00
0.337920	122.00
0.337940	123.00
0.337960	124.00
0.337980	126.00
0.338000	127.00
0.338020	128.00
0.338040	130.00
0.338060	131.00
0.338080	131.00
0.338100	131.00
0.338120	130.00
0.338140	129.00
0.338160	127.00
0.338180	125.00
0.338200	123.00
0.338220	121.00
0.338240	119.00
0.338260	118.00
0.338280	116.00
0.338300	115.00
0.338320	115.00
0.338340	115.00
0.338360	117.00
0.338380	119.00
0.338400	123.00
0.338420	127.00
0.338440	132.00
0.338460	137.00
0.338480	140.00
0.338500	142.00
0.338520	143.00
0.338540	142.00
0.338560	139.00
0.338580	135.00
0.338600	130.00
0.338620	123.00
0.338640	116.00
0.338660	109.00
0.338680	103.00
0.338700	99.00
0.338720	97.00
0.338740	98.00
0.338760	102.00
0.338780	107.00
0.338800	115.00
0.338820	123.00
0.338840	132.00
0.338860	142.00
0.338880	150.00
0.338900	155.00
0.338920	158.00
0.338940	159.00
0.338960	156.00
0.338980	151.00
0.339000	142.00
0.339020	132.00
0.339040	122.00
0.339060	112.00
0.339080	103.00
0.339100	97.00
0.339120	92.00
0.339140	90.00
0.339160	91.00
0.339180	96.00
0.339200	102.00
0.339220	110.00
0.339240	119.00
0.339260	129.00
0.339280	138.00
0.339300	145.00
0.339320	150.00
0.339340	153.00
0.339360	154.00
0.339380	152.00
0.339400	149.00
0.339420	143.00
0.339440	136.00
0.339460	128.00
0.339480	121.00
0.339500	114.00
0.339520	108.00
0.339540	105.00
0.339560	103.00
0.339580	103.00
0.339600	104.00
0.339620	108.00
0.339640	113.00
0.339660	119.00
0.339680	124.00
0.339700	129.00
0.339720	133.00
0.339740	136.00
0.339760	139.00
0.339780	140.00
0.339800	140.00
0.339820	138.00
0.339840	135.00
0.339860	132.00
0.339880	129.00
0.339900	125.00
0.339920	122.00
0.339940	119.00
0.339960	117.00
0.339980	116.00
0.340000	116.00
0.340020	116.00
0.340040	117.00
0.340060	119.00
0.340080	121.00
0.340100	123.00
0.340120	126.00
0.340140	128.00
0.340160	130.00
0.340180	131.00
0.340200	132.00
0.340220	132.00
0.340240	131.00
0.340260	130.00
0.340280	129.00
0.340300	127.00
0.340320	126.00
0.340340	124.00
0.340360	123.00
0.340380	122.00
0.340400	121.00
0.340420	121.00
0.340440	121.00
0.340460	122.00
0.340480	122.00
0.340500	122.00
0.340520	123.00
0.340540	124.00
0.340560	125.00
0.340580	126.00
0.340600	127.00
0.340620	127.00
0.340640	127.00
0.340660	127.00
0.340680	127.00
0.340700	127.00
0.340720	126.00
0.340740	125.00
0.340760	125.00
0.340780	125.00
0.340800	124.00
0.340820	124.00
0.340840	123.00
0.340860	123.00
0.340880	123.00
0.340900	123.00
0.340920	123.00
0.340940	124.00
0.340960	124.00
0.340980	125.00
0.341000	125.00
0.341020	125.00
0.341040	125.00
0.341060	126.00
0.341080	126.00
0.341100	126.00
0.341120	126.00
0.341140	126.00
0.341160	125.00
0.341180	125.00
0.341200	125.00
0.341220	125.00
0.341240	125.00
0.341260	125.00
0.341280	124.00
0.341300	124.00
0.341320	124.00
0.341340	125.00
0.341360	125.00
0.341380	125.00
0.341400	125.00
0.341420	125.00
0.341440	125.00
0.341460	125.00
0.341480	125.00
0.341500	125.00
0.341520	125.00
0.341540	125.00
0.341560	125.00
0.341580	125.00
0.341600	125.00
0.341620	126.00
0.341640	126.00
0.341660	126.00
0.341680	126.00
0.341700	125.00
0.341720	125.00
0.341740	125.00
0.341760	125.00
0.341780	125.00
0.341800	125.00
0.341820	125.00
0.341840	125.00
0.341860	125.00
0.341880	125.00
0.341900	124.00
0.341920	124.00
0.341940	124.00
0.341960	124.00
0.341980	124.00
0.342000	124.00
0.342020	124.00
0.342040	125.00
0.342060	125.00
0.342080	126.00
0.342100	126.00
0.342120	126.00
0.342140	125.00
0.342160	125.00
0.342180	125.00
0.342200	125.00
0.342220	125.00
0.342240	125.00
0.342260	125.00
0.342280	124.00
0.342300	124.00
0.342320	123.00
0.342340	124.00
0.342360	124.00
0.342380	124.00
0.342400	124.00
0.342420	124.00
0.342440	125.00
0.342460	126.00
0.342480	126.00
0.342500	126.00
0.342520	126.00
0.342540	126.00
0.342560	126.00
0.342580	126.00
0.342600	125.00
0.342620	125.00
0.342640	125.00
0.342660	124.00
0.342680	124.00
0.342700	124.00
0.342720	124.00
0.342740	124.00
0.342760	124.00
0.342780	124.00
0.342800	124.00
0.342820	124.00
0.342840	124.00
0.342860	125.00
0.342880	125.00
0.342900	125.00
0.342920	126.00
0.342940	126.00
0.342960	126.00
0.342980	126.00
0.343000	125.00
0.343020	125.00
0.343040	125.00
0.343060	125.00
0.343080	125.00
0.343100	124.00
0.343120	124.00
0.343140	124.00
0.343160	124.00
0.343180	124.00
0.343200	124.00
0.343220	124.00
0.343240	124.00
0.343260	125.00
0.343280	125.00
0.343300	125.00
0.343320	125.00
0.343340	125.00
0.343360	125.00
0.343380	125.00
0.343400	124.00
0.343420	124.00
0.343440	124.00
0.343460	125.00
0.343480	125.00
0.343500	125.00
0.343520	125.00
0.343540	125.00
0.343560	125.00
0.343580	125.00
0.343600	125.00
0.343620	124.00
0.343640	124.00
0.343660	125.00
0.343680	125.00
0.343700	125.00
0.343720	125.00
0.343740	125.00
0.343760	125.00
0.343780	125.00
0.343800	124.00
0.343820	124.00
0.343840	124.00
0.343860	125.00
0.343880	125.00
0.343900	125.00
0.343920	125.00
0.343940	125.00
0.343960	125.00
0.343980	125.00
0.344000	125.00
0.344020	124.00
0.344040	123.00
0.344060	123.00
0.344080	123.00
0.344100	123.00
0.344120	123.00
0.344140	123.00
0.344160	123.00
0.344180	124.00
0.344200	125.00
0.344220	126.00
0.344240	127.00
0.344260	128.00
0.344280	129.00
0.344300	129.00
0.344320	129.00
0.344340	128.00
0.344360	127.00
0.344380	126.00
0.344400	125.00
0.344420	123.00
0.344440	121.00
0.344460	120.00
0.344480	119.00
0.344500	119.00
0.344520	119.00
0.344540	119.00
0.344560	120.00
0.344580	121.00
0.344600	123.00
0.344620	125.00
0.344640	127.00
0.344660	130.00
0.344680	133.00
0.344700	135.00
0.344720	136.00
0.344740	136.00
0.344760	136.00
0.344780	133.00
0.344800	130.00
0.344820	127.00
0.344840	123.00
0.344860	118.00
0.344880	114.00
0.344900	111.00
0.344920	109.00
0.344940	108.00
0.344960	108.00
0.344980	110.00
0.345000	114.00
0.345020	119.00
0.345040	125.00
0.345060	131.00
0.345080	136.00
0.345100	141.00
0.345120	144.00
0.345140	146.00
0.345160	146.00
0.345180	144.00
0.345200	140.00
0.345220	135.00
0.345240	129.00
0.345260	123.00
0.345280	117.00
0.345300	111.00
0.345320	106.00
0.345340	104.00
0.345360	103.00
0.345380	104.00
0.345400	107.00
0.345420	111.00
0.345440	116.00
0.345460	122.00
0.345480	128.00
0.345500	133.00
0.345520	137.00
0.345540	141.00
0.345560	143.00
0.345580	144.00
0.345600	142.00
0.345620	139.00
0.345640	135.00
0.345660	131.00
0.345680	127.00
0.345700	122.00
0.345720	118.00
0.345740	114.00
0.345760	112.00
0.345780	111.00
0.345800	111.00
0.345820	112.00
0.345840	115.00
0.345860	118.00
0.345880	121.00
0.345900	124.00
0.345920	127.00
0.345940	130.00
0.345960	132.00
0.345980	134.00
0.346000	135.00
0.346020	135.00
0.346040	133.00
0.346060	131.00
0.346080	129.00
0.346100	127.00
0.346120	125.00
0.346140	123.00
0.346160	122.00
0.346180	120.00
0.346200	119.00
0.346220	119.00
0.346240	119.00
0.346260	120.00
0.346280	121.00
0.346300	122.00
0.346320	123.00
0.346340	125.00
0.346360	126.00
0.346380	127.00
0.346400	128.00
0.346420	128.00
0.346440	128.00
0.346460	128.00
0.346480	128.00
0.346500	127.00
0.346520	126.00
0.346540	125.00
0.346560	124.00
0.346580	124.00
0.346600	124.00
0.346620	123.00
0.346640	123.00
0.346660	123.00
0.346680	123.00
0.346700	123.00
0.346720	124.00
0.346740	125.00
0.346760	125.00
0.346780	125.00
0.346800	126.00
0.346820	126.00
0.346840	126.00
0.346860	126.00
0.346880	126.00
0.346900	126.00
0.346920	126.00
0.346940	126.00
0.346960	126.00
0.346980	126.00
0.347000	125.00
0.347020	124.00
0.347040	124.00
0.347060	124.00
0.347080	124.00
0.347100	124.00
0.347120	124.00
0.347140	124.00
0.347160	124.00
0.347180	124.00
0.347200	125.00
0.347220	125.00
0.347240	125.00
0.347260	125.00
0.347280	125.00
0.347300	125.00
0.347320	125.00
0.347340	125.00
0.347360	125.00
0.347380	125.00
0.347400	124.00
0.347420	124.00
0.347440	124.00
0.347460	124.00
0.347480	124.00
0.347500	124.00
0.347520	124.00
0.347540	125.00
0.347560	126.00
0.347580	126.00
0.347600	126.00
0.347620	125.00
0.347640	125.00
0.347660	125.00
0.347680	125.00
0.347700	125.00
0.347720	125.00
0.347740	125.00
0.347760	125.00
0.347780	125.00
0.347800	126.00
0.347820	126.00
0.347840	125.00
0.347860	125.00
0.347880	125.00
0.347900	125.00
0.347920	125.00
0.347940	125.00
0.347960	125.00
0.347980	125.00
0.348000	125.00
0.348020	125.00
0.348040	125.00
0.348060	125.00
0.348080	125.00
0.348100	125.00
0.348120	125.00
0.348140	125.00
0.348160	125.00
0.348180	125.00
0.348200	125.00
0.348220	125.00
0.348240	125.00
0.348260	126.00
0.348280	126.00
0.348300	126.00
0.348320	126.00
0.348340	126.00
0.348360	126.00
0.348380	126.00
0.348400	126.00
0.348420	125.00
0.348440	124.00
0.348460	124.00
0.348480	124.00
0.348500	124.00
0.348520	124.00
0.348540	124.00
0.348560	124.00
0.348580	125.00
0.348600	125.00
0.348620	125.00
0.348640	125.00
0.348660	125.00
0.348680	126.00
0.348700	126.00
0.348720	126.00
0.348740	126.00
0.348760	126.00
0.348780	126.00
0.348800	126.00
0.348820	125.00
0.348840	125.00
0.348860	125.00
0.348880	125.00
0.348900	124.00
0.348920	124.00
0.348940	124.00
0.348960	124.00
0.348980	124.00
0.349000	124.00
0.349020	124.00
0.349040	125.00
0.349060	125.00
0.349080	126.00
0.349100	126.00
0.349120	125.00
0.349140	125.00
0.349160	125.00
0.349180	125.00
0.349200	125.00
0.349220	125.00
0.349240	125.00
0.349260	125.00
0.349280	125.00
0.349300	125.00
0.349320	124.00
0.349340	124.00
0.349360	124.00
0.349380	124.00
0.349400	124.00
0.349420	124.00
0.349440	124.00
0.349460	124.00
0.349480	125.00
0.349500	125.00
0.349520	125.00
0.349540	125.00
0.349560	125.00
0.349580	125.00
0.349600	125.00
0.349620	125.00
0.349640	125.00
0.349660	125.00
0.349680	125.00
0.349700	125.00
0.349720	125.00
0.349740	125.00
0.349760	125.00
0.349780	125.00
0.349800	125.00
0.349820	125.00
0.349840	125.00
0.349860	125.00
0.349880	125.00
0.349900	125.00
0.349920	125.00
0.349940	125.00
0.349960	125.00
0.349980	125.00
0.350000	125.00
0.350020	125.00
0.350040	125.00
0.350060	125.00
0.350080	125.00
0.350100	124.00
0.350120	124.00
0.350140	125.00
0.350160	125.00
0.350180	125.00
0.350200	125.00
0.350220	124.00
0.350240	124.00
0.350260	124.00
0.350280	124.00
0.350300	124.00
0.350320	123.00
0.350340	123.00
0.350360	124.00
0.350380	125.00
0.350400	126.00
0.350420	126.00
0.350440	126.00
0.350460	127.00
0.350480	127.00
0.350500	128.00
0.350520	128.00
0.350540	128.00
0.350560	127.00
0.350580	126.00
0.350600	125.00
0.350620	124.00
0.350640	123.00
0.350660	122.00
0.350680	122.00
0.350700	122.00
0.350720	121.00
0.350740	121.00
0.350760	121.00
0.350780	122.00
0.350800	123.00
0.350820	124.00
0.350840	125.00
0.350860	127.00
0.350880	129.00
0.350900	130.00
0.350920	131.00
0.350940	132.00
0.350960	132.00
0.350980	132.00
0.351000	131.00
0.351020	129.00
0.351040	126.00
0.351060	123.00
0.351080	120.00
0.351100	117.00
0.351120	115.00
0.351140	113.00
0.351160	113.00
0.351180	114.00
0.351200	115.00
0.351220	118.00
0.351240	121.00
0.351260	125.00
0.351280	129.00
0.351300	133.00
0.351320	136.00
0.351340	138.00
0.351360	139.00
0.351380	139.00
0.351400	137.00
0.351420	134.00
0.351440	131.00
0.351460	127.00
0.351480	123.00
0.351500	118.00
0.351520	115.00
0.351540	112.00
0.351560	111.00
0.351580	110.00
0.351600	111.00
0.351620	113.00
0.351640	116.00
0.351660	120.00
0.351680	124.00
0.351700	128.00
0.351720	131.00
0.351740	135.00
0.351760	137.00
0.351780	138.00
0.351800	137.00
0.351820	136.00
0.351840	134.00
0.351860	132.00
0.351880	129.00
0.351900	126.00
0.351920	122.00
0.351940	119.00
0.351960	117.00
0.351980	116.00
0.352000	115.00
0.352020	115.00
0.352040	116.00
0.352060	118.00
0.352080	121.00
0.352100	123.00
0.352120	125.00
0.352140	127.00
0.352160	129.00
0.352180	130.00
0.352200	131.00
0.352220	131.00
0.352240	131.00
0.352260	130.00
0.352280	129.00
0.352300	127.00
0.352320	125.00
0.352340	123.00
0.352360	122.00
0.352380	122.00
0.352400	121.00
0.352420	120.00
0.352440	120.00
0.352460	121.00
0.352480	121.00
0.352500	123.00
0.352520	124.00
0.352540	125.00
0.352560	126.00
0.352580	127.00
0.352600	128.00
0.352620	128.00
0.352640	127.00
0.352660	127.00
0.352680	127.00
0.352700	126.00
0.352720	125.00
0.352740	125.00
0.352760	124.00
0.352780	124.00
0.352800	124.00
0.352820	123.00
0.352840	122.00
0.352860	122.00
0.352880	122.00
0.352900	123.00
0.352920	123.00
0.352940	124.00
0.352960	124.00
0.352980	125.00
0.353000	125.00
0.353020	125.00
0.353040	126.00
0.353060	126.00
0.353080	126.00
0.353100	126.00
0.353120	126.00
0.353140	125.00
0.353160	125.00
0.353180	125.00
0.353200	124.00
0.353220	124.00
0.353240	123.00
0.353260	124.00
0.353280	124.00
0.353300	124.00
0.353320	124.00
0.353340	124.00
0.353360	124.00
0.353380	124.00
0.353400	125.00
0.353420	125.00
0.353440	125.00
0.353460	125.00
0.353480	126.00
0.353500	126.00
0.353520	126.00
0.353540	126.00
0.353560	126.00
0.353580	126.00
0.353600	125.00
0.353620	125.00
0.353640	125.00
0.353660	125.00
0.353680	124.00
0.353700	124.00
0.353720	124.00
0.353740	124.00
0.353760	125.00
0.353780	125.00
0.353800	125.00
0.353820	125.00
0.353840	125.00
0.353860	125.00
0.353880	125.00
0.353900	124.00
0.353920	124.00
0.353940	124.00
0.353960	125.00
0.353980	126.00
0.354000	126.00
0.354020	125.00
0.354040	125.00
0.354060	124.00
0.354080	124.00
0.354100	124.00
0.354120	124.00
0.354140	124.00
0.354160	124.00
0.354180	124.00
0.354200	125.00
0.354220	125.00
0.354240	125.00
0.354260	124.00
0.354280	124.00
0.354300	124.00
0.354320	124.00
0.354340	124.00
0.354360	124.00
0.354380	124.00
0.354400	124.00
0.354420	125.00
0.354440	125.00
0.354460	126.00
0.354480	126.00
0.354500	126.00
0.354520	126.00
0.354540	125.00
0.354560	125.00
0.354580	125.00
0.354600	125.00
0.354620	125.00
0.354640	125.00
0.354660	125.00
0.354680	124.00
0.354700	124.00
0.354720	124.00
0.354740	124.00
0.354760	124.00
0.354780	124.00
0.354800	124.00
0.354820	124.00
0.354840	125.00
0.354860	125.00
0.354880	125.00
0.354900	125.00
0.354920	125.00
0.354940	125.00
0.354960	125.00
0.354980	125.00
0.355000	125.00
0.355020	125.00
0.355040	124.00
0.355060	124.00
0.355080	124.00
0.355100	124.00
0.355120	124.00
0.355140	124.00
0.355160	124.00
0.355180	124.00
0.355200	124.00
0.355220	124.00
0.355240	125.00
0.355260	125.00
0.355280	126.00
0.355300	126.00
0.355320	126.00
0.355340	126.00
0.355360	126.00
0.355380	126.00
0.355400	126.00
0.355420	126.00
0.355440	125.00
0.355460	125.00
0.355480	125.00
0.355500	125.00
0.355520	125.00
0.355540	125.00
0.355560	125.00
0.355580	125.00
0.355600	125.00
0.355620	125.00
0.355640	125.00
0.355660	125.00
0.355680	125.00
0.355700	125.00
0.355720	125.00
0.355740	125.00
0.355760	125.00
0.355780	125.00
0.355800	125.00
0.355820	125.00
0.355840	124.00
0.355860	125.00
0.355880	125.00
0.355900	126.00
0.355920	126.00
0.355940	125.00
0.355960	125.00
0.355980	125.00
0.356000	125.00
0.356020	125.00
0.356040	124.00
0.356060	124.00
0.356080	124.00
0.356100	125.00
0.356120	125.00
0.356140	125.00
0.356160	125.00
0.356180	125.00
0.356200	125.00
0.356220	125.00
0.356240	125.00
0.356260	125.00
0.356280	125.00
0.356300	125.00
0.356320	125.00
0.356340	125.00
0.356360	125.00
0.356380	125.00
0.356400	125.00
0.356420	125.00
0.356440	125.00
0.356460	125.00
0.356480	125.00
0.356500	124.00
0.356520	124.00
0.356540	123.00
0.356560	123.00
0.356580	124.00
0.356600	125.00
0.356620	125.00
0.356640	126.00
0.356660	126.00
0.356680	127.00
0.356700	127.00
0.356720	127.00
0.356740	127.00
0.356760	127.00
0.356780	126.00
0.356800	126.00
0.356820	126.00
0.356840	125.00
0.356860	124.00
0.356880	123.00
0.356900	123.00
0.356920	122.00
0.356940	122.00
0.356960	122.00
0.356980	122.00
0.357000	122.00
0.357020	123.00
0.357040	123.00
0.357060	125.00
0.357080	126.00
0.357100	127.00
0.357120	128.00
0.357140	129.00
0.357160	130.00
0.357180	130.00
0.357200	130.00
0.357220	129.00
0.357240	127.00
0.357260	125.00
0.357280	123.00
0.357300	121.00
0.357320	119.00
0.357340	118.00
0.357360	117.00
0.357380	117.00
0.357400	118.00
0.357420	119.00
0.357440	121.00
0.357460	123.00
0.357480	126.00
0.357500	129.00
0.357520	131.00
0.357540	133.00
0.357560	134.00
0.357580	134.00
0.357600	134.00
0.357620	133.00
0.357640	131.00
0.357660	129.00
0.357680	126.00
0.357700	123.00
0.357720	120.00
0.357740	118.00
0.357760	116.00
0.357780	115.00
0.357800	115.00
0.357820	116.00
0.357840	117.00
0.357860	120.00
0.357880	122.00
0.357900	125.00
0.357920	128.00
0.357940	130.00
0.357960	132.00
0.357980	134.00
0.358000	134.00
0.358020	134.00
0.358040	133.00
0.358060	131.00
0.358080	129.00
0.358100	127.00
0.358120	125.00
0.358140	123.00
0.358160	122.00
0.358180	120.00
0.358200	119.00
0.358220	119.00
0.358240	119.00
0.358260	120.00
0.358280	120.00
0.358300	122.00
0.358320	124.00
0.358340	126.00
0.358360	127.00
0.358380	128.00
0.358400	128.00
0.358420	128.00
0.358440	128.00
0.358460	128.00
0.358480	128.00
0.358500	127.00
0.358520	126.00
0.358540	126.00
0.358560	125.00
0.358580	124.00
0.358600	124.00
0.358620	124.00
0.358640	123.00
0.358660	123.00
0.358680	123.00
0.358700	123.00
0.358720	123.00
0.358740	123.00
0.358760	124.00
0.358780	124.00
0.358800	125.00
0.358820	126.00
0.358840	126.00
0.358860	126.00
0.358880	126.00
0.358900	126.00
0.358920	126.00
0.358940	126.00
0.358960	126.00
0.358980	126.00
0.359000	126.00
0.359020	125.00
0.359040	124.00
0.359060	124.00
0.359080	124.00
0.359100	124.00
0.359120	124.00
0.359140	124.00
0.359160	123.00
0.359180	123.00
0.359200	124.00
0.359220	124.00
0.359240	124.00
0.359260	124.00
0.359280	124.00
0.359300	124.00
0.359320	125.00
0.359340	125.00
0.359360	125.00
0.359380	125.00
0.359400	125.00
0.359420	126.00
0.359440	126.00
0.359460	126.00
0.359480	126.00
0.359500	125.00
0.359520	125.00
0.359540	124.00
0.359560	124.00
0.359580	124.00
0.359600	124.00
0.359620	124.00
0.359640	124.00
0.359660	124.00
0.359680	124.00
0.359700	125.00
0.359720	125.00
0.359740	125.00
0.359760	125.00
0.359780	125.00
0.359800	125.00
0.359820	125.00
0.359840	125.00
0.359860	125.00
0.359880	125.00
0.359900	125.00
0.359920	125.00
0.359940	125.00
0.359960	125.00
0.359980	126.00
