0.320000	101.00
0.320020	49.00
0.320040	101.00
0.320060	140.00
0.320080	143.00
0.320100	125.00
0.320120	112.00
0.320140	119.00
0.320160	131.00
0.320180	133.00
0.320200	125.00
0.320220	117.00
0.320240	120.00
0.320260	128.00
0.320280	130.00
0.320300	125.00
0.320320	120.00
0.320340	122.00
0.320360	128.00
0.320380	129.00
0.320400	125.00
0.320420	121.00
0.320440	122.00
0.320460	126.00
0.320480	127.00
0.320500	124.00
0.320520	121.00
0.320540	122.00
0.320560	126.00
0.320580	127.00
0.320600	125.00
0.320620	122.00
0.320640	123.00
0.320660	126.00
0.320680	126.00
0.320700	124.00
0.320720	122.00
0.320740	123.00
0.320760	126.00
0.320780	127.00
0.320800	125.00
0.320820	123.00
0.320840	124.00
0.320860	126.00
0.320880	127.00
0.320900	125.00
0.320920	123.00
0.320940	123.00
0.320960	125.00
0.320980	126.00
0.321000	124.00
0.321020	123.00
0.321040	124.00
0.321060	126.00
0.321080	127.00
0.321100	125.00
0.321120	124.00
0.321140	124.00
0.321160	126.00
0.321180	126.00
0.321200	125.00
0.321220	123.00
0.321240	123.00
0.321260	125.00
0.321280	126.00
0.321300	125.00
0.321320	124.00
0.321340	124.00
0.321360	126.00
0.321380	126.00
0.321400	125.00
0.321420	124.00
0.321440	125.00
0.321460	125.00
0.321480	126.00
0.321500	124.00
0.321520	123.00
0.321540	124.00
0.321560	125.00
0.321580	126.00
0.321600	125.00
0.321620	124.00
0.321640	124.00
0.321660	125.00
0.321680	125.00
0.321700	124.00
0.321720	124.00
0.321740	124.00
0.321760	126.00
0.321780	126.00
0.321800	125.00
0.321820	123.00
0.321840	123.00
0.321860	125.00
0.321880	125.00
0.321900	124.00
0.321920	123.00
0.321940	124.00
0.321960	125.00
0.321980	126.00
0.322000	125.00
0.322020	124.00
0.322040	124.00
0.322060	125.00
0.322080	125.00
0.322100	125.00
0.322120	124.00
0.322140	124.00
0.322160	125.00
0.322180	125.00
0.322200	125.00
0.322220	124.00
0.322240	124.00
0.322260	125.00
0.322280	125.00
0.322300	125.00
0.322320	124.00
0.322340	124.00
0.322360	125.00
0.322380	125.00
0.322400	124.00
0.322420	124.00
0.322440	124.00
0.322460	124.00
0.322480	125.00
0.322500	125.00
0.322520	124.00
0.322540	125.00
0.322560	125.00
0.322580	125.00
0.322600	124.00
0.322620	124.00
0.322640	125.00
0.322660	125.00
0.322680	125.00
0.322700	124.00
0.322720	124.00
0.322740	124.00
0.322760	125.00
0.322780	125.00
0.322800	124.00
0.322820	124.00
0.322840	124.00
0.322860	125.00
0.322880	125.00
0.322900	125.00
0.322920	124.00
0.322940	125.00
0.322960	125.00
0.322980	125.00
0.323000	125.00
0.323020	124.00
0.323040	125.00
0.323060	125.00
0.323080	125.00
0.323100	124.00
0.323120	124.00
0.323140	124.00
0.323160	125.00
0.323180	125.00
0.323200	125.00
0.323220	124.00
0.323240	124.00
0.323260	124.00
0.323280	125.00
0.323300	124.00
0.323320	124.00
0.323340	124.00
0.323360	124.00
0.323380	125.00
0.323400	125.00
0.323420	124.00
0.323440	125.00
0.323460	125.00
0.323480	125.00
0.323500	125.00
0.323520	125.00
0.323540	125.00
0.323560	125.00
0.323580	125.00
0.323600	124.00
0.323620	124.00
0.323640	124.00
0.323660	125.00
0.323680	125.00
0.323700	124.00
0.323720	124.00
0.323740	125.00
0.323760	126.00
0.323780	126.00
0.323800	124.00
0.323820	124.00
0.323840	124.00
0.323860	125.00
0.323880	125.00
0.323900	125.00
0.323920	124.00
0.323940	124.00
0.323960	125.00
0.323980	125.00
0.324000	125.00
0.324020	124.00
0.324040	124.00
0.324060	124.00
0.324080	125.00
0.324100	125.00
0.324120	125.00
0.324140	125.00
0.324160	125.00
0.324180	125.00
0.324200	125.00
0.324220	124.00
0.324240	125.00
0.324260	126.00
0.324280	126.00
0.324300	125.00
0.324320	124.00
0.324340	124.00
0.324360	124.00
0.324380	125.00
0.324400	124.00
0.324420	124.00
0.324440	124.00
0.324460	125.00
0.324480	125.00
0.324500	125.00
0.324520	124.00
0.324540	124.00
0.324560	125.00
0.324580	125.00
0.324600	125.00
0.324620	124.00
0.324640	125.00
0.324660	125.00
0.324680	126.00
0.324700	126.00
0.324720	125.00
0.324740	125.00
0.324760	125.00
0.324780	125.00
0.324800	124.00
0.324820	124.00
0.324840	124.00
0.324860	125.00
0.324880	125.00
0.324900	125.00
0.324920	124.00
0.324940	124.00
0.324960	124.00
0.324980	125.00
0.325000	125.00
0.325020	125.00
0.325040	125.00
0.325060	125.00
0.325080	126.00
0.325100	126.00
0.325120	125.00
0.325140	125.00
0.325160	125.00
0.325180	124.00
0.325200	124.00
0.325220	123.00
0.325240	123.00
0.325260	123.00
0.325280	122.00
0.325300	121.00
0.325320	120.00
0.325340	121.00
0.325360	123.00
0.325380	125.00
0.325400	126.00
0.325420	129.00
0.325440	133.00
0.325460	137.00
0.325480	141.00
0.325500	144.00
0.325520	146.00
0.325540	146.00
0.325560	144.00
0.325580	137.00
0.325600	127.00
0.325620	116.00
0.325640	106.00
0.325660	97.00
0.325680	90.00
0.325700	83.00
0.325720	79.00
0.325740	78.00
0.325760	82.00
0.325780	92.00
0.325800	106.00
0.325820	122.00
0.325840	141.00
0.325860	159.00
0.325880	175.00
0.325900	185.00
0.325920	192.00
0.325940	195.00
0.325960	194.00
0.325980	188.00
0.326000	175.00
0.326020	155.00
0.326040	129.00
0.326060	99.00
0.326080	69.00
0.326100	41.00
0.326120	18.00
0.326140	5.00
0.326160	2.00
0.326180	9.00
0.326200	26.00
0.326220	55.00
0.326240	94.00
0.326260	141.00
0.326280	188.00
0.326300	225.00
0.326320	247.00
0.326340	255.00
0.326360	255.00
0.326380	252.00
0.326400	240.00
0.326420	215.00
0.326440	172.00
0.326460	115.00
0.326480	56.00
0.326500	12.00
0.326520	0.00
0.326540	0.00
0.326560	6.00
0.326580	7.00
0.326600	0.00
0.326620	0.00
0.326640	12.00
0.326660	63.00
0.326680	133.00
0.326700	198.00
0.326720	240.00
0.326740	255.00
0.326760	255.00
0.326780	255.00
0.326800	255.00
0.326820	254.00
0.326840	240.00
0.326860	207.00
0.326880	156.00
0.326900	96.00
0.326920	42.00
0.326940	8.00
0.326960	0.00
0.326980	0.00
0.327000	4.00
0.327020	2.00
0.327040	0.00
0.327060	4.00
0.327080	32.00
0.327100	81.00
0.327120	137.00
0.327140	186.00
0.327160	219.00
0.327180	238.00
0.327200	246.00
0.327220	246.00
0.327240	241.00
0.327260	227.00
0.327280	206.00
0.327300	177.00
0.327320	143.00
0.327340	107.00
0.327360	74.00
0.327380	46.00
0.327400	27.00
0.327420	17.00
0.327440	16.00
0.327460	24.00
0.327480	40.00
0.327500	63.00
0.327520	89.00
0.327540	117.00
0.327560	142.00
0.327580	164.00
0.327600	181.00
0.327620	191.00
0.327640	196.00
0.327660	194.00
0.327680	186.00
0.327700	174.00
0.327720	159.00
0.327740	142.00
0.327760	125.00
0.327780	109.00
0.327800	96.00
0.327820	86.00
0.327840	80.00
0.327860	78.00
0.327880	81.00
0.327900	86.00
0.327920	95.00
0.327940	105.00
0.327960	116.00
0.327980	127.00
0.328000	137.00
0.328020	144.00
0.328040	150.00
0.328060	153.00
0.328080	153.00
0.328100	151.00
0.328120	147.00
0.328140	142.00
0.328160	136.00
0.328180	129.00
0.328200	122.00
0.328220	117.00
0.328240	112.00
0.328260	109.00
0.328280	107.00
0.328300	107.00
0.328320	108.00
0.328340	111.00
0.328360	115.00
0.328380	119.00
0.328400	123.00
0.328420	127.00
0.328440	131.00
0.328460	134.00
0.328480	136.00
0.328500	137.00
0.328520	136.00
0.328540	135.00
0.328560	134.00
0.328580	132.00
0.328600	129.00
0.328620	126.00
0.328640	123.00
0.328660	121.00
0.328680	119.00
0.328700	118.00
0.328720	118.00
0.328740	118.00
0.328760	119.00
0.328780	121.00
0.328800	122.00
0.328820	123.00
0.328840	125.00
0.328860	127.00
0.328880	128.00
0.328900	129.00
0.328920	130.00
0.328940	130.00
0.328960	130.00
0.328980	129.00
0.329000	128.00
0.329020	127.00
0.329040	126.00
0.329060	125.00
0.329080	124.00
0.329100	124.00
0.329120	123.00
0.329140	122.00
0.329160	122.00
0.329180	122.00
0.329200	123.00
0.329220	123.00
0.329240	123.00
0.329260	124.00
0.329280	125.00
0.329300	125.00
0.329320	126.00
0.329340	127.00
0.329360	127.00
0.329380	127.00
0.329400	127.00
0.329420	127.00
0.329440	126.00
0.329460	126.00
0.329480	125.00
0.329500	125.00
0.329520	124.00
0.329540	124.00
0.329560	124.00
0.329580	124.00
0.329600	124.00
0.329620	124.00
0.329640	124.00
0.329660	124.00
0.329680	125.00
0.329700	125.00
0.329720	125.00
0.329740	125.00
0.329760	125.00
0.329780	125.00
0.329800	125.00
0.329820	125.00
0.329840	125.00
0.329860	125.00
0.329880	125.00
0.329900	124.00
0.329920	124.00
0.329940	124.00
0.329960	125.00
0.329980	125.00
0.330000	125.00
0.330020	125.00
0.330040	124.00
0.330060	124.00
0.330080	124.00
0.330100	125.00
0.330120	125.00
0.330140	125.00
0.330160	125.00
0.330180	125.00
0.330200	125.00
0.330220	125.00
0.330240	126.00
0.330260	125.00
0.330280	125.00
0.330300	125.00
0.330320	125.00
0.330340	125.00
0.330360	125.00
0.330380	125.00
0.330400	125.00
0.330420	125.00
0.330440	125.00
0.330460	125.00
0.330480	125.00
0.330500	125.00
0.330520	125.00
0.330540	125.00
0.330560	125.00
0.330580	126.00
0.330600	126.00
0.330620	126.00
0.330640	126.00
0.330660	125.00
0.330680	125.00
0.330700	125.00
0.330720	125.00
0.330740	125.00
0.330760	125.00
0.330780	125.00
0.330800	125.00
0.330820	124.00
0.330840	124.00
0.330860	125.00
0.330880	125.00
0.330900	125.00
0.330920	125.00
0.330940	125.00
0.330960	125.00
0.330980	125.00
0.331000	125.00
0.331020	125.00
0.331040	125.00
0.331060	125.00
0.331080	125.00
0.331100	125.00
0.331120	125.00
0.331140	125.00
0.331160	125.00
0.331180	125.00
0.331200	125.00
0.331220	125.00
0.331240	125.00
0.331260	125.00
0.331280	125.00
0.331300	125.00
0.331320	125.00
0.331340	125.00
0.331360	125.00
0.331380	125.00
0.331400	125.00
0.331420	125.00
0.331440	125.00
0.331460	125.00
0.331480	125.00
0.331500	125.00
0.331520	125.00
0.331540	125.00
0.331560	125.00
0.331580	125.00
0.331600	125.00
0.331620	125.00
0.331640	124.00
0.331660	123.00
0.331680	122.00
0.331700	121.00
0.331720	120.00
0.331740	120.00
0.331760	121.00
0.331780	122.00
0.331800	124.00
0.331820	126.00
0.331840	129.00
0.331860	131.00
0.331880	133.00
0.331900	134.00
0.331920	135.00
0.331940	136.00
0.331960	135.00
0.331980	134.00
0.332000	131.00
0.332020	127.00
0.332040	123.00
0.332060	118.00
0.332080	114.00
0.332100	111.00
0.332120	110.00
0.332140	109.00
0.332160	108.00
0.332180	109.00
0.332200	111.00
0.332220	115.00
0.332240	121.00
0.332260	128.00
0.332280	135.00
0.332300	142.00
0.332320	148.00
0.332340	152.00
0.332360	155.00
0.332380	154.00
0.332400	150.00
0.332420	144.00
0.332440	136.00
0.332460	126.00
0.332480	115.00
0.332500	103.00
0.332520	92.00
0.332540	84.00
0.332560	79.00
0.332580	79.00
0.332600	83.00
0.332620	91.00
0.332640	103.00
0.332660	118.00
0.332680	134.00
0.332700	149.00
0.332720	163.00
0.332740	174.00
0.332760	181.00
0.332780	183.00
0.332800	180.00
0.332820	171.00
0.332840	158.00
0.332860	143.00
0.332880	126.00
0.332900	109.00
0.332920	92.00
0.332940	79.00
0.332960	70.00
0.332980	66.00
0.333000	66.00
0.333020	71.00
0.333040	81.00
0.333060	95.00
0.333080	110.00
0.333100	127.00
0.333120	142.00
0.333140	156.00
0.333160	167.00
0.333180	174.00
0.333200	176.00
0.333220	174.00
0.333240	168.00
0.333260	159.00
0.333280	148.00
0.333300	134.00
0.333320	121.00
0.333340	108.00
0.333360	98.00
0.333380	91.00
0.333400	88.00
0.333420	87.00
0.333440	89.00
0.333460	93.00
0.333480	101.00
0.333500	110.00
0.333520	120.00
0.333540	130.00
0.333560	138.00
0.333580	145.00
0.333600	149.00
0.333620	152.00
0.333640	152.00
0.333660	149.00
0.333680	145.00
0.333700	139.00
0.333720	133.00
0.333740	126.00
0.333760	120.00
0.333780	115.00
0.333800	112.00
0.333820	109.00
0.333840	107.00
0.333860	107.00
0.333880	109.00
0.333900	112.00
0.333920	116.00
0.333940	120.00
0.333960	124.00
0.333980	128.00
0.334000	131.00
0.334020	134.00
0.334040	136.00
0.334060	136.00
0.334080	136.00
0.334100	134.00
0.334120	132.00
0.334140	130.00
0.334160	127.00
0.334180	124.00
0.334200	121.00
0.334220	119.00
0.334240	118.00
0.334260	118.00
0.334280	119.00
0.334300	119.00
0.334320	120.00
0.334340	121.00
0.334360	123.00
0.334380	124.00
0.334400	125.00
0.334420	126.00
0.334440	127.00
0.334460	128.00
0.334480	129.00
0.334500	129.00
0.334520	129.00
0.334540	128.00
0.334560	127.00
0.334580	126.00
0.334600	125.00
0.334620	124.00
0.334640	123.00
0.334660	123.00
0.334680	123.00
0.334700	122.00
0.334720	122.00
0.334740	122.00
0.334760	122.00
0.334780	123.00
0.334800	123.00
0.334820	124.00
0.334840	125.00
0.334860	125.00
0.334880	125.00
0.334900	126.00
0.334920	126.00
0.334940	126.00
0.334960	126.00
0.334980	126.00
0.335000	126.00
0.335020	126.00
0.335040	125.00
0.335060	125.00
0.335080	125.00
0.335100	125.00
0.335120	124.00
0.335140	124.00
0.335160	124.00
0.335180	125.00
0.335200	125.00
0.335220	125.00
0.335240	125.00
0.335260	125.00
0.335280	125.00
0.335300	125.00
0.335320	125.00
0.335340	125.00
0.335360	124.00
0.335380	125.00
0.335400	125.00
0.335420	126.00
0.335440	126.00
0.335460	126.00
0.335480	126.00
0.335500	126.00
0.335520	126.00
0.335540	125.00
0.335560	125.00
0.335580	125.00
0.335600	125.00
0.335620	125.00
0.335640	125.00
0.335660	125.00
0.335680	125.00
0.335700	125.00
0.335720	125.00
0.335740	125.00
0.335760	125.00
0.335780	125.00
0.335800	125.00
0.335820	125.00
0.335840	125.00
0.335860	126.00
0.335880	126.00
0.335900	126.00
0.335920	126.00
0.335940	126.00
0.335960	126.00
0.335980	125.00
0.336000	125.00
0.336020	125.00
0.336040	125.00
0.336060	124.00
0.336080	124.00
0.336100	124.00
0.336120	125.00
0.336140	125.00
0.336160	124.00
0.336180	124.00
0.336200	124.00
0.336220	124.00
0.336240	124.00
0.336260	125.00
0.336280	125.00
0.336300	125.00
0.336320	125.00
0.336340	126.00
0.336360	126.00
0.336380	126.00
0.336400	126.00
0.336420	126.00
0.336440	125.00
0.336460	125.00
0.336480	125.00
0.336500	125.00
0.336520	124.00
0.336540	124.00
0.336560	124.00
0.336580	124.00
0.336600	125.00
0.336620	125.00
0.336640	125.00
0.336660	124.00
0.336680	124.00
0.336700	124.00
0.336720	124.00
0.336740	125.00
0.336760	125.00
0.336780	125.00
0.336800	124.00
0.336820	125.00
0.336840	125.00
0.336860	125.00
0.336880	125.00
0.336900	125.00
0.336920	124.00
0.336940	124.00
0.336960	124.00
0.336980	124.00
0.337000	124.00
0.337020	124.00
0.337040	125.00
0.337060	125.00
0.337080	125.00
0.337100	125.00
0.337120	125.00
0.337140	125.00
0.337160	125.00
0.337180	126.00
0.337200	126.00
0.337220	125.00
0.337240	125.00
0.337260	125.00
0.337280	125.00
0.337300	125.00
0.337320	125.00
0.337340	125.00
0.337360	125.00
0.337380	125.00
0.337400	125.00
0.337420	125.00
0.337440	124.00
0.337460	124.00
0.337480	124.00
0.337500	125.00
0.337520	125.00
0.337540	125.00
0.337560	125.00
0.337580	125.00
0.337600	125.00
0.337620	125.00
0.337640	125.00
0.337660	125.00
0.337680	125.00
0.337700	125.00
0.337720	125.00
0.337740	125.00
0.337760	125.00
0.337780	125.00
0.337800	125.00
0.337820	125.00
0.337840	124.00
0.337860	124.00
0.337880	123.00
0.337900	122.00
0.337920	122.00
0.337940	122.00
0.337960	122.00
0.337980	123.00
0.338000	124.00
0.338020	125.00
0.338040	127.00
0.338060	128.00
0.338080	129.00
0.338100	130.00
0.338120	131.00
0.338140	131.00
0.338160	131.00
0.338180	130.00
0.338200	129.00
0.338220	127.00
0.338240	125.00
0.338260	123.00
0.338280	120.00
0.338300	118.00
0.338320	116.00
0.338340	115.00
0.338360	115.00
0.338380	115.00
0.338400	115.00
0.338420	117.00
0.338440	119.00
0.338460	123.00
0.338480	127.00
0.338500	132.00
0.338520	136.00
0.338540	140.00
0.338560	142.00
0.338580	143.00
0.338600	142.00
0.338620	140.00
0.338640	136.00
0.338660	130.00
0.338680	123.00
0.338700	116.00
0.338720	109.00
0.338740	103.00
0.338760	99.00
0.338780	97.00
0.338800	98.00
0.338820	102.00
0.338840	108.00
0.338860	115.00
0.338880	124.00
0.338900	133.00
0.338920	142.00
0.338940	150.00
0.338960	155.00
0.338980	158.00
0.339000	159.00
0.339020	156.00
0.339040	150.00
0.339060	142.00
0.339080	132.00
0.339100	121.00
0.339120	111.00
0.339140	102.00
0.339160	95.00
0.339180	91.00
0.339200	89.00
0.339220	90.00
0.339240	95.00
0.339260	102.00
0.339280	110.00
0.339300	120.00
0.339320	130.00
0.339340	139.00
0.339360	146.00
0.339380	151.00
0.339400	154.00
0.339420	154.00
0.339440	152.00
0.339460	148.00
0.339480	142.00
0.339500	135.00
0.339520	128.00
0.339540	121.00
0.339560	114.00
0.339580	108.00
0.339600	105.00
0.339620	103.00
0.339640	103.00
0.339660	106.00
0.339680	109.00
0.339700	113.00
0.339720	118.00
0.339740	124.00
0.339760	129.00
0.339780	134.00
0.339800	137.00
0.339820	139.00
0.339840	140.00
0.339860	139.00
0.339880	138.00
0.339900	136.00
0.339920	132.00
0.339940	128.00
0.339960	124.00
0.339980	121.00
0.340000	118.00
0.340020	116.00
0.340040	115.00
0.340060	115.00
0.340080	115.00
0.340100	116.00
0.340120	118.00
0.340140	120.00
0.340160	123.00
0.340180	126.00
0.340200	128.00
0.340220	129.00
0.340240	130.00
0.340260	131.00
0.340280	131.00
0.340300	131.00
0.340320	130.00
0.340340	129.00
0.340360	128.00
0.340380	126.00
0.340400	125.00
0.340420	123.00
0.340440	122.00
0.340460	121.00
0.340480	121.00
0.340500	121.00
0.340520	121.00
0.340540	121.00
0.340560	122.00
0.340580	123.00
0.340600	124.00
0.340620	125.00
0.340640	126.00
0.340660	127.00
0.340680	127.00
0.340700	127.00
0.340720	127.00
0.340740	127.00
0.340760	127.00
0.340780	126.00
0.340800	125.00
0.340820	124.00
0.340840	124.00
0.340860	124.00
0.340880	124.00
0.340900	124.00
0.340920	123.00
0.340940	123.00
0.340960	123.00
0.340980	123.00
0.341000	124.00
0.341020	124.00
0.341040	124.00
0.341060	125.00
0.341080	126.00
0.341100	126.00
0.341120	125.00
0.341140	125.00
0.341160	126.00
0.341180	126.00
0.341200	126.00
0.341220	126.00
0.341240	125.00
0.341260	125.00
0.341280	125.00
0.341300	125.00
0.341320	125.00
0.341340	125.00
0.341360	124.00
0.341380	124.00
0.341400	124.00
0.341420	125.00
0.341440	125.00
0.341460	125.00
0.341480	125.00
0.341500	125.00
0.341520	125.00
0.341540	125.00
0.341560	124.00
0.341580	124.00
0.341600	124.00
0.341620	125.00
0.341640	125.00
0.341660	125.00
0.341680	125.00
0.341700	125.00
0.341720	125.00
0.341740	125.00
0.341760	125.00
0.341780	125.00
0.341800	124.00
0.341820	124.00
0.341840	125.00
0.341860	125.00
0.341880	125.00
0.341900	125.00
0.341920	125.00
0.341940	125.00
0.341960	125.00
0.341980	125.00
0.342000	125.00
0.342020	124.00
0.342040	125.00
0.342060	125.00
0.342080	125.00
0.342100	125.00
0.342120	125.00
0.342140	126.00
0.342160	126.00
0.342180	126.00
0.342200	126.00
0.342220	126.00
0.342240	126.00
0.342260	125.00
0.342280	125.00
0.342300	124.00
0.342320	124.00
0.342340	123.00
0.342360	124.00
0.342380	124.00
0.342400	124.00
0.342420	124.00
0.342440	124.00
0.342460	124.00
0.342480	125.00
0.342500	125.00
0.342520	126.00
0.342540	126.00
0.342560	126.00
0.342580	126.00
0.342600	126.00
0.342620	126.00
0.342640	126.00
0.342660	125.00
0.342680	125.00
0.342700	125.00
0.342720	125.00
0.342740	125.00
0.342760	125.00
0.342780	125.00
0.342800	124.00
0.342820	124.00
0.342840	124.00
0.342860	124.00
0.342880	124.00
0.342900	124.00
0.342920	124.00
0.342940	125.00
0.342960	126.00
0.342980	126.00
0.343000	126.00
0.343020	126.00
0.343040	126.00
0.343060	125.00
0.343080	125.00
0.343100	125.00
0.343120	125.00
0.343140	125.00
0.343160	125.00
0.343180	125.00
0.343200	125.00
0.343220	125.00
0.343240	124.00
0.343260	124.00
0.343280	125.00
0.343300	125.00
0.343320	125.00
0.343340	125.00
0.343360	125.00
0.343380	125.00
0.343400	124.00
0.343420	124.00
0.343440	124.00
0.343460	125.00
0.343480	125.00
0.343500	125.00
0.343520	125.00
0.343540	125.00
0.343560	125.00
0.343580	125.00
0.343600	125.00
0.343620	125.00
0.343640	125.00
0.343660	125.00
0.343680	125.00
0.343700	125.00
0.343720	125.00
0.343740	125.00
0.343760	125.00
0.343780	124.00
0.343800	124.00
0.343820	124.00
0.343840	125.00
0.343860	125.00
0.343880	125.00
0.343900	125.00
0.343920	125.00
0.343940	125.00
0.343960	125.00
0.343980	125.00
0.344000	125.00
0.344020	125.00
0.344040	125.00
0.344060	124.00
0.344080	124.00
0.344100	124.00
0.344120	123.00
0.344140	123.00
0.344160	123.00
0.344180	123.00
0.344200	124.00
0.344220	124.00
0.344240	125.00
0.344260	126.00
0.344280	127.00
0.344300	127.00
0.344320	128.00
0.344340	128.00
0.344360	128.00
0.344380	128.00
0.344400	128.00
0.344420	127.00
0.344440	126.00
0.344460	125.00
0.344480	123.00
0.344500	122.00
0.344520	120.00
0.344540	119.00
0.344560	118.00
0.344580	118.00
0.344600	118.00
0.344620	119.00
0.344640	120.00
0.344660	122.00
0.344680	125.00
0.344700	127.00
0.344720	130.00
0.344740	132.00
0.344760	134.00
0.344780	136.00
0.344800	137.00
0.344820	136.00
0.344840	134.00
0.344860	131.00
0.344880	126.00
0.344900	122.00
0.344920	118.00
0.344940	114.00
0.344960	111.00
0.344980	108.00
0.345000	107.00
0.345020	108.00
0.345040	111.00
0.345060	115.00
0.345080	120.00
0.345100	126.00
0.345120	132.00
0.345140	138.00
0.345160	143.00
0.345180	146.00
0.345200	147.00
0.345220	147.00
0.345240	145.00
0.345260	140.00
0.345280	135.00
0.345300	128.00
0.345320	121.00
0.345340	115.00
0.345360	109.00
0.345380	105.00
0.345400	103.00
0.345420	103.00
0.345440	104.00
0.345460	107.00
0.345480	112.00
0.345500	117.00
0.345520	123.00
0.345540	129.00
0.345560	135.00
0.345580	139.00
0.345600	142.00
0.345620	143.00
0.345640	143.00
0.345660	142.00
0.345680	139.00
0.345700	135.00
0.345720	130.00
0.345740	125.00
0.345760	121.00
0.345780	117.00
0.345800	114.00
0.345820	112.00
0.345840	111.00
0.345860	111.00
0.345880	113.00
0.345900	115.00
0.345920	119.00
0.345940	122.00
0.345960	125.00
0.345980	128.00
0.346000	131.00
0.346020	133.00
0.346040	134.00
0.346060	134.00
0.346080	133.00
0.346100	132.00
0.346120	130.00
0.346140	128.00
0.346160	126.00
0.346180	124.00
0.346200	122.00
0.346220	121.00
0.346240	120.00
0.346260	120.00
0.346280	120.00
0.346300	121.00
0.346320	121.00
0.346340	122.00
0.346360	123.00
0.346380	124.00
0.346400	125.00
0.346420	126.00
0.346440	127.00
0.346460	127.00
0.346480	127.00
0.346500	127.00
0.346520	127.00
0.346540	126.00
0.346560	126.00
0.346580	125.00
0.346600	124.00
0.346620	124.00
0.346640	124.00
0.346660	124.00
0.346680	124.00
0.346700	124.00
0.346720	124.00
0.346740	124.00
0.346760	124.00
0.346780	125.00
0.346800	125.00
0.346820	126.00
0.346840	126.00
0.346860	126.00
0.346880	126.00
0.346900	126.00
0.346920	126.00
0.346940	126.00
0.346960	125.00
0.346980	124.00
0.347000	124.00
0.347020	124.00
0.347040	125.00
0.347060	125.00
0.347080	124.00
0.347100	124.00
0.347120	124.00
0.347140	124.00
0.347160	125.00
0.347180	125.00
0.347200	125.00
0.347220	125.00
0.347240	125.00
0.347260	126.00
0.347280	126.00
0.347300	126.00
0.347320	126.00
0.347340	125.00
0.347360	126.00
0.347380	126.00
0.347400	126.00
0.347420	125.00
0.347440	125.00
0.347460	124.00
0.347480	124.00
0.347500	124.00
0.347520	124.00
0.347540	125.00
0.347560	125.00
0.347580	125.00
0.347600	125.00
0.347620	125.00
0.347640	125.00
0.347660	125.00
0.347680	125.00
0.347700	124.00
0.347720	124.00
0.347740	124.00
0.347760	124.00
0.347780	125.00
0.347800	126.00
0.347820	126.00
0.347840	126.00
0.347860	126.00
0.347880	125.00
0.347900	125.00
0.347920	125.00
0.347940	125.00
0.347960	125.00
0.347980	125.00
0.348000	125.00
0.348020	125.00
0.348040	125.00
0.348060	125.00
0.348080	124.00
0.348100	124.00
0.348120	124.00
0.348140	124.00
0.348160	124.00
0.348180	124.00
0.348200	125.00
0.348220	125.00
0.348240	125.00
0.348260	125.00
0.348280	125.00
0.348300	125.00
0.348320	125.00
0.348340	125.00
0.348360	125.00
0.348380	125.00
0.348400	126.00
0.348420	126.00
0.348440	126.00
0.348460	125.00
0.348480	125.00
0.348500	125.00
0.348520	125.00
0.348540	124.00
0.348560	123.00
0.348580	123.00
0.348600	123.00
0.348620	124.00
0.348640	124.00
0.348660	124.00
0.348680	124.00
0.348700	125.00
0.348720	125.00
0.348740	126.00
0.348760	126.00
0.348780	126.00
0.348800	126.00
0.348820	126.00
0.348840	126.00
0.348860	125.00
0.348880	125.00
0.348900	124.00
0.348920	124.00
0.348940	124.00
0.348960	124.00
0.348980	124.00
0.349000	124.00
0.349020	124.00
0.349040	124.00
0.349060	125.00
0.349080	125.00
0.349100	124.00
0.349120	125.00
0.349140	125.00
0.349160	126.00
0.349180	126.00
0.349200	126.00
0.349220	125.00
0.349240	125.00
0.349260	125.00
0.349280	125.00
0.349300	125.00
0.349320	125.00
0.349340	124.00
0.349360	124.00
0.349380	124.00
0.349400	124.00
0.349420	124.00
0.349440	124.00
0.349460	124.00
0.349480	124.00
0.349500	124.00
0.349520	125.00
0.349540	125.00
0.349560	125.00
0.349580	125.00
0.349600	126.00
0.349620	126.00
0.349640	126.00
0.349660	126.00
0.349680	126.00
0.349700	126.00
0.349720	126.00
0.349740	126.00
0.349760	125.00
0.349780	125.00
0.349800	124.00
0.349820	123.00
0.349840	123.00
0.349860	123.00
0.349880	123.00
0.349900	123.00
0.349920	124.00
0.349940	125.00
0.349960	125.00
0.349980	125.00
0.350000	125.00
0.350020	125.00
0.350040	126.00
0.350060	126.00
0.350080	126.00
0.350100	126.00
0.350120	126.00
0.350140	125.00
0.350160	125.00
0.350180	125.00
0.350200	125.00
0.350220	125.00
0.350240	125.00
0.350260	125.00
0.350280	125.00
0.350300	125.00
0.350320	124.00
0.350340	123.00
0.350360	123.00
0.350380	123.00
0.350400	124.00
0.350420	124.00
0.350440	124.00
0.350460	125.00
0.350480	126.00
0.350500	127.00
0.350520	127.00
0.350540	127.00
0.350560	128.00
0.350580	128.00
0.350600	128.00
0.350620	128.00
0.350640	127.00
0.350660	126.00
0.350680	125.00
0.350700	124.00
0.350720	122.00
0.350740	122.00
0.350760	121.00
0.350780	121.00
0.350800	121.00
0.350820	121.00
0.350840	122.00
0.350860	123.00
0.350880	124.00
0.350900	125.00
0.350920	127.00
0.350940	129.00
0.350960	131.00
0.350980	133.00
0.351000	133.00
0.351020	133.00
0.351040	132.00
0.351060	130.00
0.351080	128.00
0.351100	125.00
0.351120	122.00
0.351140	119.00
0.351160	116.00
0.351180	114.00
0.351200	113.00
0.351220	113.00
0.351240	114.00
0.351260	116.00
0.351280	119.00
0.351300	123.00
0.351320	127.00
0.351340	131.00
0.351360	135.00
0.351380	137.00
0.351400	139.00
0.351420	140.00
0.351440	139.00
0.351460	137.00
0.351480	134.00
0.351500	130.00
0.351520	126.00
0.351540	121.00
0.351560	117.00
0.351580	114.00
0.351600	111.00
0.351620	109.00
0.351640	109.00
0.351660	110.00
0.351680	113.00
0.351700	117.00
0.351720	121.00
0.351740	125.00
0.351760	129.00
0.351780	132.00
0.351800	136.00
0.351820	138.00
0.351840	139.00
0.351860	138.00
0.351880	137.00
0.351900	135.00
0.351920	132.00
0.351940	129.00
0.351960	126.00
0.351980	122.00
0.352000	119.00
0.352020	116.00
0.352040	115.00
0.352060	115.00
0.352080	115.00
0.352100	116.00
0.352120	117.00
0.352140	119.00
0.352160	121.00
0.352180	124.00
0.352200	127.00
0.352220	129.00
0.352240	131.00
0.352260	132.00
0.352280	132.00
0.352300	132.00
0.352320	131.00
0.352340	130.00
0.352360	128.00
0.352380	126.00
0.352400	124.00
0.352420	123.00
0.352440	122.00
0.352460	121.00
0.352480	120.00
0.352500	120.00
0.352520	120.00
0.352540	120.00
0.352560	121.00
0.352580	122.00
0.352600	123.00
0.352620	125.00
0.352640	126.00
0.352660	127.00
0.352680	128.00
0.352700	128.00
0.352720	129.00
0.352740	129.00
0.352760	129.00
0.352780	128.00
0.352800	127.00
0.352820	126.00
0.352840	125.00
0.352860	125.00
0.352880	124.00
0.352900	123.00
0.352920	123.00
0.352940	123.00
0.352960	122.00
0.352980	122.00
0.353000	122.00
0.353020	123.00
0.353040	123.00
0.353060	124.00
0.353080	125.00
0.353100	126.00
0.353120	126.00
0.353140	126.00
0.353160	127.00
0.353180	127.00
0.353200	127.00
0.353220	126.00
0.353240	126.00
0.353260	125.00
0.353280	125.00
0.353300	125.00
0.353320	124.00
0.353340	123.00
0.353360	123.00
0.353380	123.00
0.353400	124.00
0.353420	124.00
0.353440	124.00
0.353460	125.00
0.353480	125.00
0.353500	125.00
0.353520	125.00
0.353540	125.00
0.353560	125.00
0.353580	125.00
0.353600	126.00
0.353620	126.00
0.353640	126.00
0.353660	125.00
0.353680	125.00
0.353700	125.00
0.353720	125.00
0.353740	125.00
0.353760	125.00
0.353780	125.00
0.353800	125.00
0.353820	124.00
0.353840	124.00
0.353860	124.00
0.353880	125.00
0.353900	125.00
0.353920	125.00
0.353940	125.00
0.353960	125.00
0.353980	125.00
0.354000	125.00
0.354020	126.00
0.354040	126.00
0.354060	126.00
0.354080	126.00
0.354100	125.00
0.354120	125.00
0.354140	125.00
0.354160	125.00
0.354180	125.00
0.354200	125.00
0.354220	125.00
0.354240	125.00
0.354260	125.00
0.354280	125.00
0.354300	124.00
0.354320	124.00
0.354340	124.00
0.354360	124.00
0.354380	124.00
0.354400	124.00
0.354420	124.00
0.354440	124.00
0.354460	125.00
0.354480	125.00
0.354500	125.00
0.354520	125.00
0.354540	125.00
0.354560	125.00
0.354580	125.00
0.354600	125.00
0.354620	125.00
0.354640	125.00
0.354660	125.00
0.354680	124.00
0.354700	124.00
0.354720	124.00
0.354740	124.00
0.354760	124.00
0.354780	123.00
0.354800	123.00
0.354820	124.00
0.354840	125.00
0.354860	125.00
0.354880	125.00
0.354900	125.00
0.354920	125.00
0.354940	126.00
0.354960	126.00
0.354980	126.00
0.355000	126.00
0.355020	126.00
0.355040	125.00
0.355060	125.00
0.355080	124.00
0.355100	124.00
0.355120	124.00
0.355140	125.00
0.355160	125.00
0.355180	125.00
0.355200	124.00
0.355220	124.00
0.355240	125.00
0.355260	126.00
0.355280	126.00
0.355300	126.00
0.355320	125.00
0.355340	125.00
0.355360	125.00
0.355380	125.00
0.355400	125.00
0.355420	125.00
0.355440	125.00
0.355460	125.00
0.355480	125.00
0.355500	125.00
0.355520	124.00
0.355540	124.00
0.355560	124.00
0.355580	124.00
0.355600	125.00
0.355620	125.00
0.355640	125.00
0.355660	125.00
0.355680	125.00
0.355700	125.00
0.355720	125.00
0.355740	125.00
0.355760	125.00
0.355780	125.00
0.355800	125.00
0.355820	124.00
0.355840	124.00
0.355860	125.00
0.355880	125.00
0.355900	125.00
0.355920	125.00
0.355940	125.00
0.355960	125.00
0.355980	125.00
0.356000	125.00
0.356020	125.00
0.356040	125.00
0.356060	125.00
0.356080	125.00
0.356100	125.00
0.356120	125.00
0.356140	125.00
0.356160	125.00
0.356180	125.00
0.356200	125.00
0.356220	125.00
0.356240	125.00
0.356260	125.00
0.356280	125.00
0.356300	125.00
0.356320	125.00
0.356340	125.00
0.356360	125.00
0.356380	125.00
0.356400	125.00
0.356420	125.00
0.356440	125.00
0.356460	125.00
0.356480	125.00
0.356500	124.00
0.356520	124.00
0.356540	124.00
0.356560	124.00
0.356580	124.00
0.356600	124.00
0.356620	124.00
0.356640	124.00
0.356660	124.00
0.356680	125.00
0.356700	125.00
0.356720	126.00
0.356740	126.00
0.356760	126.00
0.356780	126.00
0.356800	126.00
0.356820	126.00
0.356840	126.00
0.356860	125.00
0.356880	125.00
0.356900	125.00
0.356920	124.00
0.356940	123.00
0.356960	123.00
0.356980	123.00
0.357000	122.00
0.357020	122.00
0.357040	122.00
0.357060	122.00
0.357080	123.00
0.357100	124.00
0.357120	125.00
0.357140	127.00
0.357160	128.00
0.357180	130.00
0.357200	130.00
0.357220	130.00
0.357240	130.00
0.357260	129.00
0.357280	128.00
0.357300	127.00
0.357320	125.00
0.357340	123.00
0.357360	120.00
0.357380	118.00
0.357400	117.00
0.357420	117.00
0.357440	117.00
0.357460	118.00
0.357480	120.00
0.357500	122.00
0.357520	124.00
0.357540	127.00
0.357560	130.00
0.357580	132.00
0.357600	133.00
0.357620	134.00
0.357640	134.00
0.357660	134.00
0.357680	133.00
0.357700	131.00
0.357720	127.00
0.357740	124.00
0.357760	121.00
0.357780	119.00
0.357800	117.00
0.357820	115.00
0.357840	114.00
0.357860	114.00
0.357880	116.00
0.357900	119.00
0.357920	121.00
0.357940	124.00
0.357960	126.00
0.357980	129.00
0.358000	132.00
0.358020	134.00
0.358040	135.00
0.358060	135.00
0.358080	134.00
0.358100	132.00
0.358120	131.00
0.358140	128.00
0.358160	126.00
0.358180	123.00
0.358200	120.00
0.358220	119.00
0.358240	118.00
0.358260	118.00
0.358280	118.00
0.358300	119.00
0.358320	120.00
0.358340	122.00
0.358360	123.00
0.358380	125.00
0.358400	127.00
0.358420	128.00
0.358440	129.00
0.358460	129.00
0.358480	130.00
0.358500	130.00
0.358520	129.00
0.358540	128.00
0.358560	126.00
0.358580	124.00
0.358600	123.00
0.358620	122.00
0.358640	122.00
0.358660	121.00
0.358680	121.00
0.358700	121.00
0.358720	122.00
0.358740	123.00
0.358760	124.00
0.358780	125.00
0.358800	125.00
0.358820	126.00
0.358840	127.00
0.358860	127.00
0.358880	127.00
0.358900	127.00
0.358920	127.00
0.358940	126.00
0.358960	126.00
0.358980	125.00
0.359000	125.00
0.359020	124.00
0.359040	124.00
0.359060	124.00
0.359080	124.00
0.359100	124.00
0.359120	124.00
0.359140	124.00
0.359160	124.00
0.359180	124.00
0.359200	124.00
0.359220	125.00
0.359240	125.00
0.359260	126.00
0.359280	126.00
0.359300	126.00
0.359320	126.00
0.359340	126.00
0.359360	126.00
0.359380	126.00
0.359400	125.00
0.359420	124.00
0.359440	124.00
0.359460	124.00
0.359480	124.00
0.359500	124.00
0.359520	124.00
0.359540	124.00
0.359560	124.00
0.359580	124.00
0.359600	124.00
0.359620	124.00
0.359640	125.00
0.359660	125.00
0.359680	125.00
0.359700	125.00
0.359720	125.00
0.359740	125.00
0.359760	125.00
0.359780	125.00
0.359800	125.00
0.359820	125.00
0.359840	125.00
0.359860	125.00
0.359880	125.00
0.359900	125.00
0.359920	125.00
0.359940	125.00
0.359960	125.00
0.359980	126.00
