0.320000	101.00
0.320020	49.00
0.320040	101.00
0.320060	140.00
0.320080	143.00
0.320100	125.00
0.320120	113.00
0.320140	119.00
0.320160	131.00
0.320180	133.00
0.320200	125.00
0.320220	118.00
0.320240	121.00
0.320260	128.00
0.320280	130.00
0.320300	125.00
0.320320	120.00
0.320340	122.00
0.320360	127.00
0.320380	128.00
0.320400	125.00
0.320420	121.00
0.320440	123.00
0.320460	127.00
0.320480	128.00
0.320500	125.00
0.320520	122.00
0.320540	123.00
0.320560	127.00
0.320580	128.00
0.320600	125.00
0.320620	123.00
0.320640	124.00
0.320660	127.00
0.320680	127.00
0.320700	125.00
0.320720	123.00
0.320740	124.00
0.320760	126.00
0.320780	127.00
0.320800	125.00
0.320820	123.00
0.320840	123.00
0.320860	125.00
0.320880	126.00
0.320900	125.00
0.320920	123.00
0.320940	124.00
0.320960	126.00
0.320980	127.00
0.321000	125.00
0.321020	123.00
0.321040	124.00
0.321060	125.00
0.321080	126.00
0.321100	124.00
0.321120	123.00
0.321140	124.00
0.321160	126.00
0.321180	126.00
0.321200	125.00
0.321220	124.00
0.321240	124.00
0.321260	126.00
0.321280	126.00
0.321300	125.00
0.321320	124.00
0.321340	124.00
0.321360	126.00
0.321380	126.00
0.321400	125.00
0.321420	124.00
0.321440	124.00
0.321460	125.00
0.321480	125.00
0.321500	124.00
0.321520	123.00
0.321540	124.00
0.321560	125.00
0.321580	125.00
0.321600	124.00
0.321620	123.00
0.321640	124.00
0.321660	125.00
0.321680	126.00
0.321700	125.00
0.321720	124.00
0.321740	124.00
0.321760	125.00
0.321780	125.00
0.321800	124.00
0.321820	124.00
0.321840	124.00
0.321860	126.00
0.321880	126.00
0.321900	125.00
0.321920	124.00
0.321940	124.00
0.321960	126.00
0.321980	126.00
0.322000	125.00
0.322020	124.00
0.322040	124.00
0.322060	125.00
0.322080	125.00
0.322100	124.00
0.322120	124.00
0.322140	124.00
0.322160	125.00
0.322180	125.00
0.322200	125.00
0.322220	124.00
0.322240	124.00
0.322260	125.00
0.322280	125.00
0.322300	124.00
0.322320	124.00
0.322340	124.00
0.322360	125.00
0.322380	126.00
0.322400	126.00
0.322420	125.00
0.322440	125.00
0.322460	125.00
0.322480	125.00
0.322500	125.00
0.322520	124.00
0.322540	124.00
0.322560	124.00
0.322580	125.00
0.322600	125.00
0.322620	124.00
0.322640	125.00
0.322660	126.00
0.322680	126.00
0.322700	125.00
0.322720	125.00
0.322740	125.00
0.322760	125.00
0.322780	125.00
0.322800	124.00
0.322820	124.00
0.322840	124.00
0.322860	124.00
0.322880	125.00
0.322900	124.00
0.322920	124.00
0.322940	124.00
0.322960	124.00
0.322980	125.00
0.323000	125.00
0.323020	125.00
0.323040	125.00
0.323060	125.00
0.323080	125.00
0.323100	124.00
0.323120	124.00
0.323140	124.00
0.323160	125.00
0.323180	125.00
0.323200	125.00
0.323220	125.00
0.323240	125.00
0.323260	125.00
0.323280	125.00
0.323300	124.00
0.323320	124.00
0.323340	124.00
0.323360	125.00
0.323380	125.00
0.323400	125.00
0.323420	125.00
0.323440	125.00
0.323460	125.00
0.323480	126.00
0.323500	125.00
0.323520	124.00
0.323540	124.00
0.323560	125.00
0.323580	125.00
0.323600	124.00
0.323620	124.00
0.323640	124.00
0.323660	124.00
0.323680	125.00
0.323700	124.00
0.323720	124.00
0.323740	124.00
0.323760	125.00
0.323780	125.00
0.323800	124.00
0.323820	124.00
0.323840	124.00
0.323860	124.00
0.323880	125.00
0.323900	125.00
0.323920	124.00
0.323940	124.00
0.323960	125.00
0.323980	125.00
0.324000	125.00
0.324020	125.00
0.324040	125.00
0.324060	124.00
0.324080	124.00
0.324100	124.00
0.324120	124.00
0.324140	125.00
0.324160	125.00
0.324180	125.00
0.324200	125.00
0.324220	125.00
0.324240	125.00
0.324260	126.00
0.324280	126.00
0.324300	125.00
0.324320	125.00
0.324340	125.00
0.324360	125.00
0.324380	125.00
0.324400	124.00
0.324420	124.00
0.324440	124.00
0.324460	124.00
0.324480	125.00
0.324500	125.00
0.324520	125.00
0.324540	125.00
0.324560	125.00
0.324580	125.00
0.324600	125.00
0.324620	125.00
0.324640	125.00
0.324660	125.00
0.324680	126.00
0.324700	125.00
0.324720	125.00
0.324740	125.00
0.324760	125.00
0.324780	125.00
0.324800	125.00
0.324820	124.00
0.324840	124.00
0.324860	124.00
0.324880	125.00
0.324900	124.00
0.324920	124.00
0.324940	125.00
0.324960	125.00
0.324980	125.00
0.325000	125.00
0.325020	124.00
0.325040	124.00
0.325060	125.00
0.325080	125.00
0.325100	125.00
0.325120	124.00
0.325140	124.00
0.325160	125.00
0.325180	126.00
0.325200	126.00
0.325220	125.00
0.325240	124.00
0.325260	124.00
0.325280	123.00
0.325300	122.00
0.325320	121.00
0.325340	120.00
0.325360	120.00
0.325380	121.00
0.325400	123.00
0.325420	124.00
0.325440	127.00
0.325460	130.00
0.325480	134.00
0.325500	138.00
0.325520	142.00
0.325540	145.00
0.325560	147.00
0.325580	146.00
0.325600	142.00
0.325620	134.00
0.325640	123.00
0.325660	112.00
0.325680	102.00
0.325700	94.00
0.325720	86.00
0.325740	81.00
0.325760	79.00
0.325780	80.00
0.325800	85.00
0.325820	95.00
0.325840	110.00
0.325860	128.00
0.325880	148.00
0.325900	166.00
0.325920	179.00
0.325940	188.00
0.325960	193.00
0.325980	195.00
0.326000	193.00
0.326020	185.00
0.326040	169.00
0.326060	146.00
0.326080	118.00
0.326100	88.00
0.326120	57.00
0.326140	31.00
0.326160	12.00
0.326180	3.00
0.326200	3.00
0.326220	13.00
0.326240	35.00
0.326260	68.00
0.326280	111.00
0.326300	160.00
0.326320	204.00
0.326340	235.00
0.326360	252.00
0.326380	255.00
0.326400	255.00
0.326420	248.00
0.326440	232.00
0.326460	201.00
0.326480	152.00
0.326500	93.00
0.326520	39.00
0.326540	4.00
0.326560	0.00
0.326580	0.00
0.326600	7.00
0.326620	4.00
0.326640	0.00
0.326660	0.00
0.326680	28.00
0.326700	87.00
0.326720	157.00
0.326740	216.00
0.326760	249.00
0.326780	255.00
0.326800	255.00
0.326820	255.00
0.326840	255.00
0.326860	251.00
0.326880	230.00
0.326900	190.00
0.326920	134.00
0.326940	75.00
0.326960	28.00
0.326980	2.00
0.327000	0.00
0.327020	2.00
0.327040	4.00
0.327060	0.00
0.327080	0.00
0.327100	9.00
0.327120	46.00
0.327140	100.00
0.327160	157.00
0.327180	201.00
0.327200	228.00
0.327220	241.00
0.327240	247.00
0.327260	246.00
0.327280	237.00
0.327300	220.00
0.327320	196.00
0.327340	165.00
0.327360	131.00
0.327380	95.00
0.327400	63.00
0.327420	38.00
0.327440	22.00
0.327460	16.00
0.327480	18.00
0.327500	29.00
0.327520	47.00
0.327540	71.00
0.327560	99.00
0.327580	126.00
0.327600	150.00
0.327620	170.00
0.327640	185.00
0.327660	193.00
0.327680	195.00
0.327700	191.00
0.327720	182.00
0.327740	169.00
0.327760	154.00
0.327780	137.00
0.327800	119.00
0.327820	104.00
0.327840	92.00
0.327860	84.00
0.327880	80.00
0.327900	79.00
0.327920	82.00
0.327940	90.00
0.327960	99.00
0.327980	110.00
0.328000	120.00
0.328020	130.00
0.328040	139.00
0.328060	147.00
0.328080	152.00
0.328100	154.00
0.328120	153.00
0.328140	151.00
0.328160	147.00
0.328180	141.00
0.328200	133.00
0.328220	126.00
0.328240	120.00
0.328260	115.00
0.328280	111.00
0.328300	108.00
0.328320	107.00
0.328340	107.00
0.328360	110.00
0.328380	113.00
0.328400	116.00
0.328420	120.00
0.328440	125.00
0.328460	129.00
0.328480	132.00
0.328500	134.00
0.328520	136.00
0.328540	136.00
0.328560	136.00
0.328580	134.00
0.328600	132.00
0.328620	130.00
0.328640	127.00
0.328660	125.00
0.328680	123.00
0.328700	120.00
0.328720	118.00
0.328740	118.00
0.328760	118.00
0.328780	119.00
0.328800	119.00
0.328820	120.00
0.328840	122.00
0.328860	124.00
0.328880	126.00
0.328900	127.00
0.328920	127.00
0.328940	128.00
0.328960	129.00
0.328980	130.00
0.329000	129.00
0.329020	128.00
0.329040	128.00
0.329060	127.00
0.329080	126.00
0.329100	125.00
0.329120	124.00
0.329140	123.00
0.329160	122.00
0.329180	122.00
0.329200	123.00
0.329220	123.00
0.329240	123.00
0.329260	124.00
0.329280	124.00
0.329300	125.00
0.329320	125.00
0.329340	126.00
0.329360	126.00
0.329380	126.00
0.329400	126.00
0.329420	126.00
0.329440	126.00
0.329460	126.00
0.329480	126.00
0.329500	125.00
0.329520	125.00
0.329540	124.00
0.329560	124.00
0.329580	124.00
0.329600	124.00
0.329620	123.00
0.329640	123.00
0.329660	124.00
0.329680	124.00
0.329700	125.00
0.329720	125.00
0.329740	125.00
0.329760	125.00
0.329780	125.00
0.329800	126.00
0.329820	126.00
0.329840	126.00
0.329860	126.00
0.329880	126.00
0.329900	125.00
0.329920	125.00
0.329940	125.00
0.329960	125.00
0.329980	125.00
0.330000	124.00
0.330020	124.00
0.330040	124.00
0.330060	125.00
0.330080	125.00
0.330100	124.00
0.330120	124.00
0.330140	124.00
0.330160	125.00
0.330180	125.00
0.330200	125.00
0.330220	125.00
0.330240	125.00
0.330260	126.00
0.330280	125.00
0.330300	125.00
0.330320	124.00
0.330340	124.00
0.330360	125.00
0.330380	125.00
0.330400	125.00
0.330420	125.00
0.330440	125.00
0.330460	125.00
0.330480	126.00
0.330500	125.00
0.330520	125.00
0.330540	125.00
0.330560	125.00
0.330580	125.00
0.330600	125.00
0.330620	125.00
0.330640	125.00
0.330660	125.00
0.330680	125.00
0.330700	125.00
0.330720	125.00
0.330740	125.00
0.330760	125.00
0.330780	125.00
0.330800	124.00
0.330820	124.00
0.330840	124.00
0.330860	125.00
0.330880	125.00
0.330900	125.00
0.330920	125.00
0.330940	125.00
0.330960	125.00
0.330980	125.00
0.331000	125.00
0.331020	125.00
0.331040	125.00
0.331060	125.00
0.331080	125.00
0.331100	125.00
0.331120	125.00
0.331140	125.00
0.331160	125.00
0.331180	125.00
0.331200	124.00
0.331220	124.00
0.331240	124.00
0.331260	124.00
0.331280	125.00
0.331300	124.00
0.331320	124.00
0.331340	124.00
0.331360	124.00
0.331380	125.00
0.331400	125.00
0.331420	125.00
0.331440	125.00
0.331460	126.00
0.331480	126.00
0.331500	126.00
0.331520	126.00
0.331540	126.00
0.331560	126.00
0.331580	127.00
0.331600	126.00
0.331620	126.00
0.331640	125.00
0.331660	124.00
0.331680	123.00
0.331700	122.00
0.331720	121.00
0.331740	120.00
0.331760	120.00
0.331780	120.00
0.331800	121.00
0.331820	122.00
0.331840	124.00
0.331860	127.00
0.331880	130.00
0.331900	132.00
0.331920	134.00
0.331940	135.00
0.331960	136.00
0.331980	136.00
0.332000	135.00
0.332020	132.00
0.332040	129.00
0.332060	125.00
0.332080	121.00
0.332100	117.00
0.332120	113.00
0.332140	111.00
0.332160	109.00
0.332180	108.00
0.332200	108.00
0.332220	109.00
0.332240	112.00
0.332260	117.00
0.332280	123.00
0.332300	130.00
0.332320	138.00
0.332340	144.00
0.332360	150.00
0.332380	154.00
0.332400	156.00
0.332420	154.00
0.332440	150.00
0.332460	143.00
0.332480	133.00
0.332500	121.00
0.332520	108.00
0.332540	96.00
0.332560	86.00
0.332580	79.00
0.332600	76.00
0.332620	78.00
0.332640	85.00
0.332660	96.00
0.332680	109.00
0.332700	124.00
0.332720	140.00
0.332740	156.00
0.332760	169.00
0.332780	178.00
0.332800	183.00
0.332820	182.00
0.332840	177.00
0.332860	167.00
0.332880	154.00
0.332900	137.00
0.332920	119.00
0.332940	101.00
0.332960	86.00
0.332980	74.00
0.333000	67.00
0.333020	65.00
0.333040	67.00
0.333060	74.00
0.333080	86.00
0.333100	101.00
0.333120	117.00
0.333140	134.00
0.333160	149.00
0.333180	162.00
0.333200	171.00
0.333220	175.00
0.333240	176.00
0.333260	173.00
0.333280	165.00
0.333300	155.00
0.333320	142.00
0.333340	129.00
0.333360	116.00
0.333380	105.00
0.333400	95.00
0.333420	89.00
0.333440	86.00
0.333460	87.00
0.333480	90.00
0.333500	96.00
0.333520	104.00
0.333540	113.00
0.333560	123.00
0.333580	132.00
0.333600	140.00
0.333620	147.00
0.333640	151.00
0.333660	153.00
0.333680	151.00
0.333700	148.00
0.333720	143.00
0.333740	137.00
0.333760	131.00
0.333780	124.00
0.333800	118.00
0.333820	113.00
0.333840	110.00
0.333860	108.00
0.333880	108.00
0.333900	108.00
0.333920	110.00
0.333940	114.00
0.333960	118.00
0.333980	122.00
0.334000	126.00
0.334020	129.00
0.334040	132.00
0.334060	134.00
0.334080	136.00
0.334100	136.00
0.334120	136.00
0.334140	134.00
0.334160	132.00
0.334180	129.00
0.334200	126.00
0.334220	124.00
0.334240	122.00
0.334260	120.00
0.334280	119.00
0.334300	118.00
0.334320	118.00
0.334340	118.00
0.334360	119.00
0.334380	121.00
0.334400	122.00
0.334420	124.00
0.334440	126.00
0.334460	127.00
0.334480	128.00
0.334500	129.00
0.334520	130.00
0.334540	130.00
0.334560	130.00
0.334580	129.00
0.334600	128.00
0.334620	127.00
0.334640	126.00
0.334660	125.00
0.334680	124.00
0.334700	123.00
0.334720	122.00
0.334740	122.00
0.334760	122.00
0.334780	122.00
0.334800	122.00
0.334820	123.00
0.334840	124.00
0.334860	125.00
0.334880	126.00
0.334900	126.00
0.334920	126.00
0.334940	126.00
0.334960	126.00
0.334980	126.00
0.335000	126.00
0.335020	126.00
0.335040	126.00
0.335060	125.00
0.335080	125.00
0.335100	125.00
0.335120	124.00
0.335140	124.00
0.335160	124.00
0.335180	124.00
0.335200	124.00
0.335220	124.00
0.335240	124.00
0.335260	124.00
0.335280	124.00
0.335300	124.00
0.335320	124.00
0.335340	125.00
0.335360	125.00
0.335380	126.00
0.335400	126.00
0.335420	126.00
0.335440	125.00
0.335460	125.00
0.335480	125.00
0.335500	125.00
0.335520	125.00
0.335540	125.00
0.335560	125.00
0.335580	125.00
0.335600	125.00
0.335620	125.00
0.335640	125.00
0.335660	125.00
0.335680	125.00
0.335700	125.00
0.335720	125.00
0.335740	125.00
0.335760	125.00
0.335780	125.00
0.335800	124.00
0.335820	124.00
0.335840	125.00
0.335860	125.00
0.335880	126.00
0.335900	125.00
0.335920	125.00
0.335940	125.00
0.335960	125.00
0.335980	125.00
0.336000	125.00
0.336020	125.00
0.336040	125.00
0.336060	125.00
0.336080	125.00
0.336100	125.00
0.336120	124.00
0.336140	124.00
0.336160	125.00
0.336180	125.00
0.336200	125.00
0.336220	125.00
0.336240	124.00
0.336260	125.00
0.336280	125.00
0.336300	126.00
0.336320	125.00
0.336340	125.00
0.336360	126.00
0.336380	126.00
0.336400	126.00
0.336420	126.00
0.336440	126.00
0.336460	126.00
0.336480	126.00
0.336500	126.00
0.336520	125.00
0.336540	125.00
0.336560	124.00
0.336580	124.00
0.336600	124.00
0.336620	124.00
0.336640	124.00
0.336660	125.00
0.336680	125.00
0.336700	125.00
0.336720	125.00
0.336740	125.00
0.336760	125.00
0.336780	126.00
0.336800	126.00
0.336820	126.00
0.336840	126.00
0.336860	125.00
0.336880	125.00
0.336900	125.00
0.336920	125.00
0.336940	125.00
0.336960	125.00
0.336980	125.00
0.337000	124.00
0.337020	124.00
0.337040	124.00
0.337060	125.00
0.337080	125.00
0.337100	125.00
0.337120	125.00
0.337140	125.00
0.337160	125.00
0.337180	125.00
0.337200	125.00
0.337220	125.00
0.337240	125.00
0.337260	125.00
0.337280	125.00
0.337300	125.00
0.337320	125.00
0.337340	125.00
0.337360	125.00
0.337380	125.00
0.337400	125.00
0.337420	125.00
0.337440	125.00
0.337460	125.00
0.337480	125.00
0.337500	126.00
0.337520	126.00
0.337540	125.00
0.337560	125.00
0.337580	125.00
0.337600	125.00
0.337620	125.00
0.337640	125.00
0.337660	125.00
0.337680	125.00
0.337700	125.00
0.337720	125.00
0.337740	125.00
0.337760	126.00
0.337780	126.00
0.337800	126.00
0.337820	125.00
0.337840	125.00
0.337860	124.00
0.337880	124.00
0.337900	124.00
0.337920	123.00
0.337940	122.00
0.337960	122.00
0.337980	122.00
0.338000	122.00
0.338020	123.00
0.338040	124.00
0.338060	125.00
0.338080	127.00
0.338100	128.00
0.338120	130.00
0.338140	131.00
0.338160	131.00
0.338180	132.00
0.338200	132.00
0.338220	131.00
0.338240	129.00
0.338260	126.00
0.338280	123.00
0.338300	120.00
0.338320	118.00
0.338340	117.00
0.338360	116.00
0.338380	115.00
0.338400	115.00
0.338420	115.00
0.338440	116.00
0.338460	119.00
0.338480	122.00
0.338500	126.00
0.338520	130.00
0.338540	135.00
0.338560	139.00
0.338580	142.00
0.338600	143.00
0.338620	143.00
0.338640	141.00
0.338660	138.00
0.338680	133.00
0.338700	127.00
0.338720	119.00
0.338740	112.00
0.338760	105.00
0.338780	101.00
0.338800	98.00
0.338820	97.00
0.338840	100.00
0.338860	104.00
0.338880	111.00
0.338900	119.00
0.338920	128.00
0.338940	138.00
0.338960	146.00
0.338980	153.00
0.339000	158.00
0.339020	160.00
0.339040	158.00
0.339060	154.00
0.339080	147.00
0.339100	138.00
0.339120	128.00
0.339140	117.00
0.339160	107.00
0.339180	99.00
0.339200	93.00
0.339220	90.00
0.339240	90.00
0.339260	93.00
0.339280	99.00
0.339300	106.00
0.339320	115.00
0.339340	125.00
0.339360	134.00
0.339380	143.00
0.339400	149.00
0.339420	154.00
0.339440	156.00
0.339460	155.00
0.339480	152.00
0.339500	146.00
0.339520	139.00
0.339540	131.00
0.339560	123.00
0.339580	116.00
0.339600	110.00
0.339620	106.00
0.339640	103.00
0.339660	102.00
0.339680	104.00
0.339700	107.00
0.339720	111.00
0.339740	117.00
0.339760	122.00
0.339780	127.00
0.339800	132.00
0.339820	136.00
0.339840	139.00
0.339860	140.00
0.339880	140.00
0.339900	139.00
0.339920	137.00
0.339940	134.00
0.339960	130.00
0.339980	126.00
0.340000	122.00
0.340020	119.00
0.340040	117.00
0.340060	116.00
0.340080	116.00
0.340100	116.00
0.340120	117.00
0.340140	119.00
0.340160	121.00
0.340180	123.00
0.340200	126.00
0.340220	128.00
0.340240	130.00
0.340260	131.00
0.340280	132.00
0.340300	131.00
0.340320	131.00
0.340340	129.00
0.340360	128.00
0.340380	126.00
0.340400	124.00
0.340420	123.00
0.340440	123.00
0.340460	122.00
0.340480	121.00
0.340500	120.00
0.340520	120.00
0.340540	121.00
0.340560	122.00
0.340580	123.00
0.340600	124.00
0.340620	125.00
0.340640	126.00
0.340660	127.00
0.340680	127.00
0.340700	127.00
0.340720	127.00
0.340740	127.00
0.340760	127.00
0.340780	127.00
0.340800	126.00
0.340820	125.00
0.340840	125.00
0.340860	124.00
0.340880	124.00
0.340900	123.00
0.340920	123.00
0.340940	123.00
0.340960	123.00
0.340980	124.00
0.341000	124.00
0.341020	124.00
0.341040	124.00
0.341060	125.00
0.341080	125.00
0.341100	126.00
0.341120	126.00
0.341140	126.00
0.341160	126.00
0.341180	126.00
0.341200	126.00
0.341220	125.00
0.341240	125.00
0.341260	125.00
0.341280	124.00
0.341300	124.00
0.341320	124.00
0.341340	124.00
0.341360	124.00
0.341380	124.00
0.341400	124.00
0.341420	124.00
0.341440	124.00
0.341460	124.00
0.341480	124.00
0.341500	125.00
0.341520	125.00
0.341540	125.00
0.341560	125.00
0.341580	125.00
0.341600	125.00
0.341620	125.00
0.341640	125.00
0.341660	125.00
0.341680	125.00
0.341700	125.00
0.341720	125.00
0.341740	125.00
0.341760	125.00
0.341780	125.00
0.341800	125.00
0.341820	125.00
0.341840	125.00
0.341860	125.00
0.341880	125.00
0.341900	125.00
0.341920	124.00
0.341940	124.00
0.341960	124.00
0.341980	124.00
0.342000	124.00
0.342020	124.00
0.342040	124.00
0.342060	124.00
0.342080	125.00
0.342100	126.00
0.342120	126.00
0.342140	126.00
0.342160	126.00
0.342180	126.00
0.342200	126.00
0.342220	126.00
0.342240	126.00
0.342260	125.00
0.342280	125.00
0.342300	125.00
0.342320	125.00
0.342340	125.00
0.342360	124.00
0.342380	124.00
0.342400	124.00
0.342420	124.00
0.342440	124.00
0.342460	124.00
0.342480	124.00
0.342500	124.00
0.342520	124.00
0.342540	125.00
0.342560	125.00
0.342580	126.00
0.342600	126.00
0.342620	126.00
0.342640	126.00
0.342660	126.00
0.342680	126.00
0.342700	126.00
0.342720	126.00
0.342740	125.00
0.342760	125.00
0.342780	125.00
0.342800	124.00
0.342820	124.00
0.342840	124.00
0.342860	124.00
0.342880	124.00
0.342900	124.00
0.342920	124.00
0.342940	125.00
0.342960	125.00
0.342980	126.00
0.343000	126.00
0.343020	126.00
0.343040	126.00
0.343060	126.00
0.343080	125.00
0.343100	125.00
0.343120	125.00
0.343140	125.00
0.343160	125.00
0.343180	125.00
0.343200	125.00
0.343220	124.00
0.343240	124.00
0.343260	124.00
0.343280	124.00
0.343300	124.00
0.343320	124.00
0.343340	125.00
0.343360	125.00
0.343380	125.00
0.343400	124.00
0.343420	124.00
0.343440	124.00
0.343460	124.00
0.343480	125.00
0.343500	125.00
0.343520	125.00
0.343540	125.00
0.343560	125.00
0.343580	125.00
0.343600	125.00
0.343620	125.00
0.343640	125.00
0.343660	124.00
0.343680	124.00
0.343700	124.00
0.343720	124.00
0.343740	124.00
0.343760	125.00
0.343780	125.00
0.343800	125.00
0.343820	125.00
0.343840	125.00
0.343860	125.00
0.343880	125.00
0.343900	125.00
0.343920	125.00
0.343940	125.00
0.343960	125.00
0.343980	125.00
0.344000	125.00
0.344020	126.00
0.344040	126.00
0.344060	125.00
0.344080	125.00
0.344100	125.00
0.344120	124.00
0.344140	124.00
0.344160	124.00
0.344180	123.00
0.344200	123.00
0.344220	123.00
0.344240	124.00
0.344260	124.00
0.344280	125.00
0.344300	126.00
0.344320	127.00
0.344340	128.00
0.344360	129.00
0.344380	129.00
0.344400	129.00
0.344420	129.00
0.344440	128.00
0.344460	127.00
0.344480	126.00
0.344500	124.00
0.344520	122.00
0.344540	121.00
0.344560	120.00
0.344580	119.00
0.344600	118.00
0.344620	118.00
0.344640	118.00
0.344660	119.00
0.344680	121.00
0.344700	124.00
0.344720	126.00
0.344740	129.00
0.344760	132.00
0.344780	134.00
0.344800	136.00
0.344820	137.00
0.344840	137.00
0.344860	135.00
0.344880	132.00
0.344900	128.00
0.344920	124.00
0.344940	119.00
0.344960	115.00
0.344980	111.00
0.345000	108.00
0.345020	107.00
0.345040	107.00
0.345060	109.00
0.345080	113.00
0.345100	118.00
0.345120	124.00
0.345140	130.00
0.345160	136.00
0.345180	141.00
0.345200	145.00
0.345220	147.00
0.345240	147.00
0.345260	146.00
0.345280	143.00
0.345300	138.00
0.345320	131.00
0.345340	125.00
0.345360	118.00
0.345380	112.00
0.345400	106.00
0.345420	103.00
0.345440	101.00
0.345460	102.00
0.345480	105.00
0.345500	109.00
0.345520	114.00
0.345540	120.00
0.345560	126.00
0.345580	132.00
0.345600	137.00
0.345620	141.00
0.345640	144.00
0.345660	145.00
0.345680	144.00
0.345700	141.00
0.345720	138.00
0.345740	133.00
0.345760	129.00
0.345780	123.00
0.345800	118.00
0.345820	114.00
0.345840	112.00
0.345860	111.00
0.345880	110.00
0.345900	111.00
0.345920	113.00
0.345940	115.00
0.345960	119.00
0.345980	123.00
0.346000	126.00
0.346020	129.00
0.346040	132.00
0.346060	134.00
0.346080	135.00
0.346100	135.00
0.346120	134.00
0.346140	133.00
0.346160	131.00
0.346180	129.00
0.346200	126.00
0.346220	124.00
0.346240	122.00
0.346260	120.00
0.346280	119.00
0.346300	118.00
0.346320	118.00
0.346340	118.00
0.346360	119.00
0.346380	120.00
0.346400	122.00
0.346420	123.00
0.346440	125.00
0.346460	127.00
0.346480	128.00
0.346500	129.00
0.346520	129.00
0.346540	129.00
0.346560	129.00
0.346580	129.00
0.346600	128.00
0.346620	127.00
0.346640	126.00
0.346660	125.00
0.346680	124.00
0.346700	123.00
0.346720	123.00
0.346740	122.00
0.346760	122.00
0.346780	122.00
0.346800	122.00
0.346820	123.00
0.346840	123.00
0.346860	124.00
0.346880	125.00
0.346900	126.00
0.346920	126.00
0.346940	126.00
0.346960	126.00
0.346980	126.00
0.347000	126.00
0.347020	126.00
0.347040	126.00
0.347060	126.00
0.347080	126.00
0.347100	126.00
0.347120	126.00
0.347140	125.00
0.347160	125.00
0.347180	125.00
0.347200	124.00
0.347220	124.00
0.347240	124.00
0.347260	124.00
0.347280	124.00
0.347300	124.00
0.347320	124.00
0.347340	124.00
0.347360	125.00
0.347380	125.00
0.347400	125.00
0.347420	125.00
0.347440	125.00
0.347460	125.00
0.347480	125.00
0.347500	125.00
0.347520	125.00
0.347540	125.00
0.347560	125.00
0.347580	125.00
0.347600	125.00
0.347620	125.00
0.347640	125.00
0.347660	125.00
0.347680	125.00
0.347700	124.00
0.347720	124.00
0.347740	124.00
0.347760	124.00
0.347780	124.00
0.347800	125.00
0.347820	125.00
0.347840	126.00
0.347860	126.00
0.347880	125.00
0.347900	125.00
0.347920	125.00
0.347940	125.00
0.347960	125.00
0.347980	125.00
0.348000	125.00
0.348020	125.00
0.348040	125.00
0.348060	125.00
0.348080	125.00
0.348100	125.00
0.348120	124.00
0.348140	124.00
0.348160	124.00
0.348180	124.00
0.348200	124.00
0.348220	124.00
0.348240	124.00
0.348260	125.00
0.348280	125.00
0.348300	125.00
0.348320	125.00
0.348340	126.00
0.348360	126.00
0.348380	126.00
0.348400	126.00
0.348420	126.00
0.348440	126.00
0.348460	125.00
0.348480	125.00
0.348500	125.00
0.348520	125.00
0.348540	124.00
0.348560	124.00
0.348580	124.00
0.348600	124.00
0.348620	124.00
0.348640	124.00
0.348660	125.00
0.348680	125.00
0.348700	125.00
0.348720	125.00
0.348740	125.00
0.348760	126.00
0.348780	127.00
0.348800	126.00
0.348820	126.00
0.348840	125.00
0.348860	125.00
0.348880	125.00
0.348900	125.00
0.348920	125.00
0.348940	125.00
0.348960	125.00
0.348980	124.00
0.349000	124.00
0.349020	124.00
0.349040	124.00
0.349060	125.00
0.349080	125.00
0.349100	125.00
0.349120	125.00
0.349140	125.00
0.349160	126.00
0.349180	126.00
0.349200	126.00
0.349220	126.00
0.349240	125.00
0.349260	125.00
0.349280	125.00
0.349300	125.00
0.349320	125.00
0.349340	125.00
0.349360	124.00
0.349380	125.00
0.349400	125.00
0.349420	125.00
0.349440	125.00
0.349460	125.00
0.349480	125.00
0.349500	125.00
0.349520	125.00
0.349540	125.00
0.349560	125.00
0.349580	125.00
0.349600	125.00
0.349620	125.00
0.349640	125.00
0.349660	124.00
0.349680	124.00
0.349700	125.00
0.349720	125.00
0.349740	124.00
0.349760	124.00
0.349780	124.00
0.349800	124.00
0.349820	125.00
0.349840	125.00
0.349860	125.00
0.349880	125.00
0.349900	125.00
0.349920	125.00
0.349940	125.00
0.349960	125.00
0.349980	125.00
0.350000	125.00
0.350020	125.00
0.350040	125.00
0.350060	125.00
0.350080	125.00
0.350100	125.00
0.350120	124.00
0.350140	124.00
0.350160	124.00
0.350180	124.00
0.350200	125.00
0.350220	125.00
0.350240	125.00
0.350260	125.00
0.350280	125.00
0.350300	125.00
0.350320	124.00
0.350340	124.00
0.350360	124.00
0.350380	124.00
0.350400	123.00
0.350420	123.00
0.350440	123.00
0.350460	124.00
0.350480	125.00
0.350500	125.00
0.350520	126.00
0.350540	127.00
0.350560	127.00
0.350580	128.00
0.350600	128.00
0.350620	127.00
0.350640	127.00
0.350660	127.00
0.350680	126.00
0.350700	125.00
0.350720	124.00
0.350740	123.00
0.350760	122.00
0.350780	122.00
0.350800	121.00
0.350820	120.00
0.350840	120.00
0.350860	121.00
0.350880	122.00
0.350900	123.00
0.350920	124.00
0.350940	126.00
0.350960	128.00
0.350980	130.00
0.351000	132.00
0.351020	133.00
0.351040	133.00
0.351060	133.00
0.351080	132.00
0.351100	130.00
0.351120	127.00
0.351140	124.00
0.351160	120.00
0.351180	117.00
0.351200	115.00
0.351220	113.00
0.351240	113.00
0.351260	113.00
0.351280	115.00
0.351300	118.00
0.351320	122.00
0.351340	126.00
0.351360	130.00
0.351380	133.00
0.351400	136.00
0.351420	139.00
0.351440	140.00
0.351460	139.00
0.351480	138.00
0.351500	135.00
0.351520	131.00
0.351540	127.00
0.351560	122.00
0.351580	118.00
0.351600	114.00
0.351620	112.00
0.351640	110.00
0.351660	109.00
0.351680	110.00
0.351700	112.00
0.351720	116.00
0.351740	120.00
0.351760	124.00
0.351780	128.00
0.351800	131.00
0.351820	134.00
0.351840	137.00
0.351860	138.00
0.351880	138.00
0.351900	136.00
0.351920	134.00
0.351940	131.00
0.351960	128.00
0.351980	125.00
0.352000	122.00
0.352020	119.00
0.352040	116.00
0.352060	115.00
0.352080	115.00
0.352100	116.00
0.352120	117.00
0.352140	119.00
0.352160	122.00
0.352180	124.00
0.352200	126.00
0.352220	128.00
0.352240	130.00
0.352260	131.00
0.352280	132.00
0.352300	132.00
0.352320	131.00
0.352340	129.00
0.352360	128.00
0.352380	126.00
0.352400	124.00
0.352420	123.00
0.352440	121.00
0.352460	120.00
0.352480	120.00
0.352500	120.00
0.352520	120.00
0.352540	121.00
0.352560	122.00
0.352580	124.00
0.352600	125.00
0.352620	126.00
0.352640	127.00
0.352660	127.00
0.352680	128.00
0.352700	129.00
0.352720	129.00
0.352740	128.00
0.352760	127.00
0.352780	126.00
0.352800	125.00
0.352820	124.00
0.352840	124.00
0.352860	123.00
0.352880	123.00
0.352900	123.00
0.352920	123.00
0.352940	123.00
0.352960	124.00
0.352980	124.00
0.353000	125.00
0.353020	125.00
0.353040	126.00
0.353060	126.00
0.353080	127.00
0.353100	127.00
0.353120	127.00
0.353140	126.00
0.353160	126.00
0.353180	126.00
0.353200	125.00
0.353220	125.00
0.353240	125.00
0.353260	124.00
0.353280	124.00
0.353300	123.00
0.353320	123.00
0.353340	123.00
0.353360	124.00
0.353380	124.00
0.353400	124.00
0.353420	125.00
0.353440	125.00
0.353460	126.00
0.353480	126.00
0.353500	126.00
0.353520	126.00
0.353540	125.00
0.353560	124.00
0.353580	125.00
0.353600	125.00
0.353620	125.00
0.353640	125.00
0.353660	125.00
0.353680	124.00
0.353700	124.00
0.353720	124.00
0.353740	124.00
0.353760	124.00
0.353780	124.00
0.353800	124.00
0.353820	124.00
0.353840	124.00
0.353860	124.00
0.353880	124.00
0.353900	125.00
0.353920	125.00
0.353940	125.00
0.353960	125.00
0.353980	125.00
0.354000	125.00
0.354020	125.00
0.354040	125.00
0.354060	125.00
0.354080	125.00
0.354100	125.00
0.354120	125.00
0.354140	125.00
0.354160	125.00
0.354180	125.00
0.354200	125.00
0.354220	125.00
0.354240	125.00
0.354260	125.00
0.354280	125.00
0.354300	126.00
0.354320	126.00
0.354340	125.00
0.354360	125.00
0.354380	125.00
0.354400	124.00
0.354420	125.00
0.354440	125.00
0.354460	125.00
0.354480	125.00
0.354500	125.00
0.354520	125.00
0.354540	125.00
0.354560	126.00
0.354580	126.00
0.354600	126.00
0.354620	126.00
0.354640	125.00
0.354660	125.00
0.354680	125.00
0.354700	125.00
0.354720	125.00
0.354740	125.00
0.354760	125.00
0.354780	125.00
0.354800	124.00
0.354820	124.00
0.354840	124.00
0.354860	124.00
0.354880	124.00
0.354900	124.00
0.354920	124.00
0.354940	125.00
0.354960	125.00
0.354980	125.00
0.355000	125.00
0.355020	125.00
0.355040	125.00
0.355060	125.00
0.355080	125.00
0.355100	125.00
0.355120	125.00
0.355140	124.00
0.355160	124.00
0.355180	124.00
0.355200	124.00
0.355220	125.00
0.355240	125.00
0.355260	125.00
0.355280	124.00
0.355300	124.00
0.355320	124.00
0.355340	124.00
0.355360	125.00
0.355380	125.00
0.355400	125.00
0.355420	125.00
0.355440	125.00
0.355460	126.00
0.355480	126.00
0.355500	126.00
0.355520	126.00
0.355540	125.00
0.355560	125.00
0.355580	125.00
0.355600	125.00
0.355620	125.00
0.355640	124.00
0.355660	124.00
0.355680	124.00
0.355700	124.00
0.355720	124.00
0.355740	124.00
0.355760	124.00
0.355780	124.00
0.355800	124.00
0.355820	125.00
0.355840	125.00
0.355860	125.00
0.355880	125.00
0.355900	125.00
0.355920	125.00
0.355940	125.00
0.355960	125.00
0.355980	125.00
0.356000	125.00
0.356020	125.00
0.356040	125.00
0.356060	125.00
0.356080	125.00
0.356100	125.00
0.356120	125.00
0.356140	125.00
0.356160	124.00
0.356180	124.00
0.356200	124.00
0.356220	124.00
0.356240	124.00
0.356260	124.00
0.356280	124.00
0.356300	124.00
0.356320	124.00
0.356340	125.00
0.356360	125.00
0.356380	126.00
0.356400	126.00
0.356420	126.00
0.356440	125.00
0.356460	125.00
0.356480	125.00
0.356500	125.00
0.356520	125.00
0.356540	124.00
0.356560	124.00
0.356580	124.00
0.356600	124.00
0.356620	124.00
0.356640	124.00
0.356660	124.00
0.356680	125.00
0.356700	125.00
0.356720	126.00
0.356740	126.00
0.356760	126.00
0.356780	126.00
0.356800	126.00
0.356820	127.00
0.356840	127.00
0.356860	126.00
0.356880	126.00
0.356900	125.00
0.356920	124.00
0.356940	124.00
0.356960	123.00
0.356980	122.00
0.357000	122.00
0.357020	122.00
0.357040	122.00
0.357060	122.00
0.357080	123.00
0.357100	123.00
0.357120	124.00
0.357140	125.00
0.357160	126.00
0.357180	127.00
0.357200	128.00
0.357220	129.00
0.357240	130.00
0.357260	130.00
0.357280	130.00
0.357300	129.00
0.357320	127.00
0.357340	125.00
0.357360	123.00
0.357380	121.00
0.357400	119.00
0.357420	118.00
0.357440	117.00
0.357460	117.00
0.357480	118.00
0.357500	119.00
0.357520	121.00
0.357540	123.00
0.357560	126.00
0.357580	129.00
0.357600	131.00
0.357620	133.00
0.357640	134.00
0.357660	134.00
0.357680	134.00
0.357700	132.00
0.357720	130.00
0.357740	128.00
0.357760	125.00
0.357780	122.00
0.357800	119.00
0.357820	117.00
0.357840	116.00
0.357860	115.00
0.357880	115.00
0.357900	116.00
0.357920	117.00
0.357940	119.00
0.357960	122.00
0.357980	125.00
0.358000	128.00
0.358020	130.00
0.358040	132.00
0.358060	133.00
0.358080	134.00
0.358100	133.00
0.358120	132.00
0.358140	130.00
0.358160	128.00
0.358180	127.00
0.358200	125.00
0.358220	123.00
0.358240	122.00
0.358260	120.00
0.358280	120.00
0.358300	119.00
0.358320	120.00
0.358340	120.00
0.358360	121.00
0.358380	122.00
0.358400	123.00
0.358420	125.00
0.358440	126.00
0.358460	126.00
0.358480	127.00
0.358500	128.00
0.358520	128.00
0.358540	128.00
0.358560	128.00
0.358580	127.00
0.358600	126.00
0.358620	126.00
0.358640	125.00
0.358660	125.00
0.358680	124.00
0.358700	123.00
0.358720	123.00
0.358740	123.00
0.358760	123.00
0.358780	123.00
0.358800	124.00
0.358820	124.00
0.358840	124.00
0.358860	124.00
0.358880	125.00
0.358900	125.00
0.358920	125.00
0.358940	126.00
0.358960	126.00
0.358980	126.00
0.359000	125.00
0.359020	125.00
0.359040	126.00
0.359060	126.00
0.359080	125.00
0.359100	125.00
0.359120	125.00
0.359140	125.00
0.359160	125.00
0.359180	125.00
0.359200	124.00
0.359220	124.00
0.359240	124.00
0.359260	125.00
0.359280	125.00
0.359300	124.00
0.359320	124.00
0.359340	124.00
0.359360	125.00
0.359380	125.00
0.359400	125.00
0.359420	125.00
0.359440	125.00
0.359460	125.00
0.359480	125.00
0.359500	125.00
0.359520	125.00
0.359540	125.00
0.359560	125.00
0.359580	125.00
0.359600	125.00
0.359620	125.00
0.359640	125.00
0.359660	125.00
0.359680	125.00
0.359700	125.00
0.359720	124.00
0.359740	124.00
0.359760	124.00
0.359780	125.00
0.359800	125.00
0.359820	124.00
0.359840	124.00
0.359860	125.00
0.359880	125.00
0.359900	125.00
0.359920	125.00
0.359940	125.00
0.359960	125.00
0.359980	126.00
