0.320000	101.00
0.320020	49.00
0.320040	101.00
0.320060	140.00
0.320080	144.00
0.320100	125.00
0.320120	113.00
0.320140	118.00
0.320160	130.00
0.320180	133.00
0.320200	125.00
0.320220	118.00
0.320240	121.00
0.320260	128.00
0.320280	129.00
0.320300	124.00
0.320320	119.00
0.320340	121.00
0.320360	127.00
0.320380	128.00
0.320400	124.00
0.320420	121.00
0.320440	122.00
0.320460	126.00
0.320480	127.00
0.320500	124.00
0.320520	121.00
0.320540	123.00
0.320560	126.00
0.320580	127.00
0.320600	124.00
0.320620	122.00
0.320640	123.00
0.320660	126.00
0.320680	126.00
0.320700	124.00
0.320720	122.00
0.320740	123.00
0.320760	126.00
0.320780	127.00
0.320800	125.00
0.320820	123.00
0.320840	124.00
0.320860	126.00
0.320880	126.00
0.320900	124.00
0.320920	123.00
0.320940	124.00
0.320960	126.00
0.320980	127.00
0.321000	125.00
0.321020	123.00
0.321040	124.00
0.321060	126.00
0.321080	126.00
0.321100	124.00
0.321120	123.00
0.321140	123.00
0.321160	125.00
0.321180	126.00
0.321200	124.00
0.321220	123.00
0.321240	124.00
0.321260	126.00
0.321280	127.00
0.321300	125.00
0.321320	124.00
0.321340	124.00
0.321360	126.00
0.321380	126.00
0.321400	125.00
0.321420	124.00
0.321440	124.00
0.321460	126.00
0.321480	126.00
0.321500	125.00
0.321520	124.00
0.321540	124.00
0.321560	125.00
0.321580	125.00
0.321600	124.00
0.321620	123.00
0.321640	123.00
0.321660	125.00
0.321680	125.00
0.321700	125.00
0.321720	124.00
0.321740	125.00
0.321760	126.00
0.321780	126.00
0.321800	125.00
0.321820	124.00
0.321840	124.00
0.321860	125.00
0.321880	125.00
0.321900	125.00
0.321920	124.00
0.321940	125.00
0.321960	125.00
0.321980	125.00
0.322000	124.00
0.322020	124.00
0.322040	124.00
0.322060	125.00
0.322080	125.00
0.322100	125.00
0.322120	124.00
0.322140	125.00
0.322160	126.00
0.322180	126.00
0.322200	125.00
0.322220	124.00
0.322240	124.00
0.322260	125.00
0.322280	125.00
0.322300	124.00
0.322320	124.00
0.322340	125.00
0.322360	126.00
0.322380	126.00
0.322400	125.00
0.322420	124.00
0.322440	124.00
0.322460	125.00
0.322480	125.00
0.322500	124.00
0.322520	124.00
0.322540	124.00
0.322560	125.00
0.322580	125.00
0.322600	125.00
0.322620	124.00
0.322640	125.00
0.322660	125.00
0.322680	125.00
0.322700	125.00
0.322720	124.00
0.322740	124.00
0.322760	125.00
0.322780	126.00
0.322800	126.00
0.322820	125.00
0.322840	125.00
0.322860	125.00
0.322880	125.00
0.322900	125.00
0.322920	124.00
0.322940	124.00
0.322960	125.00
0.322980	125.00
0.323000	124.00
0.323020	124.00
0.323040	124.00
0.323060	125.00
0.323080	125.00
0.323100	125.00
0.323120	124.00
0.323140	124.00
0.323160	124.00
0.323180	125.00
0.323200	125.00
0.323220	125.00
0.323240	125.00
0.323260	125.00
0.323280	125.00
0.323300	125.00
0.323320	124.00
0.323340	125.00
0.323360	126.00
0.323380	126.00
0.323400	125.00
0.323420	124.00
0.323440	124.00
0.323460	124.00
0.323480	125.00
0.323500	125.00
0.323520	125.00
0.323540	125.00
0.323560	125.00
0.323580	125.00
0.323600	125.00
0.323620	125.00
0.323640	125.00
0.323660	125.00
0.323680	125.00
0.323700	125.00
0.323720	124.00
0.323740	124.00
0.323760	125.00
0.323780	125.00
0.323800	124.00
0.323820	124.00
0.323840	125.00
0.323860	125.00
0.323880	126.00
0.323900	125.00
0.323920	125.00
0.323940	125.00
0.323960	125.00
0.323980	125.00
0.324000	124.00
0.324020	124.00
0.324040	124.00
0.324060	125.00
0.324080	125.00
0.324100	124.00
0.324120	124.00
0.324140	124.00
0.324160	125.00
0.324180	125.00
0.324200	125.00
0.324220	125.00
0.324240	125.00
0.324260	125.00
0.324280	126.00
0.324300	125.00
0.324320	124.00
0.324340	124.00
0.324360	124.00
0.324380	125.00
0.324400	124.00
0.324420	124.00
0.324440	124.00
0.324460	125.00
0.324480	125.00
0.324500	125.00
0.324520	125.00
0.324540	125.00
0.324560	125.00
0.324580	125.00
0.324600	124.00
0.324620	124.00
0.324640	125.00
0.324660	125.00
0.324680	126.00
0.324700	125.00
0.324720	124.00
0.324740	124.00
0.324760	124.00
0.324780	125.00
0.324800	125.00
0.324820	124.00
0.324840	124.00
0.324860	125.00
0.324880	125.00
0.324900	125.00
0.324920	125.00
0.324940	125.00
0.324960	125.00
0.324980	125.00
0.325000	125.00
0.325020	125.00
0.325040	124.00
0.325060	124.00
0.325080	124.00
0.325100	125.00
0.325120	124.00
0.325140	124.00
0.325160	124.00
0.325180	125.00
0.325200	124.00
0.325220	124.00
0.325240	124.00
0.325260	124.00
0.325280	123.00
0.325300	122.00
0.325320	121.00
0.325340	120.00
0.325360	120.00
0.325380	120.00
0.325400	122.00
0.325420	123.00
0.325440	126.00
0.325460	129.00
0.325480	133.00
0.325500	137.00
0.325520	141.00
0.325540	145.00
0.325560	147.00
0.325580	146.00
0.325600	143.00
0.325620	137.00
0.325640	128.00
0.325660	117.00
0.325680	107.00
0.325700	97.00
0.325720	89.00
0.325740	83.00
0.325760	79.00
0.325780	79.00
0.325800	82.00
0.325820	90.00
0.325840	104.00
0.325860	122.00
0.325880	141.00
0.325900	159.00
0.325920	174.00
0.325940	185.00
0.325960	192.00
0.325980	195.00
0.326000	194.00
0.326020	188.00
0.326040	176.00
0.326060	157.00
0.326080	131.00
0.326100	101.00
0.326120	70.00
0.326140	42.00
0.326160	20.00
0.326180	6.00
0.326200	1.00
0.326220	7.00
0.326240	24.00
0.326260	52.00
0.326280	91.00
0.326300	138.00
0.326320	185.00
0.326340	223.00
0.326360	247.00
0.326380	255.00
0.326400	255.00
0.326420	252.00
0.326440	241.00
0.326460	217.00
0.326480	175.00
0.326500	117.00
0.326520	57.00
0.326540	13.00
0.326560	0.00
0.326580	0.00
0.326600	6.00
0.326620	7.00
0.326640	0.00
0.326660	0.00
0.326680	11.00
0.326700	59.00
0.326720	128.00
0.326740	194.00
0.326760	239.00
0.326780	255.00
0.326800	255.00
0.326820	255.00
0.326840	255.00
0.326860	254.00
0.326880	241.00
0.326900	210.00
0.326920	159.00
0.326940	99.00
0.326960	45.00
0.326980	9.00
0.327000	0.00
0.327020	0.00
0.327040	4.00
0.327060	3.00
0.327080	0.00
0.327100	3.00
0.327120	30.00
0.327140	78.00
0.327160	135.00
0.327180	185.00
0.327200	219.00
0.327220	237.00
0.327240	245.00
0.327260	247.00
0.327280	241.00
0.327300	228.00
0.327320	207.00
0.327340	178.00
0.327360	145.00
0.327380	109.00
0.327400	75.00
0.327420	46.00
0.327440	27.00
0.327460	17.00
0.327480	16.00
0.327500	24.00
0.327520	39.00
0.327540	61.00
0.327560	87.00
0.327580	115.00
0.327600	140.00
0.327620	162.00
0.327640	179.00
0.327660	191.00
0.327680	195.00
0.327700	193.00
0.327720	186.00
0.327740	175.00
0.327760	160.00
0.327780	144.00
0.327800	126.00
0.327820	110.00
0.327840	97.00
0.327860	87.00
0.327880	81.00
0.327900	78.00
0.327920	80.00
0.327940	86.00
0.327960	95.00
0.327980	105.00
0.328000	116.00
0.328020	126.00
0.328040	136.00
0.328060	144.00
0.328080	151.00
0.328100	154.00
0.328120	154.00
0.328140	152.00
0.328160	148.00
0.328180	143.00
0.328200	136.00
0.328220	129.00
0.328240	122.00
0.328260	117.00
0.328280	112.00
0.328300	109.00
0.328320	107.00
0.328340	107.00
0.328360	108.00
0.328380	111.00
0.328400	114.00
0.328420	118.00
0.328440	122.00
0.328460	126.00
0.328480	130.00
0.328500	132.00
0.328520	134.00
0.328540	136.00
0.328560	136.00
0.328580	135.00
0.328600	133.00
0.328620	130.00
0.328640	128.00
0.328660	127.00
0.328680	124.00
0.328700	122.00
0.328720	119.00
0.328740	118.00
0.328760	118.00
0.328780	119.00
0.328800	119.00
0.328820	120.00
0.328840	122.00
0.328860	123.00
0.328880	125.00
0.328900	126.00
0.328920	127.00
0.328940	129.00
0.328960	130.00
0.328980	130.00
0.329000	129.00
0.329020	128.00
0.329040	128.00
0.329060	127.00
0.329080	126.00
0.329100	125.00
0.329120	124.00
0.329140	123.00
0.329160	123.00
0.329180	123.00
0.329200	122.00
0.329220	122.00
0.329240	123.00
0.329260	124.00
0.329280	124.00
0.329300	125.00
0.329320	125.00
0.329340	125.00
0.329360	126.00
0.329380	127.00
0.329400	127.00
0.329420	127.00
0.329440	127.00
0.329460	127.00
0.329480	127.00
0.329500	126.00
0.329520	126.00
0.329540	125.00
0.329560	125.00
0.329580	124.00
0.329600	123.00
0.329620	123.00
0.329640	123.00
0.329660	124.00
0.329680	124.00
0.329700	124.00
0.329720	124.00
0.329740	124.00
0.329760	125.00
0.329780	125.00
0.329800	126.00
0.329820	126.00
0.329840	126.00
0.329860	126.00
0.329880	126.00
0.329900	126.00
0.329920	126.00
0.329940	126.00
0.329960	126.00
0.329980	126.00
0.330000	125.00
0.330020	125.00
0.330040	125.00
0.330060	125.00
0.330080	125.00
0.330100	124.00
0.330120	124.00
0.330140	124.00
0.330160	125.00
0.330180	125.00
0.330200	125.00
0.330220	125.00
0.330240	125.00
0.330260	125.00
0.330280	126.00
0.330300	126.00
0.330320	125.00
0.330340	125.00
0.330360	125.00
0.330380	125.00
0.330400	125.00
0.330420	124.00
0.330440	124.00
0.330460	124.00
0.330480	124.00
0.330500	124.00
0.330520	124.00
0.330540	124.00
0.330560	125.00
0.330580	125.00
0.330600	125.00
0.330620	125.00
0.330640	125.00
0.330660	125.00
0.330680	125.00
0.330700	125.00
0.330720	125.00
0.330740	125.00
0.330760	125.00
0.330780	125.00
0.330800	125.00
0.330820	125.00
0.330840	125.00
0.330860	125.00
0.330880	125.00
0.330900	125.00
0.330920	125.00
0.330940	125.00
0.330960	125.00
0.330980	125.00
0.331000	125.00
0.331020	124.00
0.331040	125.00
0.331060	126.00
0.331080	126.00
0.331100	126.00
0.331120	126.00
0.331140	125.00
0.331160	125.00
0.331180	125.00
0.331200	125.00
0.331220	125.00
0.331240	125.00
0.331260	125.00
0.331280	125.00
0.331300	125.00
0.331320	125.00
0.331340	125.00
0.331360	125.00
0.331380	125.00
0.331400	125.00
0.331420	125.00
0.331440	125.00
0.331460	126.00
0.331480	126.00
0.331500	126.00
0.331520	126.00
0.331540	126.00
0.331560	127.00
0.331580	127.00
0.331600	127.00
0.331620	126.00
0.331640	125.00
0.331660	124.00
0.331680	123.00
0.331700	122.00
0.331720	121.00
0.331740	120.00
0.331760	120.00
0.331780	120.00
0.331800	120.00
0.331820	121.00
0.331840	123.00
0.331860	126.00
0.331880	129.00
0.331900	131.00
0.331920	133.00
0.331940	134.00
0.331960	135.00
0.331980	136.00
0.332000	135.00
0.332020	134.00
0.332040	131.00
0.332060	127.00
0.332080	123.00
0.332100	118.00
0.332120	114.00
0.332140	111.00
0.332160	109.00
0.332180	108.00
0.332200	108.00
0.332220	109.00
0.332240	111.00
0.332260	115.00
0.332280	121.00
0.332300	128.00
0.332320	135.00
0.332340	142.00
0.332360	149.00
0.332380	153.00
0.332400	156.00
0.332420	155.00
0.332440	152.00
0.332460	146.00
0.332480	137.00
0.332500	126.00
0.332520	114.00
0.332540	102.00
0.332560	92.00
0.332580	83.00
0.332600	78.00
0.332620	77.00
0.332640	82.00
0.332660	91.00
0.332680	104.00
0.332700	118.00
0.332720	134.00
0.332740	150.00
0.332760	164.00
0.332780	175.00
0.332800	182.00
0.332820	183.00
0.332840	179.00
0.332860	171.00
0.332880	159.00
0.332900	144.00
0.332920	126.00
0.332940	108.00
0.332960	92.00
0.332980	78.00
0.333000	69.00
0.333020	64.00
0.333040	65.00
0.333060	70.00
0.333080	80.00
0.333100	94.00
0.333120	110.00
0.333140	127.00
0.333160	143.00
0.333180	157.00
0.333200	168.00
0.333220	175.00
0.333240	177.00
0.333260	175.00
0.333280	169.00
0.333300	159.00
0.333320	147.00
0.333340	134.00
0.333360	121.00
0.333380	109.00
0.333400	98.00
0.333420	90.00
0.333440	86.00
0.333460	85.00
0.333480	88.00
0.333500	93.00
0.333520	100.00
0.333540	110.00
0.333560	120.00
0.333580	129.00
0.333600	138.00
0.333620	145.00
0.333640	150.00
0.333660	152.00
0.333680	153.00
0.333700	150.00
0.333720	146.00
0.333740	140.00
0.333760	134.00
0.333780	127.00
0.333800	120.00
0.333820	114.00
0.333840	110.00
0.333860	107.00
0.333880	106.00
0.333900	107.00
0.333920	108.00
0.333940	112.00
0.333960	116.00
0.333980	121.00
0.334000	125.00
0.334020	128.00
0.334040	132.00
0.334060	135.00
0.334080	137.00
0.334100	137.00
0.334120	136.00
0.334140	135.00
0.334160	133.00
0.334180	131.00
0.334200	128.00
0.334220	125.00
0.334240	122.00
0.334260	120.00
0.334280	119.00
0.334300	118.00
0.334320	118.00
0.334340	118.00
0.334360	118.00
0.334380	120.00
0.334400	121.00
0.334420	123.00
0.334440	125.00
0.334460	127.00
0.334480	128.00
0.334500	128.00
0.334520	129.00
0.334540	129.00
0.334560	129.00
0.334580	129.00
0.334600	128.00
0.334620	127.00
0.334640	126.00
0.334660	125.00
0.334680	124.00
0.334700	123.00
0.334720	123.00
0.334740	123.00
0.334760	123.00
0.334780	123.00
0.334800	123.00
0.334820	123.00
0.334840	124.00
0.334860	125.00
0.334880	126.00
0.334900	126.00
0.334920	126.00
0.334940	126.00
0.334960	126.00
0.334980	126.00
0.335000	126.00
0.335020	126.00
0.335040	126.00
0.335060	126.00
0.335080	125.00
0.335100	125.00
0.335120	124.00
0.335140	124.00
0.335160	124.00
0.335180	124.00
0.335200	124.00
0.335220	124.00
0.335240	124.00
0.335260	124.00
0.335280	125.00
0.335300	125.00
0.335320	125.00
0.335340	125.00
0.335360	125.00
0.335380	125.00
0.335400	126.00
0.335420	126.00
0.335440	126.00
0.335460	125.00
0.335480	125.00
0.335500	125.00
0.335520	125.00
0.335540	126.00
0.335560	126.00
0.335580	126.00
0.335600	125.00
0.335620	125.00
0.335640	125.00
0.335660	125.00
0.335680	125.00
0.335700	125.00
0.335720	125.00
0.335740	125.00
0.335760	125.00
0.335780	125.00
0.335800	124.00
0.335820	124.00
0.335840	124.00
0.335860	125.00
0.335880	125.00
0.335900	125.00
0.335920	125.00
0.335940	125.00
0.335960	125.00
0.335980	125.00
0.336000	125.00
0.336020	125.00
0.336040	126.00
0.336060	126.00
0.336080	126.00
0.336100	126.00
0.336120	125.00
0.336140	125.00
0.336160	125.00
0.336180	124.00
0.336200	124.00
0.336220	124.00
0.336240	124.00
0.336260	124.00
0.336280	125.00
0.336300	125.00
0.336320	125.00
0.336340	125.00
0.336360	125.00
0.336380	125.00
0.336400	125.00
0.336420	125.00
0.336440	125.00
0.336460	125.00
0.336480	125.00
0.336500	125.00
0.336520	125.00
0.336540	125.00
0.336560	125.00
0.336580	125.00
0.336600	125.00
0.336620	125.00
0.336640	125.00
0.336660	125.00
0.336680	124.00
0.336700	124.00
0.336720	124.00
0.336740	125.00
0.336760	126.00
0.336780	126.00
0.336800	126.00
0.336820	126.00
0.336840	126.00
0.336860	126.00
0.336880	125.00
0.336900	125.00
0.336920	125.00
0.336940	125.00
0.336960	124.00
0.336980	124.00
0.337000	125.00
0.337020	125.00
0.337040	125.00
0.337060	125.00
0.337080	125.00
0.337100	124.00
0.337120	124.00
0.337140	124.00
0.337160	124.00
0.337180	124.00
0.337200	124.00
0.337220	124.00
0.337240	125.00
0.337260	125.00
0.337280	125.00
0.337300	125.00
0.337320	125.00
0.337340	125.00
0.337360	125.00
0.337380	124.00
0.337400	124.00
0.337420	124.00
0.337440	124.00
0.337460	125.00
0.337480	125.00
0.337500	125.00
0.337520	124.00
0.337540	125.00
0.337560	125.00
0.337580	125.00
0.337600	125.00
0.337620	125.00
0.337640	125.00
0.337660	125.00
0.337680	125.00
0.337700	125.00
0.337720	125.00
0.337740	125.00
0.337760	125.00
0.337780	125.00
0.337800	125.00
0.337820	125.00
0.337840	125.00
0.337860	125.00
0.337880	124.00
0.337900	124.00
0.337920	123.00
0.337940	123.00
0.337960	123.00
0.337980	122.00
0.338000	122.00
0.338020	122.00
0.338040	123.00
0.338060	125.00
0.338080	126.00
0.338100	128.00
0.338120	129.00
0.338140	131.00
0.338160	131.00
0.338180	132.00
0.338200	131.00
0.338220	131.00
0.338240	129.00
0.338260	128.00
0.338280	125.00
0.338300	122.00
0.338320	120.00
0.338340	118.00
0.338360	117.00
0.338380	116.00
0.338400	115.00
0.338420	114.00
0.338440	116.00
0.338460	118.00
0.338480	121.00
0.338500	124.00
0.338520	128.00
0.338540	132.00
0.338560	137.00
0.338580	140.00
0.338600	143.00
0.338620	143.00
0.338640	143.00
0.338660	140.00
0.338680	135.00
0.338700	129.00
0.338720	122.00
0.338740	115.00
0.338760	108.00
0.338780	102.00
0.338800	98.00
0.338820	96.00
0.338840	97.00
0.338860	101.00
0.338880	108.00
0.338900	116.00
0.338920	125.00
0.338940	134.00
0.338960	143.00
0.338980	151.00
0.339000	157.00
0.339020	160.00
0.339040	160.00
0.339060	157.00
0.339080	150.00
0.339100	142.00
0.339120	131.00
0.339140	121.00
0.339160	110.00
0.339180	101.00
0.339200	94.00
0.339220	90.00
0.339240	89.00
0.339260	90.00
0.339280	95.00
0.339300	102.00
0.339320	111.00
0.339340	121.00
0.339360	131.00
0.339380	140.00
0.339400	148.00
0.339420	153.00
0.339440	155.00
0.339460	155.00
0.339480	152.00
0.339500	147.00
0.339520	141.00
0.339540	134.00
0.339560	127.00
0.339580	119.00
0.339600	112.00
0.339620	107.00
0.339640	103.00
0.339660	102.00
0.339680	103.00
0.339700	105.00
0.339720	109.00
0.339740	114.00
0.339760	120.00
0.339780	125.00
0.339800	130.00
0.339820	135.00
0.339840	137.00
0.339860	139.00
0.339880	140.00
0.339900	139.00
0.339920	138.00
0.339940	135.00
0.339960	131.00
0.339980	128.00
0.340000	124.00
0.340020	121.00
0.340040	118.00
0.340060	116.00
0.340080	116.00
0.340100	116.00
0.340120	117.00
0.340140	119.00
0.340160	121.00
0.340180	122.00
0.340200	123.00
0.340220	125.00
0.340240	127.00
0.340260	128.00
0.340280	130.00
0.340300	130.00
0.340320	130.00
0.340340	129.00
0.340360	128.00
0.340380	127.00
0.340400	125.00
0.340420	124.00
0.340440	124.00
0.340460	123.00
0.340480	123.00
0.340500	122.00
0.340520	122.00
0.340540	122.00
0.340560	123.00
0.340580	124.00
0.340600	124.00
0.340620	125.00
0.340640	126.00
0.340660	127.00
0.340680	127.00
0.340700	127.00
0.340720	127.00
0.340740	126.00
0.340760	126.00
0.340780	126.00
0.340800	126.00
0.340820	125.00
0.340840	125.00
0.340860	125.00
0.340880	125.00
0.340900	124.00
0.340920	124.00
0.340940	124.00
0.340960	124.00
0.340980	124.00
0.341000	124.00
0.341020	124.00
0.341040	125.00
0.341060	125.00
0.341080	125.00
0.341100	125.00
0.341120	125.00
0.341140	125.00
0.341160	126.00
0.341180	127.00
0.341200	126.00
0.341220	125.00
0.341240	124.00
0.341260	124.00
0.341280	124.00
0.341300	124.00
0.341320	124.00
0.341340	124.00
0.341360	124.00
0.341380	125.00
0.341400	125.00
0.341420	125.00
0.341440	125.00
0.341460	125.00
0.341480	124.00
0.341500	124.00
0.341520	124.00
0.341540	124.00
0.341560	124.00
0.341580	124.00
0.341600	124.00
0.341620	124.00
0.341640	124.00
0.341660	124.00
0.341680	125.00
0.341700	125.00
0.341720	125.00
0.341740	126.00
0.341760	126.00
0.341780	126.00
0.341800	125.00
0.341820	125.00
0.341840	125.00
0.341860	125.00
0.341880	125.00
0.341900	125.00
0.341920	124.00
0.341940	124.00
0.341960	124.00
0.341980	124.00
0.342000	124.00
0.342020	123.00
0.342040	123.00
0.342060	124.00
0.342080	125.00
0.342100	125.00
0.342120	125.00
0.342140	125.00
0.342160	126.00
0.342180	126.00
0.342200	126.00
0.342220	126.00
0.342240	126.00
0.342260	126.00
0.342280	126.00
0.342300	126.00
0.342320	125.00
0.342340	124.00
0.342360	124.00
0.342380	124.00
0.342400	124.00
0.342420	124.00
0.342440	124.00
0.342460	124.00
0.342480	124.00
0.342500	125.00
0.342520	125.00
0.342540	125.00
0.342560	125.00
0.342580	125.00
0.342600	126.00
0.342620	126.00
0.342640	126.00
0.342660	126.00
0.342680	126.00
0.342700	125.00
0.342720	125.00
0.342740	125.00
0.342760	125.00
0.342780	125.00
0.342800	125.00
0.342820	124.00
0.342840	124.00
0.342860	124.00
0.342880	124.00
0.342900	124.00
0.342920	124.00
0.342940	124.00
0.342960	125.00
0.342980	126.00
0.343000	126.00
0.343020	125.00
0.343040	125.00
0.343060	125.00
0.343080	125.00
0.343100	125.00
0.343120	124.00
0.343140	125.00
0.343160	125.00
0.343180	125.00
0.343200	125.00
0.343220	125.00
0.343240	124.00
0.343260	124.00
0.343280	124.00
0.343300	124.00
0.343320	124.00
0.343340	124.00
0.343360	125.00
0.343380	125.00
0.343400	125.00
0.343420	125.00
0.343440	125.00
0.343460	125.00
0.343480	125.00
0.343500	125.00
0.343520	125.00
0.343540	125.00
0.343560	125.00
0.343580	125.00
0.343600	125.00
0.343620	124.00
0.343640	124.00
0.343660	125.00
0.343680	125.00
0.343700	124.00
0.343720	124.00
0.343740	124.00
0.343760	124.00
0.343780	124.00
0.343800	125.00
0.343820	125.00
0.343840	125.00
0.343860	126.00
0.343880	126.00
0.343900	126.00
0.343920	125.00
0.343940	126.00
0.343960	126.00
0.343980	126.00
0.344000	126.00
0.344020	126.00
0.344040	125.00
0.344060	125.00
0.344080	125.00
0.344100	125.00
0.344120	124.00
0.344140	124.00
0.344160	124.00
0.344180	123.00
0.344200	123.00
0.344220	123.00
0.344240	123.00
0.344260	124.00
0.344280	125.00
0.344300	126.00
0.344320	127.00
0.344340	128.00
0.344360	129.00
0.344380	129.00
0.344400	129.00
0.344420	129.00
0.344440	128.00
0.344460	127.00
0.344480	126.00
0.344500	124.00
0.344520	123.00
0.344540	121.00
0.344560	120.00
0.344580	119.00
0.344600	118.00
0.344620	118.00
0.344640	118.00
0.344660	119.00
0.344680	121.00
0.344700	123.00
0.344720	125.00
0.344740	128.00
0.344760	131.00
0.344780	134.00
0.344800	136.00
0.344820	137.00
0.344840	137.00
0.344860	136.00
0.344880	134.00
0.344900	131.00
0.344920	126.00
0.344940	121.00
0.344960	116.00
0.344980	112.00
0.345000	109.00
0.345020	107.00
0.345040	106.00
0.345060	108.00
0.345080	111.00
0.345100	115.00
0.345120	121.00
0.345140	127.00
0.345160	134.00
0.345180	139.00
0.345200	144.00
0.345220	147.00
0.345240	148.00
0.345260	147.00
0.345280	144.00
0.345300	139.00
0.345320	133.00
0.345340	126.00
0.345360	120.00
0.345380	114.00
0.345400	108.00
0.345420	104.00
0.345440	101.00
0.345460	101.00
0.345480	103.00
0.345500	107.00
0.345520	112.00
0.345540	118.00
0.345560	124.00
0.345580	130.00
0.345600	136.00
0.345620	141.00
0.345640	144.00
0.345660	145.00
0.345680	145.00
0.345700	143.00
0.345720	139.00
0.345740	135.00
0.345760	129.00
0.345780	124.00
0.345800	119.00
0.345820	115.00
0.345840	111.00
0.345860	109.00
0.345880	109.00
0.345900	110.00
0.345920	112.00
0.345940	115.00
0.345960	119.00
0.345980	122.00
0.346000	126.00
0.346020	130.00
0.346040	133.00
0.346060	135.00
0.346080	136.00
0.346100	136.00
0.346120	135.00
0.346140	133.00
0.346160	132.00
0.346180	129.00
0.346200	127.00
0.346220	124.00
0.346240	120.00
0.346260	118.00
0.346280	117.00
0.346300	117.00
0.346320	117.00
0.346340	118.00
0.346360	119.00
0.346380	120.00
0.346400	122.00
0.346420	124.00
0.346440	126.00
0.346460	128.00
0.346480	130.00
0.346500	131.00
0.346520	132.00
0.346540	132.00
0.346560	132.00
0.346580	130.00
0.346600	129.00
0.346620	127.00
0.346640	125.00
0.346660	124.00
0.346680	123.00
0.346700	122.00
0.346720	122.00
0.346740	121.00
0.346760	121.00
0.346780	121.00
0.346800	122.00
0.346820	123.00
0.346840	123.00
0.346860	124.00
0.346880	125.00
0.346900	126.00
0.346920	127.00
0.346940	128.00
0.346960	128.00
0.346980	128.00
0.347000	128.00
0.347020	127.00
0.347040	127.00
0.347060	126.00
0.347080	125.00
0.347100	125.00
0.347120	124.00
0.347140	124.00
0.347160	124.00
0.347180	123.00
0.347200	123.00
0.347220	123.00
0.347240	124.00
0.347260	125.00
0.347280	125.00
0.347300	125.00
0.347320	125.00
0.347340	125.00
0.347360	126.00
0.347380	126.00
0.347400	126.00
0.347420	126.00
0.347440	126.00
0.347460	126.00
0.347480	126.00
0.347500	125.00
0.347520	125.00
0.347540	124.00
0.347560	124.00
0.347580	124.00
0.347600	124.00
0.347620	124.00
0.347640	124.00
0.347660	124.00
0.347680	125.00
0.347700	125.00
0.347720	125.00
0.347740	126.00
0.347760	126.00
0.347780	126.00
0.347800	125.00
0.347820	125.00
0.347840	125.00
0.347860	125.00
0.347880	125.00
0.347900	125.00
0.347920	125.00
0.347940	125.00
0.347960	125.00
0.347980	125.00
0.348000	125.00
0.348020	124.00
0.348040	124.00
0.348060	124.00
0.348080	124.00
0.348100	124.00
0.348120	124.00
0.348140	124.00
0.348160	125.00
0.348180	125.00
0.348200	125.00
0.348220	125.00
0.348240	125.00
0.348260	125.00
0.348280	125.00
0.348300	125.00
0.348320	126.00
0.348340	126.00
0.348360	126.00
0.348380	126.00
0.348400	126.00
0.348420	126.00
0.348440	125.00
0.348460	125.00
0.348480	125.00
0.348500	125.00
0.348520	124.00
0.348540	124.00
0.348560	124.00
0.348580	124.00
0.348600	124.00
0.348620	124.00
0.348640	124.00
0.348660	124.00
0.348680	124.00
0.348700	124.00
0.348720	124.00
0.348740	124.00
0.348760	125.00
0.348780	125.00
0.348800	126.00
0.348820	126.00
0.348840	125.00
0.348860	125.00
0.348880	125.00
0.348900	125.00
0.348920	125.00
0.348940	125.00
0.348960	125.00
0.348980	125.00
0.349000	125.00
0.349020	124.00
0.349040	124.00
0.349060	124.00
0.349080	124.00
0.349100	125.00
0.349120	125.00
0.349140	125.00
0.349160	125.00
0.349180	125.00
0.349200	125.00
0.349220	125.00
0.349240	125.00
0.349260	125.00
0.349280	125.00
0.349300	125.00
0.349320	125.00
0.349340	125.00
0.349360	125.00
0.349380	125.00
0.349400	125.00
0.349420	125.00
0.349440	125.00
0.349460	124.00
0.349480	124.00
0.349500	124.00
0.349520	124.00
0.349540	124.00
0.349560	124.00
0.349580	124.00
0.349600	124.00
0.349620	125.00
0.349640	125.00
0.349660	125.00
0.349680	124.00
0.349700	124.00
0.349720	124.00
0.349740	125.00
0.349760	125.00
0.349780	125.00
0.349800	125.00
0.349820	125.00
0.349840	125.00
0.349860	125.00
0.349880	125.00
0.349900	125.00
0.349920	125.00
0.349940	125.00
0.349960	125.00
0.349980	125.00
0.350000	125.00
0.350020	125.00
0.350040	125.00
0.350060	124.00
0.350080	125.00
0.350100	125.00
0.350120	125.00
0.350140	125.00
0.350160	125.00
0.350180	125.00
0.350200	125.00
0.350220	125.00
0.350240	125.00
0.350260	125.00
0.350280	125.00
0.350300	125.00
0.350320	125.00
0.350340	125.00
0.350360	124.00
0.350380	123.00
0.350400	123.00
0.350420	123.00
0.350440	124.00
0.350460	124.00
0.350480	124.00
0.350500	125.00
0.350520	126.00
0.350540	127.00
0.350560	128.00
0.350580	128.00
0.350600	128.00
0.350620	128.00
0.350640	127.00
0.350660	127.00
0.350680	126.00
0.350700	125.00
0.350720	124.00
0.350740	123.00
0.350760	122.00
0.350780	121.00
0.350800	121.00
0.350820	121.00
0.350840	121.00
0.350860	121.00
0.350880	122.00
0.350900	123.00
0.350920	124.00
0.350940	126.00
0.350960	128.00
0.350980	129.00
0.351000	131.00
0.351020	132.00
0.351040	133.00
0.351060	133.00
0.351080	132.00
0.351100	130.00
0.351120	128.00
0.351140	125.00
0.351160	122.00
0.351180	118.00
0.351200	116.00
0.351220	114.00
0.351240	114.00
0.351260	114.00
0.351280	115.00
0.351300	117.00
0.351320	121.00
0.351340	125.00
0.351360	129.00
0.351380	133.00
0.351400	136.00
0.351420	138.00
0.351440	140.00
0.351460	140.00
0.351480	138.00
0.351500	136.00
0.351520	132.00
0.351540	128.00
0.351560	124.00
0.351580	120.00
0.351600	116.00
0.351620	112.00
0.351640	110.00
0.351660	109.00
0.351680	110.00
0.351700	112.00
0.351720	115.00
0.351740	119.00
0.351760	123.00
0.351780	127.00
0.351800	131.00
0.351820	134.00
0.351840	136.00
0.351860	137.00
0.351880	137.00
0.351900	136.00
0.351920	135.00
0.351940	132.00
0.351960	129.00
0.351980	126.00
0.352000	123.00
0.352020	120.00
0.352040	118.00
0.352060	117.00
0.352080	117.00
0.352100	117.00
0.352120	118.00
0.352140	120.00
0.352160	122.00
0.352180	124.00
0.352200	125.00
0.352220	127.00
0.352240	129.00
0.352260	130.00
0.352280	130.00
0.352300	130.00
0.352320	129.00
0.352340	128.00
0.352360	127.00
0.352380	126.00
0.352400	125.00
0.352420	123.00
0.352440	122.00
0.352460	121.00
0.352480	121.00
0.352500	121.00
0.352520	121.00
0.352540	122.00
0.352560	123.00
0.352580	124.00
0.352600	125.00
0.352620	126.00
0.352640	126.00
0.352660	127.00
0.352680	127.00
0.352700	127.00
0.352720	126.00
0.352740	126.00
0.352760	126.00
0.352780	125.00
0.352800	125.00
0.352820	125.00
0.352840	124.00
0.352860	123.00
0.352880	123.00
0.352900	124.00
0.352920	124.00
0.352940	125.00
0.352960	125.00
0.352980	125.00
0.353000	125.00
0.353020	126.00
0.353040	126.00
0.353060	126.00
0.353080	126.00
0.353100	126.00
0.353120	126.00
0.353140	125.00
0.353160	125.00
0.353180	125.00
0.353200	125.00
0.353220	124.00
0.353240	124.00
0.353260	123.00
0.353280	123.00
0.353300	123.00
0.353320	124.00
0.353340	124.00
0.353360	124.00
0.353380	124.00
0.353400	125.00
0.353420	125.00
0.353440	126.00
0.353460	126.00
0.353480	126.00
0.353500	125.00
0.353520	125.00
0.353540	126.00
0.353560	126.00
0.353580	126.00
0.353600	125.00
0.353620	125.00
0.353640	124.00
0.353660	125.00
0.353680	125.00
0.353700	125.00
0.353720	125.00
0.353740	125.00
0.353760	125.00
0.353780	125.00
0.353800	125.00
0.353820	125.00
0.353840	125.00
0.353860	125.00
0.353880	125.00
0.353900	125.00
0.353920	125.00
0.353940	125.00
0.353960	125.00
0.353980	125.00
0.354000	125.00
0.354020	125.00
0.354040	125.00
0.354060	125.00
0.354080	125.00
0.354100	125.00
0.354120	125.00
0.354140	125.00
0.354160	125.00
0.354180	125.00
0.354200	124.00
0.354220	124.00
0.354240	124.00
0.354260	125.00
0.354280	125.00
0.354300	125.00
0.354320	125.00
0.354340	125.00
0.354360	125.00
0.354380	125.00
0.354400	125.00
0.354420	125.00
0.354440	124.00
0.354460	124.00
0.354480	125.00
0.354500	125.00
0.354520	125.00
0.354540	125.00
0.354560	125.00
0.354580	125.00
0.354600	126.00
0.354620	125.00
0.354640	125.00
0.354660	124.00
0.354680	124.00
0.354700	125.00
0.354720	125.00
0.354740	125.00
0.354760	124.00
0.354780	123.00
0.354800	123.00
0.354820	123.00
0.354840	124.00
0.354860	124.00
0.354880	125.00
0.354900	125.00
0.354920	125.00
0.354940	126.00
0.354960	126.00
0.354980	126.00
0.355000	126.00
0.355020	126.00
0.355040	126.00
0.355060	126.00
0.355080	126.00
0.355100	126.00
0.355120	126.00
0.355140	125.00
0.355160	124.00
0.355180	124.00
0.355200	124.00
0.355220	123.00
0.355240	123.00
0.355260	123.00
0.355280	124.00
0.355300	125.00
0.355320	125.00
0.355340	124.00
0.355360	124.00
0.355380	125.00
0.355400	126.00
0.355420	127.00
0.355440	127.00
0.355460	127.00
0.355480	126.00
0.355500	126.00
0.355520	126.00
0.355540	125.00
0.355560	125.00
0.355580	125.00
0.355600	125.00
0.355620	124.00
0.355640	124.00
0.355660	124.00
0.355680	123.00
0.355700	123.00
0.355720	124.00
0.355740	123.00
0.355760	123.00
0.355780	124.00
0.355800	124.00
0.355820	124.00
0.355840	125.00
0.355860	125.00
0.355880	126.00
0.355900	126.00
0.355920	126.00
0.355940	126.00
0.355960	126.00
0.355980	126.00
0.356000	125.00
0.356020	125.00
0.356040	125.00
0.356060	125.00
0.356080	125.00
0.356100	125.00
0.356120	124.00
0.356140	124.00
0.356160	124.00
0.356180	124.00
0.356200	124.00
0.356220	124.00
0.356240	124.00
0.356260	125.00
0.356280	125.00
0.356300	126.00
0.356320	126.00
0.356340	126.00
0.356360	126.00
0.356380	126.00
0.356400	126.00
0.356420	126.00
0.356440	126.00
0.356460	126.00
0.356480	125.00
0.356500	124.00
0.356520	124.00
0.356540	124.00
0.356560	124.00
0.356580	124.00
0.356600	124.00
0.356620	124.00
0.356640	124.00
0.356660	124.00
0.356680	124.00
0.356700	124.00
0.356720	125.00
0.356740	126.00
0.356760	126.00
0.356780	127.00
0.356800	127.00
0.356820	127.00
0.356840	126.00
0.356860	126.00
0.356880	125.00
0.356900	125.00
0.356920	124.00
0.356940	123.00
0.356960	123.00
0.356980	123.00
0.357000	122.00
0.357020	122.00
0.357040	122.00
0.357060	122.00
0.357080	122.00
0.357100	122.00
0.357120	124.00
0.357140	125.00
0.357160	126.00
0.357180	127.00
0.357200	128.00
0.357220	129.00
0.357240	130.00
0.357260	130.00
0.357280	130.00
0.357300	129.00
0.357320	128.00
0.357340	126.00
0.357360	124.00
0.357380	122.00
0.357400	119.00
0.357420	117.00
0.357440	117.00
0.357460	117.00
0.357480	117.00
0.357500	119.00
0.357520	120.00
0.357540	123.00
0.357560	126.00
0.357580	128.00
0.357600	131.00
0.357620	133.00
0.357640	134.00
0.357660	135.00
0.357680	135.00
0.357700	134.00
0.357720	131.00
0.357740	129.00
0.357760	126.00
0.357780	123.00
0.357800	120.00
0.357820	118.00
0.357840	116.00
0.357860	115.00
0.357880	115.00
0.357900	115.00
0.357920	116.00
0.357940	118.00
0.357960	121.00
0.357980	124.00
0.358000	127.00
0.358020	130.00
0.358040	131.00
0.358060	133.00
0.358080	133.00
0.358100	133.00
0.358120	133.00
0.358140	132.00
0.358160	130.00
0.358180	128.00
0.358200	126.00
0.358220	124.00
0.358240	122.00
0.358260	120.00
0.358280	119.00
0.358300	118.00
0.358320	118.00
0.358340	118.00
0.358360	119.00
0.358380	120.00
0.358400	122.00
0.358420	124.00
0.358440	125.00
0.358460	126.00
0.358480	127.00
0.358500	128.00
0.358520	129.00
0.358540	129.00
0.358560	129.00
0.358580	128.00
0.358600	128.00
0.358620	127.00
0.358640	126.00
0.358660	125.00
0.358680	124.00
0.358700	123.00
0.358720	123.00
0.358740	123.00
0.358760	122.00
0.358780	122.00
0.358800	122.00
0.358820	123.00
0.358840	123.00
0.358860	124.00
0.358880	125.00
0.358900	125.00
0.358920	126.00
0.358940	127.00
0.358960	127.00
0.358980	127.00
0.359000	127.00
0.359020	127.00
0.359040	127.00
0.359060	127.00
0.359080	127.00
0.359100	126.00
0.359120	125.00
0.359140	125.00
0.359160	125.00
0.359180	124.00
0.359200	124.00
0.359220	124.00
0.359240	124.00
0.359260	124.00
0.359280	124.00
0.359300	124.00
0.359320	124.00
0.359340	125.00
0.359360	125.00
0.359380	125.00
0.359400	125.00
0.359420	125.00
0.359440	125.00
0.359460	126.00
0.359480	126.00
0.359500	126.00
0.359520	126.00
0.359540	126.00
0.359560	126.00
0.359580	125.00
0.359600	124.00
0.359620	124.00
0.359640	124.00
0.359660	125.00
0.359680	125.00
0.359700	125.00
0.359720	125.00
0.359740	124.00
0.359760	124.00
0.359780	124.00
0.359800	124.00
0.359820	125.00
0.359840	125.00
0.359860	125.00
0.359880	125.00
0.359900	125.00
0.359920	125.00
0.359940	125.00
0.359960	125.00
0.359980	126.00
