0.320000	101.00
0.320020	49.00
0.320040	101.00
0.320060	140.00
0.320080	143.00
0.320100	125.00
0.320120	112.00
0.320140	118.00
0.320160	131.00
0.320180	133.00
0.320200	125.00
0.320220	118.00
0.320240	121.00
0.320260	128.00
0.320280	130.00
0.320300	124.00
0.320320	120.00
0.320340	122.00
0.320360	128.00
0.320380	129.00
0.320400	125.00
0.320420	121.00
0.320440	123.00
0.320460	127.00
0.320480	128.00
0.320500	125.00
0.320520	122.00
0.320540	123.00
0.320560	126.00
0.320580	127.00
0.320600	125.00
0.320620	123.00
0.320640	124.00
0.320660	127.00
0.320680	127.00
0.320700	125.00
0.320720	123.00
0.320740	124.00
0.320760	127.00
0.320780	127.00
0.320800	125.00
0.320820	123.00
0.320840	124.00
0.320860	126.00
0.320880	127.00
0.320900	125.00
0.320920	123.00
0.320940	124.00
0.320960	126.00
0.320980	126.00
0.321000	124.00
0.321020	123.00
0.321040	123.00
0.321060	125.00
0.321080	126.00
0.321100	125.00
0.321120	123.00
0.321140	124.00
0.321160	125.00
0.321180	126.00
0.321200	125.00
0.321220	124.00
0.321240	124.00
0.321260	126.00
0.321280	126.00
0.321300	125.00
0.321320	124.00
0.321340	125.00
0.321360	126.00
0.321380	126.00
0.321400	125.00
0.321420	124.00
0.321440	124.00
0.321460	126.00
0.321480	126.00
0.321500	125.00
0.321520	124.00
0.321540	124.00
0.321560	126.00
0.321580	126.00
0.321600	125.00
0.321620	124.00
0.321640	124.00
0.321660	125.00
0.321680	125.00
0.321700	124.00
0.321720	123.00
0.321740	124.00
0.321760	125.00
0.321780	125.00
0.321800	124.00
0.321820	123.00
0.321840	124.00
0.321860	125.00
0.321880	125.00
0.321900	125.00
0.321920	124.00
0.321940	124.00
0.321960	125.00
0.321980	125.00
0.322000	124.00
0.322020	124.00
0.322040	124.00
0.322060	125.00
0.322080	126.00
0.322100	125.00
0.322120	125.00
0.322140	125.00
0.322160	126.00
0.322180	126.00
0.322200	125.00
0.322220	124.00
0.322240	124.00
0.322260	125.00
0.322280	125.00
0.322300	124.00
0.322320	124.00
0.322340	124.00
0.322360	125.00
0.322380	125.00
0.322400	124.00
0.322420	124.00
0.322440	125.00
0.322460	126.00
0.322480	126.00
0.322500	125.00
0.322520	125.00
0.322540	125.00
0.322560	126.00
0.322580	126.00
0.322600	125.00
0.322620	124.00
0.322640	124.00
0.322660	124.00
0.322680	125.00
0.322700	124.00
0.322720	124.00
0.322740	124.00
0.322760	125.00
0.322780	125.00
0.322800	124.00
0.322820	124.00
0.322840	124.00
0.322860	125.00
0.322880	125.00
0.322900	125.00
0.322920	124.00
0.322940	124.00
0.322960	125.00
0.322980	125.00
0.323000	124.00
0.323020	124.00
0.323040	124.00
0.323060	125.00
0.323080	125.00
0.323100	124.00
0.323120	124.00
0.323140	125.00
0.323160	125.00
0.323180	125.00
0.323200	124.00
0.323220	124.00
0.323240	124.00
0.323260	125.00
0.323280	126.00
0.323300	126.00
0.323320	125.00
0.323340	125.00
0.323360	126.00
0.323380	126.00
0.323400	125.00
0.323420	125.00
0.323440	125.00
0.323460	126.00
0.323480	125.00
0.323500	124.00
0.323520	124.00
0.323540	124.00
0.323560	124.00
0.323580	125.00
0.323600	124.00
0.323620	124.00
0.323640	124.00
0.323660	124.00
0.323680	125.00
0.323700	124.00
0.323720	124.00
0.323740	125.00
0.323760	126.00
0.323780	126.00
0.323800	125.00
0.323820	124.00
0.323840	125.00
0.323860	125.00
0.323880	125.00
0.323900	124.00
0.323920	124.00
0.323940	125.00
0.323960	125.00
0.323980	125.00
0.324000	124.00
0.324020	124.00
0.324040	124.00
0.324060	125.00
0.324080	125.00
0.324100	125.00
0.324120	124.00
0.324140	124.00
0.324160	124.00
0.324180	125.00
0.324200	125.00
0.324220	125.00
0.324240	125.00
0.324260	126.00
0.324280	126.00
0.324300	125.00
0.324320	125.00
0.324340	125.00
0.324360	126.00
0.324380	126.00
0.324400	125.00
0.324420	124.00
0.324440	124.00
0.324460	125.00
0.324480	125.00
0.324500	125.00
0.324520	125.00
0.324540	125.00
0.324560	125.00
0.324580	125.00
0.324600	125.00
0.324620	125.00
0.324640	125.00
0.324660	125.00
0.324680	125.00
0.324700	125.00
0.324720	124.00
0.324740	124.00
0.324760	124.00
0.324780	124.00
0.324800	124.00
0.324820	124.00
0.324840	124.00
0.324860	124.00
0.324880	124.00
0.324900	125.00
0.324920	125.00
0.324940	125.00
0.324960	125.00
0.324980	125.00
0.325000	125.00
0.325020	124.00
0.325040	124.00
0.325060	124.00
0.325080	124.00
0.325100	124.00
0.325120	124.00
0.325140	125.00
0.325160	125.00
0.325180	124.00
0.325200	123.00
0.325220	122.00
0.325240	122.00
0.325260	121.00
0.325280	120.00
0.325300	120.00
0.325320	121.00
0.325340	123.00
0.325360	126.00
0.325380	129.00
0.325400	133.00
0.325420	137.00
0.325440	142.00
0.325460	146.00
0.325480	148.00
0.325500	147.00
0.325520	144.00
0.325540	138.00
0.325560	129.00
0.325580	118.00
0.325600	107.00
0.325620	97.00
0.325640	89.00
0.325660	83.00
0.325680	79.00
0.325700	78.00
0.325720	82.00
0.325740	90.00
0.325760	104.00
0.325780	121.00
0.325800	139.00
0.325820	157.00
0.325840	173.00
0.325860	184.00
0.325880	191.00
0.325900	194.00
0.325920	194.00
0.325940	189.00
0.325960	177.00
0.325980	158.00
0.326000	132.00
0.326020	103.00
0.326040	72.00
0.326060	43.00
0.326080	20.00
0.326100	5.00
0.326120	1.00
0.326140	6.00
0.326160	23.00
0.326180	50.00
0.326200	88.00
0.326220	135.00
0.326240	183.00
0.326260	222.00
0.326280	246.00
0.326300	255.00
0.326320	255.00
0.326340	252.00
0.326360	242.00
0.326380	219.00
0.326400	177.00
0.326420	121.00
0.326440	61.00
0.326460	16.00
0.326480	0.00
0.326500	0.00
0.326520	5.00
0.326540	7.00
0.326560	0.00
0.326580	0.00
0.326600	9.00
0.326620	56.00
0.326640	125.00
0.326660	192.00
0.326680	237.00
0.326700	255.00
0.326720	255.00
0.326740	255.00
0.326760	255.00
0.326780	254.00
0.326800	242.00
0.326820	211.00
0.326840	162.00
0.326860	103.00
0.326880	47.00
0.326900	10.00
0.326920	0.00
0.326940	0.00
0.326960	4.00
0.326980	3.00
0.327000	0.00
0.327020	1.00
0.327040	26.00
0.327060	73.00
0.327080	130.00
0.327100	181.00
0.327120	216.00
0.327140	236.00
0.327160	245.00
0.327180	247.00
0.327200	242.00
0.327220	229.00
0.327240	208.00
0.327260	181.00
0.327280	147.00
0.327300	112.00
0.327320	77.00
0.327340	48.00
0.327360	28.00
0.327380	17.00
0.327400	16.00
0.327420	23.00
0.327440	38.00
0.327460	60.00
0.327480	86.00
0.327500	113.00
0.327520	138.00
0.327540	160.00
0.327560	178.00
0.327580	190.00
0.327600	194.00
0.327620	193.00
0.327640	186.00
0.327660	175.00
0.327680	161.00
0.327700	145.00
0.327720	127.00
0.327740	111.00
0.327760	97.00
0.327780	87.00
0.327800	81.00
0.327820	78.00
0.327840	80.00
0.327860	86.00
0.327880	94.00
0.327900	104.00
0.327920	114.00
0.327940	125.00
0.327960	136.00
0.327980	144.00
0.328000	150.00
0.328020	153.00
0.328040	153.00
0.328060	152.00
0.328080	149.00
0.328100	143.00
0.328120	137.00
0.328140	130.00
0.328160	124.00
0.328180	118.00
0.328200	113.00
0.328220	109.00
0.328240	107.00
0.328260	107.00
0.328280	108.00
0.328300	110.00
0.328320	114.00
0.328340	118.00
0.328360	123.00
0.328380	127.00
0.328400	130.00
0.328420	132.00
0.328440	134.00
0.328460	136.00
0.328480	136.00
0.328500	136.00
0.328520	134.00
0.328540	132.00
0.328560	129.00
0.328580	127.00
0.328600	124.00
0.328620	122.00
0.328640	120.00
0.328660	119.00
0.328680	118.00
0.328700	118.00
0.328720	118.00
0.328740	119.00
0.328760	121.00
0.328780	123.00
0.328800	124.00
0.328820	126.00
0.328840	127.00
0.328860	128.00
0.328880	129.00
0.328900	130.00
0.328920	129.00
0.328940	129.00
0.328960	128.00
0.328980	127.00
0.329000	126.00
0.329020	125.00
0.329040	124.00
0.329060	123.00
0.329080	122.00
0.329100	122.00
0.329120	121.00
0.329140	122.00
0.329160	122.00
0.329180	123.00
0.329200	123.00
0.329220	124.00
0.329240	125.00
0.329260	126.00
0.329280	127.00
0.329300	127.00
0.329320	127.00
0.329340	127.00
0.329360	127.00
0.329380	127.00
0.329400	127.00
0.329420	126.00
0.329440	126.00
0.329460	126.00
0.329480	125.00
0.329500	125.00
0.329520	124.00
0.329540	124.00
0.329560	124.00
0.329580	124.00
0.329600	124.00
0.329620	124.00
0.329640	125.00
0.329660	126.00
0.329680	126.00
0.329700	126.00
0.329720	126.00
0.329740	126.00
0.329760	126.00
0.329780	127.00
0.329800	126.00
0.329820	126.00
0.329840	125.00
0.329860	125.00
0.329880	125.00
0.329900	125.00
0.329920	124.00
0.329940	124.00
0.329960	124.00
0.329980	124.00
0.330000	124.00
0.330020	124.00
0.330040	124.00
0.330060	124.00
0.330080	125.00
0.330100	125.00
0.330120	125.00
0.330140	125.00
0.330160	125.00
0.330180	125.00
0.330200	125.00
0.330220	125.00
0.330240	125.00
0.330260	125.00
0.330280	125.00
0.330300	124.00
0.330320	124.00
0.330340	124.00
0.330360	125.00
0.330380	125.00
0.330400	125.00
0.330420	125.00
0.330440	125.00
0.330460	125.00
0.330480	125.00
0.330500	125.00
0.330520	125.00
0.330540	125.00
0.330560	125.00
0.330580	125.00
0.330600	125.00
0.330620	125.00
0.330640	125.00
0.330660	126.00
0.330680	126.00
0.330700	126.00
0.330720	125.00
0.330740	125.00
0.330760	125.00
0.330780	125.00
0.330800	125.00
0.330820	125.00
0.330840	125.00
0.330860	126.00
0.330880	126.00
0.330900	126.00
0.330920	125.00
0.330940	125.00
0.330960	125.00
0.330980	125.00
0.331000	125.00
0.331020	125.00
0.331040	125.00
0.331060	125.00
0.331080	125.00
0.331100	125.00
0.331120	125.00
0.331140	126.00
0.331160	126.00
0.331180	126.00
0.331200	125.00
0.331220	125.00
0.331240	125.00
0.331260	125.00
0.331280	126.00
0.331300	125.00
0.331320	124.00
0.331340	124.00
0.331360	124.00
0.331380	125.00
0.331400	125.00
0.331420	125.00
0.331440	125.00
0.331460	126.00
0.331480	126.00
0.331500	126.00
0.331520	125.00
0.331540	125.00
0.331560	125.00
0.331580	124.00
0.331600	123.00
0.331620	122.00
0.331640	121.00
0.331660	120.00
0.331680	120.00
0.331700	120.00
0.331720	120.00
0.331740	121.00
0.331760	123.00
0.331780	126.00
0.331800	128.00
0.331820	131.00
0.331840	133.00
0.331860	135.00
0.331880	136.00
0.331900	136.00
0.331920	136.00
0.331940	134.00
0.331960	132.00
0.331980	128.00
0.332000	123.00
0.332020	119.00
0.332040	115.00
0.332060	112.00
0.332080	110.00
0.332100	108.00
0.332120	107.00
0.332140	108.00
0.332160	111.00
0.332180	115.00
0.332200	121.00
0.332220	128.00
0.332240	135.00
0.332260	142.00
0.332280	149.00
0.332300	153.00
0.332320	155.00
0.332340	155.00
0.332360	152.00
0.332380	146.00
0.332400	137.00
0.332420	126.00
0.332440	114.00
0.332460	102.00
0.332480	92.00
0.332500	83.00
0.332520	78.00
0.332540	77.00
0.332560	81.00
0.332580	90.00
0.332600	102.00
0.332620	117.00
0.332640	133.00
0.332660	148.00
0.332680	163.00
0.332700	174.00
0.332720	181.00
0.332740	183.00
0.332760	180.00
0.332780	173.00
0.332800	161.00
0.332820	145.00
0.332840	128.00
0.332860	110.00
0.332880	93.00
0.332900	79.00
0.332920	69.00
0.332940	64.00
0.332960	64.00
0.332980	70.00
0.333000	80.00
0.333020	94.00
0.333040	110.00
0.333060	127.00
0.333080	143.00
0.333100	157.00
0.333120	167.00
0.333140	174.00
0.333160	177.00
0.333180	175.00
0.333200	170.00
0.333220	160.00
0.333240	148.00
0.333260	135.00
0.333280	121.00
0.333300	109.00
0.333320	98.00
0.333340	90.00
0.333360	86.00
0.333380	85.00
0.333400	88.00
0.333420	93.00
0.333440	100.00
0.333460	110.00
0.333480	120.00
0.333500	130.00
0.333520	139.00
0.333540	145.00
0.333560	150.00
0.333580	152.00
0.333600	152.00
0.333620	150.00
0.333640	146.00
0.333660	140.00
0.333680	134.00
0.333700	127.00
0.333720	121.00
0.333740	116.00
0.333760	111.00
0.333780	108.00
0.333800	107.00
0.333820	107.00
0.333840	109.00
0.333860	112.00
0.333880	115.00
0.333900	119.00
0.333920	124.00
0.333940	128.00
0.333960	132.00
0.333980	134.00
0.334000	136.00
0.334020	137.00
0.334040	136.00
0.334060	135.00
0.334080	133.00
0.334100	130.00
0.334120	128.00
0.334140	125.00
0.334160	123.00
0.334180	121.00
0.334200	119.00
0.334220	118.00
0.334240	117.00
0.334260	118.00
0.334280	119.00
0.334300	120.00
0.334320	121.00
0.334340	123.00
0.334360	125.00
0.334380	126.00
0.334400	127.00
0.334420	128.00
0.334440	129.00
0.334460	130.00
0.334480	130.00
0.334500	129.00
0.334520	128.00
0.334540	127.00
0.334560	126.00
0.334580	125.00
0.334600	124.00
0.334620	123.00
0.334640	122.00
0.334660	122.00
0.334680	122.00
0.334700	123.00
0.334720	123.00
0.334740	123.00
0.334760	123.00
0.334780	124.00
0.334800	125.00
0.334820	125.00
0.334840	126.00
0.334860	126.00
0.334880	126.00
0.334900	126.00
0.334920	126.00
0.334940	126.00
0.334960	126.00
0.334980	126.00
0.335000	126.00
0.335020	126.00
0.335040	126.00
0.335060	125.00
0.335080	124.00
0.335100	124.00
0.335120	124.00
0.335140	124.00
0.335160	124.00
0.335180	124.00
0.335200	124.00
0.335220	124.00
0.335240	124.00
0.335260	125.00
0.335280	126.00
0.335300	126.00
0.335320	126.00
0.335340	125.00
0.335360	125.00
0.335380	126.00
0.335400	125.00
0.335420	125.00
0.335440	125.00
0.335460	125.00
0.335480	125.00
0.335500	125.00
0.335520	125.00
0.335540	125.00
0.335560	125.00
0.335580	125.00
0.335600	125.00
0.335620	124.00
0.335640	124.00
0.335660	124.00
0.335680	124.00
0.335700	125.00
0.335720	124.00
0.335740	124.00
0.335760	125.00
0.335780	125.00
0.335800	125.00
0.335820	125.00
0.335840	125.00
0.335860	126.00
0.335880	126.00
0.335900	126.00
0.335920	126.00
0.335940	126.00
0.335960	126.00
0.335980	125.00
0.336000	125.00
0.336020	125.00
0.336040	124.00
0.336060	124.00
0.336080	124.00
0.336100	124.00
0.336120	124.00
0.336140	125.00
0.336160	125.00
0.336180	125.00
0.336200	125.00
0.336220	124.00
0.336240	124.00
0.336260	125.00
0.336280	125.00
0.336300	125.00
0.336320	125.00
0.336340	125.00
0.336360	125.00
0.336380	125.00
0.336400	125.00
0.336420	125.00
0.336440	125.00
0.336460	125.00
0.336480	125.00
0.336500	124.00
0.336520	124.00
0.336540	124.00
0.336560	125.00
0.336580	125.00
0.336600	125.00
0.336620	124.00
0.336640	124.00
0.336660	124.00
0.336680	125.00
0.336700	125.00
0.336720	125.00
0.336740	125.00
0.336760	125.00
0.336780	125.00
0.336800	125.00
0.336820	125.00
0.336840	125.00
0.336860	125.00
0.336880	125.00
0.336900	125.00
0.336920	125.00
0.336940	125.00
0.336960	125.00
0.336980	125.00
0.337000	125.00
0.337020	125.00
0.337040	125.00
0.337060	125.00
0.337080	125.00
0.337100	125.00
0.337120	125.00
0.337140	125.00
0.337160	125.00
0.337180	125.00
0.337200	125.00
0.337220	125.00
0.337240	125.00
0.337260	125.00
0.337280	125.00
0.337300	125.00
0.337320	124.00
0.337340	124.00
0.337360	125.00
0.337380	125.00
0.337400	125.00
0.337420	125.00
0.337440	125.00
0.337460	124.00
0.337480	124.00
0.337500	125.00
0.337520	125.00
0.337540	125.00
0.337560	125.00
0.337580	125.00
0.337600	125.00
0.337620	125.00
0.337640	125.00
0.337660	125.00
0.337680	125.00
0.337700	126.00
0.337720	126.00
0.337740	126.00
0.337760	126.00
0.337780	125.00
0.337800	124.00
0.337820	124.00
0.337840	123.00
0.337860	123.00
0.337880	122.00
0.337900	122.00
0.337920	122.00
0.337940	123.00
0.337960	124.00
0.337980	125.00
0.338000	126.00
0.338020	128.00
0.338040	129.00
0.338060	130.00
0.338080	131.00
0.338100	131.00
0.338120	131.00
0.338140	130.00
0.338160	129.00
0.338180	127.00
0.338200	125.00
0.338220	122.00
0.338240	120.00
0.338260	118.00
0.338280	116.00
0.338300	115.00
0.338320	115.00
0.338340	115.00
0.338360	116.00
0.338380	118.00
0.338400	120.00
0.338420	124.00
0.338440	128.00
0.338460	132.00
0.338480	136.00
0.338500	140.00
0.338520	142.00
0.338540	144.00
0.338560	143.00
0.338580	140.00
0.338600	135.00
0.338620	129.00
0.338640	122.00
0.338660	115.00
0.338680	108.00
0.338700	102.00
0.338720	98.00
0.338740	97.00
0.338760	98.00
0.338780	102.00
0.338800	107.00
0.338820	115.00
0.338840	124.00
0.338860	134.00
0.338880	143.00
0.338900	151.00
0.338920	156.00
0.338940	159.00
0.338960	159.00
0.338980	156.00
0.339000	151.00
0.339020	142.00
0.339040	133.00
0.339060	122.00
0.339080	112.00
0.339100	102.00
0.339120	95.00
0.339140	90.00
0.339160	88.00
0.339180	90.00
0.339200	95.00
0.339220	102.00
0.339240	110.00
0.339260	120.00
0.339280	130.00
0.339300	139.00
0.339320	147.00
0.339340	152.00
0.339360	155.00
0.339380	155.00
0.339400	153.00
0.339420	148.00
0.339440	142.00
0.339460	135.00
0.339480	127.00
0.339500	119.00
0.339520	112.00
0.339540	107.00
0.339560	104.00
0.339580	102.00
0.339600	103.00
0.339620	105.00
0.339640	109.00
0.339660	114.00
0.339680	120.00
0.339700	125.00
0.339720	130.00
0.339740	134.00
0.339760	138.00
0.339780	140.00
0.339800	140.00
0.339820	139.00
0.339840	137.00
0.339860	135.00
0.339880	132.00
0.339900	128.00
0.339920	124.00
0.339940	121.00
0.339960	118.00
0.339980	117.00
0.340000	116.00
0.340020	116.00
0.340040	116.00
0.340060	117.00
0.340080	119.00
0.340100	121.00
0.340120	123.00
0.340140	126.00
0.340160	128.00
0.340180	130.00
0.340200	131.00
0.340220	131.00
0.340240	130.00
0.340260	129.00
0.340280	128.00
0.340300	127.00
0.340320	125.00
0.340340	124.00
0.340360	123.00
0.340380	123.00
0.340400	122.00
0.340420	122.00
0.340440	122.00
0.340460	122.00
0.340480	123.00
0.340500	123.00
0.340520	124.00
0.340540	125.00
0.340560	125.00
0.340580	126.00
0.340600	126.00
0.340620	126.00
0.340640	127.00
0.340660	127.00
0.340680	126.00
0.340700	126.00
0.340720	125.00
0.340740	125.00
0.340760	125.00
0.340780	125.00
0.340800	124.00
0.340820	124.00
0.340840	124.00
0.340860	124.00
0.340880	124.00
0.340900	124.00
0.340920	124.00
0.340940	124.00
0.340960	125.00
0.340980	125.00
0.341000	125.00
0.341020	126.00
0.341040	126.00
0.341060	126.00
0.341080	126.00
0.341100	126.00
0.341120	126.00
0.341140	126.00
0.341160	126.00
0.341180	125.00
0.341200	125.00
0.341220	125.00
0.341240	125.00
0.341260	125.00
0.341280	125.00
0.341300	124.00
0.341320	124.00
0.341340	124.00
0.341360	125.00
0.341380	125.00
0.341400	125.00
0.341420	125.00
0.341440	125.00
0.341460	125.00
0.341480	125.00
0.341500	125.00
0.341520	124.00
0.341540	125.00
0.341560	125.00
0.341580	125.00
0.341600	125.00
0.341620	125.00
0.341640	125.00
0.341660	126.00
0.341680	126.00
0.341700	126.00
0.341720	125.00
0.341740	125.00
0.341760	125.00
0.341780	125.00
0.341800	125.00
0.341820	125.00
0.341840	125.00
0.341860	125.00
0.341880	124.00
0.341900	124.00
0.341920	124.00
0.341940	124.00
0.341960	124.00
0.341980	124.00
0.342000	124.00
0.342020	124.00
0.342040	124.00
0.342060	125.00
0.342080	126.00
0.342100	126.00
0.342120	126.00
0.342140	126.00
0.342160	126.00
0.342180	126.00
0.342200	126.00
0.342220	125.00
0.342240	125.00
0.342260	124.00
0.342280	124.00
0.342300	124.00
0.342320	124.00
0.342340	124.00
0.342360	124.00
0.342380	124.00
0.342400	125.00
0.342420	125.00
0.342440	125.00
0.342460	126.00
0.342480	126.00
0.342500	126.00
0.342520	126.00
0.342540	126.00
0.342560	126.00
0.342580	126.00
0.342600	126.00
0.342620	126.00
0.342640	126.00
0.342660	126.00
0.342680	125.00
0.342700	125.00
0.342720	124.00
0.342740	124.00
0.342760	124.00
0.342780	124.00
0.342800	124.00
0.342820	124.00
0.342840	124.00
0.342860	124.00
0.342880	125.00
0.342900	125.00
0.342920	126.00
0.342940	126.00
0.342960	126.00
0.342980	126.00
0.343000	126.00
0.343020	125.00
0.343040	125.00
0.343060	125.00
0.343080	125.00
0.343100	125.00
0.343120	125.00
0.343140	125.00
0.343160	125.00
0.343180	124.00
0.343200	124.00
0.343220	124.00
0.343240	124.00
0.343260	124.00
0.343280	124.00
0.343300	124.00
0.343320	125.00
0.343340	125.00
0.343360	125.00
0.343380	125.00
0.343400	125.00
0.343420	125.00
0.343440	125.00
0.343460	125.00
0.343480	125.00
0.343500	125.00
0.343520	124.00
0.343540	124.00
0.343560	124.00
0.343580	124.00
0.343600	124.00
0.343620	124.00
0.343640	124.00
0.343660	124.00
0.343680	124.00
0.343700	125.00
0.343720	125.00
0.343740	125.00
0.343760	125.00
0.343780	125.00
0.343800	125.00
0.343820	125.00
0.343840	125.00
0.343860	125.00
0.343880	125.00
0.343900	125.00
0.343920	125.00
0.343940	125.00
0.343960	125.00
0.343980	125.00
0.344000	124.00
0.344020	124.00
0.344040	124.00
0.344060	124.00
0.344080	123.00
0.344100	123.00
0.344120	122.00
0.344140	123.00
0.344160	123.00
0.344180	124.00
0.344200	125.00
0.344220	126.00
0.344240	127.00
0.344260	128.00
0.344280	129.00
0.344300	129.00
0.344320	129.00
0.344340	129.00
0.344360	128.00
0.344380	128.00
0.344400	126.00
0.344420	125.00
0.344440	123.00
0.344460	122.00
0.344480	121.00
0.344500	120.00
0.344520	119.00
0.344540	119.00
0.344560	119.00
0.344580	120.00
0.344600	121.00
0.344620	123.00
0.344640	125.00
0.344660	128.00
0.344680	131.00
0.344700	133.00
0.344720	135.00
0.344740	137.00
0.344760	137.00
0.344780	136.00
0.344800	134.00
0.344820	130.00
0.344840	126.00
0.344860	122.00
0.344880	117.00
0.344900	113.00
0.344920	109.00
0.344940	107.00
0.344960	107.00
0.344980	109.00
0.345000	111.00
0.345020	115.00
0.345040	121.00
0.345060	127.00
0.345080	133.00
0.345100	139.00
0.345120	143.00
0.345140	146.00
0.345160	148.00
0.345180	147.00
0.345200	144.00
0.345220	139.00
0.345240	133.00
0.345260	127.00
0.345280	120.00
0.345300	114.00
0.345320	108.00
0.345340	103.00
0.345360	101.00
0.345380	101.00
0.345400	103.00
0.345420	107.00
0.345440	111.00
0.345460	117.00
0.345480	124.00
0.345500	130.00
0.345520	136.00
0.345540	141.00
0.345560	144.00
0.345580	146.00
0.345600	145.00
0.345620	143.00
0.345640	139.00
0.345660	135.00
0.345680	130.00
0.345700	125.00
0.345720	120.00
0.345740	115.00
0.345760	112.00
0.345780	110.00
0.345800	109.00
0.345820	110.00
0.345840	112.00
0.345860	115.00
0.345880	119.00
0.345900	122.00
0.345920	126.00
0.345940	129.00
0.345960	133.00
0.345980	135.00
0.346000	136.00
0.346020	136.00
0.346040	135.00
0.346060	134.00
0.346080	132.00
0.346100	129.00
0.346120	126.00
0.346140	123.00
0.346160	121.00
0.346180	119.00
0.346200	117.00
0.346220	116.00
0.346240	116.00
0.346260	117.00
0.346280	119.00
0.346300	121.00
0.346320	123.00
0.346340	124.00
0.346360	126.00
0.346380	128.00
0.346400	130.00
0.346420	131.00
0.346440	131.00
0.346460	131.00
0.346480	130.00
0.346500	129.00
0.346520	128.00
0.346540	127.00
0.346560	126.00
0.346580	124.00
0.346600	123.00
0.346620	122.00
0.346640	121.00
0.346660	121.00
0.346680	121.00
0.346700	121.00
0.346720	122.00
0.346740	122.00
0.346760	123.00
0.346780	124.00
0.346800	125.00
0.346820	126.00
0.346840	127.00
0.346860	128.00
0.346880	128.00
0.346900	128.00
0.346920	127.00
0.346940	126.00
0.346960	126.00
0.346980	125.00
0.347000	125.00
0.347020	124.00
0.347040	124.00
0.347060	124.00
0.347080	124.00
0.347100	124.00
0.347120	123.00
0.347140	124.00
0.347160	124.00
0.347180	125.00
0.347200	125.00
0.347220	125.00
0.347240	125.00
0.347260	125.00
0.347280	125.00
0.347300	126.00
0.347320	126.00
0.347340	126.00
0.347360	126.00
0.347380	126.00
0.347400	125.00
0.347420	125.00
0.347440	124.00
0.347460	124.00
0.347480	124.00
0.347500	124.00
0.347520	124.00
0.347540	123.00
0.347560	124.00
0.347580	124.00
0.347600	124.00
0.347620	125.00
0.347640	125.00
0.347660	125.00
0.347680	125.00
0.347700	125.00
0.347720	125.00
0.347740	125.00
0.347760	125.00
0.347780	125.00
0.347800	125.00
0.347820	125.00
0.347840	125.00
0.347860	125.00
0.347880	125.00
0.347900	125.00
0.347920	125.00
0.347940	124.00
0.347960	124.00
0.347980	124.00
0.348000	125.00
0.348020	125.00
0.348040	125.00
0.348060	124.00
0.348080	124.00
0.348100	124.00
0.348120	124.00
0.348140	124.00
0.348160	124.00
0.348180	125.00
0.348200	125.00
0.348220	125.00
0.348240	125.00
0.348260	125.00
0.348280	125.00
0.348300	125.00
0.348320	125.00
0.348340	126.00
0.348360	126.00
0.348380	125.00
0.348400	125.00
0.348420	125.00
0.348440	124.00
0.348460	124.00
0.348480	124.00
0.348500	124.00
0.348520	124.00
0.348540	124.00
0.348560	124.00
0.348580	125.00
0.348600	125.00
0.348620	125.00
0.348640	125.00
0.348660	125.00
0.348680	125.00
0.348700	126.00
0.348720	126.00
0.348740	126.00
0.348760	126.00
0.348780	126.00
0.348800	126.00
0.348820	126.00
0.348840	126.00
0.348860	126.00
0.348880	125.00
0.348900	124.00
0.348920	124.00
0.348940	123.00
0.348960	123.00
0.348980	124.00
0.349000	124.00
0.349020	125.00
0.349040	125.00
0.349060	125.00
0.349080	125.00
0.349100	125.00
0.349120	125.00
0.349140	125.00
0.349160	125.00
0.349180	125.00
0.349200	125.00
0.349220	125.00
0.349240	125.00
0.349260	125.00
0.349280	125.00
0.349300	125.00
0.349320	125.00
0.349340	125.00
0.349360	125.00
0.349380	125.00
0.349400	125.00
0.349420	125.00
0.349440	125.00
0.349460	125.00
0.349480	125.00
0.349500	125.00
0.349520	124.00
0.349540	124.00
0.349560	124.00
0.349580	125.00
0.349600	125.00
0.349620	125.00
0.349640	125.00
0.349660	125.00
0.349680	125.00
0.349700	125.00
0.349720	125.00
0.349740	125.00
0.349760	125.00
0.349780	125.00
0.349800	125.00
0.349820	125.00
0.349840	125.00
0.349860	125.00
0.349880	125.00
0.349900	125.00
0.349920	125.00
0.349940	124.00
0.349960	124.00
0.349980	124.00
0.350000	125.00
0.350020	125.00
0.350040	125.00
0.350060	125.00
0.350080	125.00
0.350100	125.00
0.350120	126.00
0.350140	126.00
0.350160	126.00
0.350180	126.00
0.350200	126.00
0.350220	126.00
0.350240	125.00
0.350260	124.00
0.350280	124.00
0.350300	124.00
0.350320	124.00
0.350340	124.00
0.350360	124.00
0.350380	124.00
0.350400	125.00
0.350420	125.00
0.350440	126.00
0.350460	127.00
0.350480	127.00
0.350500	128.00
0.350520	128.00
0.350540	128.00
0.350560	127.00
0.350580	127.00
0.350600	126.00
0.350620	125.00
0.350640	124.00
0.350660	123.00
0.350680	122.00
0.350700	121.00
0.350720	121.00
0.350740	120.00
0.350760	120.00
0.350780	120.00
0.350800	121.00
0.350820	122.00
0.350840	123.00
0.350860	125.00
0.350880	127.00
0.350900	129.00
0.350920	131.00
0.350940	132.00
0.350960	132.00
0.350980	133.00
0.351000	132.00
0.351020	130.00
0.351040	128.00
0.351060	125.00
0.351080	122.00
0.351100	119.00
0.351120	116.00
0.351140	114.00
0.351160	113.00
0.351180	113.00
0.351200	114.00
0.351220	116.00
0.351240	119.00
0.351260	123.00
0.351280	127.00
0.351300	131.00
0.351320	135.00
0.351340	138.00
0.351360	140.00
0.351380	140.00
0.351400	139.00
0.351420	136.00
0.351440	133.00
0.351460	129.00
0.351480	124.00
0.351500	119.00
0.351520	115.00
0.351540	112.00
0.351560	110.00
0.351580	110.00
0.351600	110.00
0.351620	112.00
0.351640	115.00
0.351660	119.00
0.351680	123.00
0.351700	127.00
0.351720	131.00
0.351740	134.00
0.351760	136.00
0.351780	138.00
0.351800	138.00
0.351820	137.00
0.351840	135.00
0.351860	133.00
0.351880	130.00
0.351900	126.00
0.351920	123.00
0.351940	120.00
0.351960	118.00
0.351980	117.00
0.352000	116.00
0.352020	116.00
0.352040	117.00
0.352060	119.00
0.352080	121.00
0.352100	123.00
0.352120	125.00
0.352140	127.00
0.352160	129.00
0.352180	130.00
0.352200	131.00
0.352220	131.00
0.352240	130.00
0.352260	129.00
0.352280	128.00
0.352300	126.00
0.352320	125.00
0.352340	123.00
0.352360	122.00
0.352380	121.00
0.352400	121.00
0.352420	122.00
0.352440	122.00
0.352460	123.00
0.352480	124.00
0.352500	124.00
0.352520	125.00
0.352540	126.00
0.352560	126.00
0.352580	126.00
0.352600	126.00
0.352620	126.00
0.352640	126.00
0.352660	126.00
0.352680	126.00
0.352700	125.00
0.352720	125.00
0.352740	124.00
0.352760	124.00
0.352780	124.00
0.352800	124.00
0.352820	124.00
0.352840	124.00
0.352860	125.00
0.352880	125.00
0.352900	125.00
0.352920	125.00
0.352940	126.00
0.352960	126.00
0.352980	126.00
0.353000	126.00
0.353020	126.00
0.353040	126.00
0.353060	126.00
0.353080	126.00
0.353100	126.00
0.353120	125.00
0.353140	125.00
0.353160	125.00
0.353180	125.00
0.353200	124.00
0.353220	124.00
0.353240	124.00
0.353260	124.00
0.353280	124.00
0.353300	125.00
0.353320	125.00
0.353340	125.00
0.353360	125.00
0.353380	126.00
0.353400	126.00
0.353420	126.00
0.353440	126.00
0.353460	125.00
0.353480	125.00
0.353500	125.00
0.353520	125.00
0.353540	125.00
0.353560	125.00
0.353580	124.00
0.353600	124.00
0.353620	124.00
0.353640	124.00
0.353660	125.00
0.353680	125.00
0.353700	125.00
0.353720	125.00
0.353740	125.00
0.353760	125.00
0.353780	125.00
0.353800	125.00
0.353820	125.00
0.353840	125.00
0.353860	125.00
0.353880	125.00
0.353900	125.00
0.353920	125.00
0.353940	125.00
0.353960	125.00
0.353980	125.00
0.354000	125.00
0.354020	125.00
0.354040	124.00
0.354060	124.00
0.354080	124.00
0.354100	124.00
0.354120	125.00
0.354140	125.00
0.354160	125.00
0.354180	125.00
0.354200	125.00
0.354220	125.00
0.354240	125.00
0.354260	125.00
0.354280	125.00
0.354300	125.00
0.354320	125.00
0.354340	125.00
0.354360	125.00
0.354380	124.00
0.354400	124.00
0.354420	124.00
0.354440	125.00
0.354460	125.00
0.354480	125.00
0.354500	125.00
0.354520	126.00
0.354540	126.00
0.354560	126.00
0.354580	126.00
0.354600	126.00
0.354620	125.00
0.354640	125.00
0.354660	124.00
0.354680	124.00
0.354700	124.00
0.354720	124.00
0.354740	124.00
0.354760	123.00
0.354780	123.00
0.354800	123.00
0.354820	124.00
0.354840	124.00
0.354860	125.00
0.354880	125.00
0.354900	125.00
0.354920	126.00
0.354940	126.00
0.354960	126.00
0.354980	126.00
0.355000	126.00
0.355020	125.00
0.355040	125.00
0.355060	125.00
0.355080	125.00
0.355100	124.00
0.355120	124.00
0.355140	123.00
0.355160	124.00
0.355180	124.00
0.355200	124.00
0.355220	124.00
0.355240	124.00
0.355260	124.00
0.355280	124.00
0.355300	125.00
0.355320	126.00
0.355340	126.00
0.355360	126.00
0.355380	126.00
0.355400	126.00
0.355420	126.00
0.355440	126.00
0.355460	126.00
0.355480	125.00
0.355500	125.00
0.355520	125.00
0.355540	124.00
0.355560	124.00
0.355580	124.00
0.355600	124.00
0.355620	124.00
0.355640	124.00
0.355660	124.00
0.355680	124.00
0.355700	124.00
0.355720	124.00
0.355740	125.00
0.355760	125.00
0.355780	126.00
0.355800	126.00
0.355820	126.00
0.355840	126.00
0.355860	126.00
0.355880	126.00
0.355900	126.00
0.355920	125.00
0.355940	125.00
0.355960	125.00
0.355980	125.00
0.356000	124.00
0.356020	124.00
0.356040	124.00
0.356060	124.00
0.356080	124.00
0.356100	124.00
0.356120	124.00
0.356140	124.00
0.356160	124.00
0.356180	124.00
0.356200	124.00
0.356220	125.00
0.356240	125.00
0.356260	126.00
0.356280	126.00
0.356300	126.00
0.356320	126.00
0.356340	126.00
0.356360	125.00
0.356380	125.00
0.356400	125.00
0.356420	125.00
0.356440	125.00
0.356460	125.00
0.356480	124.00
0.356500	124.00
0.356520	124.00
0.356540	124.00
0.356560	124.00
0.356580	124.00
0.356600	124.00
0.356620	124.00
0.356640	125.00
0.356660	125.00
0.356680	126.00
0.356700	127.00
0.356720	127.00
0.356740	127.00
0.356760	127.00
0.356780	126.00
0.356800	126.00
0.356820	125.00
0.356840	124.00
0.356860	124.00
0.356880	123.00
0.356900	123.00
0.356920	123.00
0.356940	123.00
0.356960	123.00
0.356980	123.00
0.357000	123.00
0.357020	124.00
0.357040	124.00
0.357060	125.00
0.357080	126.00
0.357100	127.00
0.357120	128.00
0.357140	129.00
0.357160	130.00
0.357180	130.00
0.357200	130.00
0.357220	129.00
0.357240	127.00
0.357260	125.00
0.357280	124.00
0.357300	122.00
0.357320	120.00
0.357340	118.00
0.357360	117.00
0.357380	117.00
0.357400	117.00
0.357420	118.00
0.357440	120.00
0.357460	123.00
0.357480	126.00
0.357500	128.00
0.357520	131.00
0.357540	133.00
0.357560	134.00
0.357580	134.00
0.357600	135.00
0.357620	134.00
0.357640	132.00
0.357660	129.00
0.357680	126.00
0.357700	123.00
0.357720	120.00
0.357740	118.00
0.357760	116.00
0.357780	115.00
0.357800	115.00
0.357820	115.00
0.357840	117.00
0.357860	118.00
0.357880	121.00
0.357900	123.00
0.357920	126.00
0.357940	129.00
0.357960	131.00
0.357980	132.00
0.358000	133.00
0.358020	134.00
0.358040	133.00
0.358060	132.00
0.358080	130.00
0.358100	128.00
0.358120	126.00
0.358140	124.00
0.358160	123.00
0.358180	121.00
0.358200	119.00
0.358220	118.00
0.358240	118.00
0.358260	119.00
0.358280	120.00
0.358300	121.00
0.358320	122.00
0.358340	123.00
0.358360	125.00
0.358380	126.00
0.358400	127.00
0.358420	129.00
0.358440	130.00
0.358460	130.00
0.358480	130.00
0.358500	129.00
0.358520	128.00
0.358540	127.00
0.358560	127.00
0.358580	126.00
0.358600	125.00
0.358620	124.00
0.358640	123.00
0.358660	122.00
0.358680	122.00
0.358700	122.00
0.358720	122.00
0.358740	123.00
0.358760	123.00
0.358780	124.00
0.358800	125.00
0.358820	125.00
0.358840	126.00
0.358860	126.00
0.358880	127.00
0.358900	127.00
0.358920	128.00
0.358940	128.00
0.358960	127.00
0.358980	126.00
0.359000	126.00
0.359020	125.00
0.359040	124.00
0.359060	124.00
0.359080	124.00
0.359100	124.00
0.359120	124.00
0.359140	124.00
0.359160	124.00
0.359180	123.00
0.359200	123.00
0.359220	124.00
0.359240	125.00
0.359260	125.00
0.359280	125.00
0.359300	125.00
0.359320	125.00
0.359340	126.00
0.359360	126.00
0.359380	126.00
0.359400	126.00
0.359420	126.00
0.359440	125.00
0.359460	125.00
0.359480	125.00
0.359500	125.00
0.359520	125.00
0.359540	126.00
0.359560	126.00
0.359580	125.00
0.359600	125.00
0.359620	125.00
0.359640	125.00
0.359660	125.00
0.359680	125.00
0.359700	124.00
0.359720	124.00
0.359740	125.00
0.359760	125.00
0.359780	126.00
0.359800	125.00
0.359820	125.00
0.359840	124.00
0.359860	124.00
0.359880	125.00
0.359900	125.00
0.359920	125.00
0.359940	124.00
0.359960	124.00
0.359980	125.00
