0.320000	101.00
0.320020	49.00
0.320040	101.00
0.320060	140.00
0.320080	144.00
0.320100	125.00
0.320120	113.00
0.320140	118.00
0.320160	130.00
0.320180	133.00
0.320200	125.00
0.320220	118.00
0.320240	121.00
0.320260	128.00
0.320280	130.00
0.320300	124.00
0.320320	120.00
0.320340	122.00
0.320360	128.00
0.320380	129.00
0.320400	125.00
0.320420	122.00
0.320440	123.00
0.320460	127.00
0.320480	128.00
0.320500	125.00
0.320520	122.00
0.320540	123.00
0.320560	126.00
0.320580	127.00
0.320600	124.00
0.320620	123.00
0.320640	124.00
0.320660	127.00
0.320680	127.00
0.320700	125.00
0.320720	123.00
0.320740	124.00
0.320760	126.00
0.320780	126.00
0.320800	124.00
0.320820	122.00
0.320840	123.00
0.320860	126.00
0.320880	127.00
0.320900	125.00
0.320920	124.00
0.320940	124.00
0.320960	126.00
0.320980	126.00
0.321000	124.00
0.321020	123.00
0.321040	123.00
0.321060	125.00
0.321080	126.00
0.321100	124.00
0.321120	124.00
0.321140	125.00
0.321160	126.00
0.321180	126.00
0.321200	124.00
0.321220	123.00
0.321240	123.00
0.321260	125.00
0.321280	126.00
0.321300	125.00
0.321320	124.00
0.321340	124.00
0.321360	125.00
0.321380	125.00
0.321400	124.00
0.321420	123.00
0.321440	124.00
0.321460	125.00
0.321480	125.00
0.321500	124.00
0.321520	123.00
0.321540	124.00
0.321560	125.00
0.321580	126.00
0.321600	125.00
0.321620	124.00
0.321640	124.00
0.321660	125.00
0.321680	125.00
0.321700	124.00
0.321720	124.00
0.321740	124.00
0.321760	125.00
0.321780	125.00
0.321800	124.00
0.321820	124.00
0.321840	124.00
0.321860	125.00
0.321880	125.00
0.321900	124.00
0.321920	123.00
0.321940	124.00
0.321960	125.00
0.321980	125.00
0.322000	124.00
0.322020	124.00
0.322040	125.00
0.322060	126.00
0.322080	126.00
0.322100	125.00
0.322120	124.00
0.322140	124.00
0.322160	125.00
0.322180	125.00
0.322200	124.00
0.322220	123.00
0.322240	124.00
0.322260	125.00
0.322280	126.00
0.322300	125.00
0.322320	125.00
0.322340	125.00
0.322360	125.00
0.322380	125.00
0.322400	124.00
0.322420	124.00
0.322440	124.00
0.322460	125.00
0.322480	126.00
0.322500	125.00
0.322520	125.00
0.322540	125.00
0.322560	125.00
0.322580	125.00
0.322600	125.00
0.322620	124.00
0.322640	124.00
0.322660	124.00
0.322680	125.00
0.322700	125.00
0.322720	124.00
0.322740	125.00
0.322760	125.00
0.322780	125.00
0.322800	124.00
0.322820	124.00
0.322840	124.00
0.322860	125.00
0.322880	125.00
0.322900	124.00
0.322920	124.00
0.322940	125.00
0.322960	126.00
0.322980	126.00
0.323000	125.00
0.323020	125.00
0.323040	125.00
0.323060	126.00
0.323080	126.00
0.323100	125.00
0.323120	124.00
0.323140	124.00
0.323160	125.00
0.323180	125.00
0.323200	124.00
0.323220	124.00
0.323240	124.00
0.323260	125.00
0.323280	125.00
0.323300	124.00
0.323320	124.00
0.323340	124.00
0.323360	125.00
0.323380	125.00
0.323400	125.00
0.323420	124.00
0.323440	124.00
0.323460	124.00
0.323480	125.00
0.323500	124.00
0.323520	124.00
0.323540	125.00
0.323560	125.00
0.323580	126.00
0.323600	125.00
0.323620	125.00
0.323640	125.00
0.323660	125.00
0.323680	125.00
0.323700	124.00
0.323720	124.00
0.323740	125.00
0.323760	125.00
0.323780	125.00
0.323800	124.00
0.323820	124.00
0.323840	124.00
0.323860	125.00
0.323880	125.00
0.323900	124.00
0.323920	124.00
0.323940	124.00
0.323960	125.00
0.323980	125.00
0.324000	124.00
0.324020	124.00
0.324040	125.00
0.324060	125.00
0.324080	126.00
0.324100	125.00
0.324120	125.00
0.324140	125.00
0.324160	125.00
0.324180	125.00
0.324200	125.00
0.324220	125.00
0.324240	125.00
0.324260	125.00
0.324280	125.00
0.324300	125.00
0.324320	124.00
0.324340	124.00
0.324360	124.00
0.324380	125.00
0.324400	125.00
0.324420	124.00
0.324440	124.00
0.324460	125.00
0.324480	124.00
0.324500	124.00
0.324520	124.00
0.324540	124.00
0.324560	124.00
0.324580	125.00
0.324600	125.00
0.324620	125.00
0.324640	125.00
0.324660	126.00
0.324680	125.00
0.324700	124.00
0.324720	124.00
0.324740	124.00
0.324760	125.00
0.324780	125.00
0.324800	125.00
0.324820	125.00
0.324840	125.00
0.324860	125.00
0.324880	125.00
0.324900	124.00
0.324920	124.00
0.324940	124.00
0.324960	125.00
0.324980	125.00
0.325000	125.00
0.325020	125.00
0.325040	124.00
0.325060	124.00
0.325080	124.00
0.325100	124.00
0.325120	124.00
0.325140	125.00
0.325160	125.00
0.325180	124.00
0.325200	123.00
0.325220	123.00
0.325240	122.00
0.325260	122.00
0.325280	121.00
0.325300	121.00
0.325320	122.00
0.325340	123.00
0.325360	126.00
0.325380	129.00
0.325400	132.00
0.325420	136.00
0.325440	140.00
0.325460	144.00
0.325480	146.00
0.325500	146.00
0.325520	144.00
0.325540	139.00
0.325560	130.00
0.325580	120.00
0.325600	108.00
0.325620	98.00
0.325640	91.00
0.325660	85.00
0.325680	80.00
0.325700	79.00
0.325720	81.00
0.325740	88.00
0.325760	101.00
0.325780	117.00
0.325800	135.00
0.325820	154.00
0.325840	170.00
0.325860	183.00
0.325880	190.00
0.325900	194.00
0.325920	194.00
0.325940	190.00
0.325960	180.00
0.325980	162.00
0.326000	137.00
0.326020	108.00
0.326040	78.00
0.326060	49.00
0.326080	25.00
0.326100	7.00
0.326120	0.00
0.326140	4.00
0.326160	19.00
0.326180	45.00
0.326200	82.00
0.326220	127.00
0.326240	175.00
0.326260	216.00
0.326280	243.00
0.326300	254.00
0.326320	255.00
0.326340	253.00
0.326360	245.00
0.326380	224.00
0.326400	185.00
0.326420	131.00
0.326440	71.00
0.326460	23.00
0.326480	0.00
0.326500	0.00
0.326520	3.00
0.326540	7.00
0.326560	0.00
0.326580	0.00
0.326600	5.00
0.326620	47.00
0.326640	112.00
0.326660	181.00
0.326680	231.00
0.326700	255.00
0.326720	255.00
0.326740	255.00
0.326760	255.00
0.326780	255.00
0.326800	245.00
0.326820	218.00
0.326840	172.00
0.326860	113.00
0.326880	55.00
0.326900	14.00
0.326920	0.00
0.326940	0.00
0.326960	4.00
0.326980	4.00
0.327000	0.00
0.327020	0.00
0.327040	20.00
0.327060	65.00
0.327080	121.00
0.327100	174.00
0.327120	211.00
0.327140	233.00
0.327160	244.00
0.327180	247.00
0.327200	243.00
0.327220	231.00
0.327240	212.00
0.327260	186.00
0.327280	154.00
0.327300	118.00
0.327320	83.00
0.327340	53.00
0.327360	31.00
0.327380	19.00
0.327400	16.00
0.327420	21.00
0.327440	35.00
0.327460	57.00
0.327480	82.00
0.327500	109.00
0.327520	134.00
0.327540	157.00
0.327560	175.00
0.327580	188.00
0.327600	195.00
0.327620	194.00
0.327640	188.00
0.327660	178.00
0.327680	165.00
0.327700	148.00
0.327720	131.00
0.327740	114.00
0.327760	100.00
0.327780	89.00
0.327800	82.00
0.327820	78.00
0.327840	79.00
0.327860	84.00
0.327880	92.00
0.327900	102.00
0.327920	113.00
0.327940	123.00
0.327960	133.00
0.327980	142.00
0.328000	149.00
0.328020	153.00
0.328040	154.00
0.328060	153.00
0.328080	149.00
0.328100	144.00
0.328120	138.00
0.328140	131.00
0.328160	124.00
0.328180	118.00
0.328200	113.00
0.328220	109.00
0.328240	107.00
0.328260	107.00
0.328280	108.00
0.328300	110.00
0.328320	113.00
0.328340	117.00
0.328360	122.00
0.328380	126.00
0.328400	130.00
0.328420	132.00
0.328440	134.00
0.328460	136.00
0.328480	137.00
0.328500	137.00
0.328520	134.00
0.328540	132.00
0.328560	129.00
0.328580	127.00
0.328600	124.00
0.328620	121.00
0.328640	119.00
0.328660	118.00
0.328680	118.00
0.328700	118.00
0.328720	118.00
0.328740	119.00
0.328760	121.00
0.328780	123.00
0.328800	125.00
0.328820	126.00
0.328840	127.00
0.328860	128.00
0.328880	129.00
0.328900	130.00
0.328920	129.00
0.328940	129.00
0.328960	128.00
0.328980	128.00
0.329000	127.00
0.329020	125.00
0.329040	124.00
0.329060	123.00
0.329080	123.00
0.329100	122.00
0.329120	122.00
0.329140	122.00
0.329160	122.00
0.329180	123.00
0.329200	123.00
0.329220	124.00
0.329240	125.00
0.329260	125.00
0.329280	126.00
0.329300	126.00
0.329320	126.00
0.329340	127.00
0.329360	126.00
0.329380	126.00
0.329400	126.00
0.329420	126.00
0.329440	125.00
0.329460	125.00
0.329480	124.00
0.329500	124.00
0.329520	124.00
0.329540	124.00
0.329560	124.00
0.329580	124.00
0.329600	124.00
0.329620	124.00
0.329640	125.00
0.329660	125.00
0.329680	126.00
0.329700	126.00
0.329720	126.00
0.329740	126.00
0.329760	126.00
0.329780	126.00
0.329800	126.00
0.329820	126.00
0.329840	126.00
0.329860	126.00
0.329880	126.00
0.329900	125.00
0.329920	125.00
0.329940	124.00
0.329960	125.00
0.329980	125.00
0.330000	125.00
0.330020	125.00
0.330040	125.00
0.330060	125.00
0.330080	125.00
0.330100	125.00
0.330120	125.00
0.330140	125.00
0.330160	125.00
0.330180	125.00
0.330200	125.00
0.330220	126.00
0.330240	126.00
0.330260	125.00
0.330280	125.00
0.330300	125.00
0.330320	125.00
0.330340	125.00
0.330360	125.00
0.330380	125.00
0.330400	125.00
0.330420	124.00
0.330440	124.00
0.330460	125.00
0.330480	125.00
0.330500	125.00
0.330520	125.00
0.330540	125.00
0.330560	125.00
0.330580	125.00
0.330600	125.00
0.330620	125.00
0.330640	125.00
0.330660	125.00
0.330680	124.00
0.330700	124.00
0.330720	124.00
0.330740	125.00
0.330760	125.00
0.330780	125.00
0.330800	125.00
0.330820	125.00
0.330840	125.00
0.330860	125.00
0.330880	125.00
0.330900	125.00
0.330920	125.00
0.330940	125.00
0.330960	125.00
0.330980	125.00
0.331000	124.00
0.331020	124.00
0.331040	125.00
0.331060	125.00
0.331080	126.00
0.331100	126.00
0.331120	125.00
0.331140	125.00
0.331160	125.00
0.331180	124.00
0.331200	124.00
0.331220	124.00
0.331240	124.00
0.331260	125.00
0.331280	125.00
0.331300	125.00
0.331320	125.00
0.331340	125.00
0.331360	125.00
0.331380	125.00
0.331400	125.00
0.331420	125.00
0.331440	125.00
0.331460	125.00
0.331480	126.00
0.331500	126.00
0.331520	126.00
0.331540	126.00
0.331560	125.00
0.331580	124.00
0.331600	123.00
0.331620	122.00
0.331640	121.00
0.331660	120.00
0.331680	119.00
0.331700	119.00
0.331720	120.00
0.331740	121.00
0.331760	123.00
0.331780	125.00
0.331800	128.00
0.331820	130.00
0.331840	132.00
0.331860	134.00
0.331880	136.00
0.331900	136.00
0.331920	136.00
0.331940	134.00
0.331960	132.00
0.331980	128.00
0.332000	124.00
0.332020	120.00
0.332040	116.00
0.332060	112.00
0.332080	110.00
0.332100	108.00
0.332120	108.00
0.332140	108.00
0.332160	110.00
0.332180	114.00
0.332200	119.00
0.332220	125.00
0.332240	133.00
0.332260	140.00
0.332280	147.00
0.332300	152.00
0.332320	155.00
0.332340	156.00
0.332360	153.00
0.332380	147.00
0.332400	139.00
0.332420	128.00
0.332440	116.00
0.332460	104.00
0.332480	93.00
0.332500	84.00
0.332520	78.00
0.332540	77.00
0.332560	81.00
0.332580	89.00
0.332600	100.00
0.332620	114.00
0.332640	130.00
0.332660	146.00
0.332680	161.00
0.332700	173.00
0.332720	181.00
0.332740	184.00
0.332760	182.00
0.332780	175.00
0.332800	163.00
0.332820	148.00
0.332840	131.00
0.332860	113.00
0.332880	96.00
0.332900	81.00
0.332920	70.00
0.332940	64.00
0.332960	64.00
0.332980	69.00
0.333000	78.00
0.333020	91.00
0.333040	106.00
0.333060	123.00
0.333080	140.00
0.333100	154.00
0.333120	165.00
0.333140	173.00
0.333160	176.00
0.333180	175.00
0.333200	170.00
0.333220	162.00
0.333240	150.00
0.333260	137.00
0.333280	124.00
0.333300	111.00
0.333320	100.00
0.333340	92.00
0.333360	87.00
0.333380	86.00
0.333400	87.00
0.333420	92.00
0.333440	99.00
0.333460	108.00
0.333480	118.00
0.333500	128.00
0.333520	136.00
0.333540	143.00
0.333560	148.00
0.333580	151.00
0.333600	152.00
0.333620	150.00
0.333640	146.00
0.333660	141.00
0.333680	135.00
0.333700	129.00
0.333720	122.00
0.333740	117.00
0.333760	112.00
0.333780	109.00
0.333800	107.00
0.333820	107.00
0.333840	108.00
0.333860	111.00
0.333880	115.00
0.333900	119.00
0.333920	123.00
0.333940	127.00
0.333960	131.00
0.333980	134.00
0.334000	135.00
0.334020	136.00
0.334040	136.00
0.334060	135.00
0.334080	134.00
0.334100	131.00
0.334120	128.00
0.334140	126.00
0.334160	123.00
0.334180	121.00
0.334200	119.00
0.334220	118.00
0.334240	118.00
0.334260	119.00
0.334280	119.00
0.334300	120.00
0.334320	121.00
0.334340	123.00
0.334360	125.00
0.334380	126.00
0.334400	128.00
0.334420	129.00
0.334440	129.00
0.334460	130.00
0.334480	130.00
0.334500	129.00
0.334520	128.00
0.334540	127.00
0.334560	126.00
0.334580	125.00
0.334600	125.00
0.334620	124.00
0.334640	123.00
0.334660	123.00
0.334680	122.00
0.334700	122.00
0.334720	123.00
0.334740	123.00
0.334760	124.00
0.334780	125.00
0.334800	125.00
0.334820	125.00
0.334840	126.00
0.334860	126.00
0.334880	127.00
0.334900	126.00
0.334920	126.00
0.334940	126.00
0.334960	126.00
0.334980	125.00
0.335000	125.00
0.335020	125.00
0.335040	125.00
0.335060	125.00
0.335080	124.00
0.335100	124.00
0.335120	124.00
0.335140	124.00
0.335160	124.00
0.335180	124.00
0.335200	124.00
0.335220	124.00
0.335240	124.00
0.335260	124.00
0.335280	125.00
0.335300	125.00
0.335320	125.00
0.335340	125.00
0.335360	126.00
0.335380	126.00
0.335400	126.00
0.335420	125.00
0.335440	125.00
0.335460	125.00
0.335480	125.00
0.335500	125.00
0.335520	125.00
0.335540	124.00
0.335560	125.00
0.335580	125.00
0.335600	125.00
0.335620	125.00
0.335640	125.00
0.335660	125.00
0.335680	125.00
0.335700	125.00
0.335720	125.00
0.335740	125.00
0.335760	125.00
0.335780	125.00
0.335800	125.00
0.335820	126.00
0.335840	126.00
0.335860	125.00
0.335880	125.00
0.335900	125.00
0.335920	125.00
0.335940	125.00
0.335960	125.00
0.335980	125.00
0.336000	125.00
0.336020	125.00
0.336040	125.00
0.336060	125.00
0.336080	124.00
0.336100	124.00
0.336120	124.00
0.336140	124.00
0.336160	124.00
0.336180	124.00
0.336200	124.00
0.336220	124.00
0.336240	125.00
0.336260	125.00
0.336280	125.00
0.336300	125.00
0.336320	125.00
0.336340	126.00
0.336360	126.00
0.336380	126.00
0.336400	125.00
0.336420	125.00
0.336440	124.00
0.336460	124.00
0.336480	124.00
0.336500	124.00
0.336520	125.00
0.336540	125.00
0.336560	125.00
0.336580	125.00
0.336600	125.00
0.336620	125.00
0.336640	125.00
0.336660	125.00
0.336680	125.00
0.336700	125.00
0.336720	125.00
0.336740	125.00
0.336760	125.00
0.336780	125.00
0.336800	125.00
0.336820	125.00
0.336840	125.00
0.336860	125.00
0.336880	125.00
0.336900	125.00
0.336920	125.00
0.336940	125.00
0.336960	125.00
0.336980	125.00
0.337000	125.00
0.337020	125.00
0.337040	125.00
0.337060	125.00
0.337080	125.00
0.337100	125.00
0.337120	125.00
0.337140	125.00
0.337160	125.00
0.337180	125.00
0.337200	125.00
0.337220	125.00
0.337240	125.00
0.337260	125.00
0.337280	124.00
0.337300	124.00
0.337320	124.00
0.337340	125.00
0.337360	125.00
0.337380	125.00
0.337400	125.00
0.337420	125.00
0.337440	125.00
0.337460	125.00
0.337480	125.00
0.337500	125.00
0.337520	125.00
0.337540	125.00
0.337560	125.00
0.337580	125.00
0.337600	125.00
0.337620	125.00
0.337640	125.00
0.337660	125.00
0.337680	125.00
0.337700	125.00
0.337720	125.00
0.337740	125.00
0.337760	125.00
0.337780	125.00
0.337800	125.00
0.337820	125.00
0.337840	124.00
0.337860	123.00
0.337880	123.00
0.337900	122.00
0.337920	122.00
0.337940	122.00
0.337960	123.00
0.337980	125.00
0.338000	126.00
0.338020	127.00
0.338040	129.00
0.338060	130.00
0.338080	131.00
0.338100	132.00
0.338120	132.00
0.338140	131.00
0.338160	130.00
0.338180	128.00
0.338200	126.00
0.338220	123.00
0.338240	120.00
0.338260	118.00
0.338280	117.00
0.338300	115.00
0.338320	114.00
0.338340	114.00
0.338360	115.00
0.338380	117.00
0.338400	120.00
0.338420	123.00
0.338440	127.00
0.338460	131.00
0.338480	136.00
0.338500	139.00
0.338520	141.00
0.338540	143.00
0.338560	143.00
0.338580	141.00
0.338600	138.00
0.338620	132.00
0.338640	124.00
0.338660	117.00
0.338680	109.00
0.338700	103.00
0.338720	99.00
0.338740	97.00
0.338760	97.00
0.338780	101.00
0.338800	106.00
0.338820	114.00
0.338840	123.00
0.338860	133.00
0.338880	142.00
0.338900	150.00
0.338920	156.00
0.338940	160.00
0.338960	161.00
0.338980	158.00
0.339000	152.00
0.339020	144.00
0.339040	134.00
0.339060	124.00
0.339080	113.00
0.339100	103.00
0.339120	95.00
0.339140	90.00
0.339160	89.00
0.339180	90.00
0.339200	94.00
0.339220	100.00
0.339240	109.00
0.339260	118.00
0.339280	128.00
0.339300	138.00
0.339320	145.00
0.339340	151.00
0.339360	154.00
0.339380	155.00
0.339400	153.00
0.339420	148.00
0.339440	142.00
0.339460	135.00
0.339480	128.00
0.339500	120.00
0.339520	113.00
0.339540	107.00
0.339560	103.00
0.339580	102.00
0.339600	102.00
0.339620	105.00
0.339640	108.00
0.339660	113.00
0.339680	118.00
0.339700	124.00
0.339720	130.00
0.339740	134.00
0.339760	137.00
0.339780	139.00
0.339800	140.00
0.339820	139.00
0.339840	138.00
0.339860	135.00
0.339880	132.00
0.339900	129.00
0.339920	125.00
0.339940	122.00
0.339960	119.00
0.339980	117.00
0.340000	116.00
0.340020	115.00
0.340040	116.00
0.340060	117.00
0.340080	119.00
0.340100	121.00
0.340120	123.00
0.340140	125.00
0.340160	126.00
0.340180	127.00
0.340200	128.00
0.340220	129.00
0.340240	130.00
0.340260	129.00
0.340280	128.00
0.340300	127.00
0.340320	126.00
0.340340	125.00
0.340360	124.00
0.340380	123.00
0.340400	123.00
0.340420	122.00
0.340440	122.00
0.340460	123.00
0.340480	123.00
0.340500	123.00
0.340520	123.00
0.340540	124.00
0.340560	125.00
0.340580	126.00
0.340600	127.00
0.340620	127.00
0.340640	127.00
0.340660	127.00
0.340680	126.00
0.340700	126.00
0.340720	126.00
0.340740	125.00
0.340760	125.00
0.340780	125.00
0.340800	124.00
0.340820	123.00
0.340840	123.00
0.340860	124.00
0.340880	124.00
0.340900	125.00
0.340920	125.00
0.340940	125.00
0.340960	124.00
0.340980	124.00
0.341000	124.00
0.341020	124.00
0.341040	125.00
0.341060	126.00
0.341080	127.00
0.341100	126.00
0.341120	126.00
0.341140	125.00
0.341160	125.00
0.341180	125.00
0.341200	125.00
0.341220	125.00
0.341240	125.00
0.341260	125.00
0.341280	125.00
0.341300	125.00
0.341320	125.00
0.341340	125.00
0.341360	124.00
0.341380	125.00
0.341400	125.00
0.341420	125.00
0.341440	125.00
0.341460	125.00
0.341480	125.00
0.341500	125.00
0.341520	125.00
0.341540	125.00
0.341560	125.00
0.341580	125.00
0.341600	125.00
0.341620	125.00
0.341640	125.00
0.341660	125.00
0.341680	126.00
0.341700	126.00
0.341720	126.00
0.341740	126.00
0.341760	125.00
0.341780	125.00
0.341800	125.00
0.341820	125.00
0.341840	125.00
0.341860	125.00
0.341880	125.00
0.341900	124.00
0.341920	124.00
0.341940	124.00
0.341960	124.00
0.341980	124.00
0.342000	125.00
0.342020	125.00
0.342040	125.00
0.342060	125.00
0.342080	126.00
0.342100	126.00
0.342120	126.00
0.342140	126.00
0.342160	126.00
0.342180	126.00
0.342200	126.00
0.342220	125.00
0.342240	125.00
0.342260	125.00
0.342280	124.00
0.342300	124.00
0.342320	123.00
0.342340	123.00
0.342360	124.00
0.342380	124.00
0.342400	124.00
0.342420	124.00
0.342440	124.00
0.342460	125.00
0.342480	125.00
0.342500	126.00
0.342520	126.00
0.342540	126.00
0.342560	126.00
0.342580	126.00
0.342600	126.00
0.342620	126.00
0.342640	125.00
0.342660	125.00
0.342680	125.00
0.342700	125.00
0.342720	125.00
0.342740	125.00
0.342760	125.00
0.342780	124.00
0.342800	124.00
0.342820	124.00
0.342840	125.00
0.342860	125.00
0.342880	125.00
0.342900	125.00
0.342920	125.00
0.342940	125.00
0.342960	126.00
0.342980	126.00
0.343000	126.00
0.343020	126.00
0.343040	125.00
0.343060	125.00
0.343080	125.00
0.343100	125.00
0.343120	125.00
0.343140	125.00
0.343160	125.00
0.343180	124.00
0.343200	124.00
0.343220	124.00
0.343240	124.00
0.343260	125.00
0.343280	126.00
0.343300	126.00
0.343320	126.00
0.343340	126.00
0.343360	125.00
0.343380	125.00
0.343400	125.00
0.343420	125.00
0.343440	125.00
0.343460	125.00
0.343480	125.00
0.343500	124.00
0.343520	124.00
0.343540	124.00
0.343560	124.00
0.343580	124.00
0.343600	124.00
0.343620	124.00
0.343640	124.00
0.343660	124.00
0.343680	124.00
0.343700	124.00
0.343720	124.00
0.343740	125.00
0.343760	126.00
0.343780	126.00
0.343800	126.00
0.343820	125.00
0.343840	125.00
0.343860	125.00
0.343880	126.00
0.343900	126.00
0.343920	126.00
0.343940	126.00
0.343960	126.00
0.343980	125.00
0.344000	125.00
0.344020	125.00
0.344040	124.00
0.344060	124.00
0.344080	123.00
0.344100	122.00
0.344120	122.00
0.344140	122.00
0.344160	123.00
0.344180	124.00
0.344200	125.00
0.344220	126.00
0.344240	127.00
0.344260	128.00
0.344280	129.00
0.344300	129.00
0.344320	129.00
0.344340	129.00
0.344360	129.00
0.344380	128.00
0.344400	126.00
0.344420	124.00
0.344440	123.00
0.344460	121.00
0.344480	120.00
0.344500	119.00
0.344520	118.00
0.344540	118.00
0.344560	118.00
0.344580	119.00
0.344600	120.00
0.344620	122.00
0.344640	124.00
0.344660	127.00
0.344680	130.00
0.344700	133.00
0.344720	135.00
0.344740	136.00
0.344760	137.00
0.344780	136.00
0.344800	134.00
0.344820	131.00
0.344840	127.00
0.344860	123.00
0.344880	118.00
0.344900	114.00
0.344920	110.00
0.344940	107.00
0.344960	106.00
0.344980	107.00
0.345000	110.00
0.345020	115.00
0.345040	120.00
0.345060	126.00
0.345080	132.00
0.345100	137.00
0.345120	142.00
0.345140	146.00
0.345160	148.00
0.345180	147.00
0.345200	144.00
0.345220	140.00
0.345240	134.00
0.345260	128.00
0.345280	121.00
0.345300	115.00
0.345320	109.00
0.345340	105.00
0.345360	102.00
0.345380	101.00
0.345400	103.00
0.345420	106.00
0.345440	111.00
0.345460	117.00
0.345480	123.00
0.345500	129.00
0.345520	135.00
0.345540	140.00
0.345560	143.00
0.345580	145.00
0.345600	145.00
0.345620	143.00
0.345640	140.00
0.345660	135.00
0.345680	130.00
0.345700	125.00
0.345720	120.00
0.345740	116.00
0.345760	112.00
0.345780	110.00
0.345800	109.00
0.345820	110.00
0.345840	112.00
0.345860	115.00
0.345880	118.00
0.345900	122.00
0.345920	125.00
0.345940	129.00
0.345960	132.00
0.345980	134.00
0.346000	136.00
0.346020	136.00
0.346040	136.00
0.346060	134.00
0.346080	132.00
0.346100	129.00
0.346120	127.00
0.346140	124.00
0.346160	121.00
0.346180	119.00
0.346200	117.00
0.346220	117.00
0.346240	117.00
0.346260	117.00
0.346280	118.00
0.346300	120.00
0.346320	122.00
0.346340	123.00
0.346360	125.00
0.346380	127.00
0.346400	129.00
0.346420	130.00
0.346440	131.00
0.346460	131.00
0.346480	131.00
0.346500	129.00
0.346520	128.00
0.346540	127.00
0.346560	126.00
0.346580	124.00
0.346600	123.00
0.346620	122.00
0.346640	121.00
0.346660	121.00
0.346680	121.00
0.346700	121.00
0.346720	122.00
0.346740	122.00
0.346760	123.00
0.346780	124.00
0.346800	125.00
0.346820	126.00
0.346840	127.00
0.346860	128.00
0.346880	128.00
0.346900	128.00
0.346920	127.00
0.346940	127.00
0.346960	127.00
0.346980	126.00
0.347000	126.00
0.347020	125.00
0.347040	125.00
0.347060	124.00
0.347080	123.00
0.347100	123.00
0.347120	123.00
0.347140	123.00
0.347160	124.00
0.347180	124.00
0.347200	124.00
0.347220	125.00
0.347240	125.00
0.347260	125.00
0.347280	126.00
0.347300	126.00
0.347320	126.00
0.347340	126.00
0.347360	126.00
0.347380	126.00
0.347400	125.00
0.347420	125.00
0.347440	124.00
0.347460	124.00
0.347480	124.00
0.347500	124.00
0.347520	124.00
0.347540	124.00
0.347560	124.00
0.347580	124.00
0.347600	124.00
0.347620	125.00
0.347640	125.00
0.347660	125.00
0.347680	125.00
0.347700	125.00
0.347720	125.00
0.347740	125.00
0.347760	125.00
0.347780	125.00
0.347800	125.00
0.347820	125.00
0.347840	125.00
0.347860	125.00
0.347880	125.00
0.347900	125.00
0.347920	125.00
0.347940	125.00
0.347960	125.00
0.347980	125.00
0.348000	125.00
0.348020	125.00
0.348040	125.00
0.348060	125.00
0.348080	124.00
0.348100	124.00
0.348120	124.00
0.348140	124.00
0.348160	124.00
0.348180	124.00
0.348200	124.00
0.348220	124.00
0.348240	125.00
0.348260	125.00
0.348280	125.00
0.348300	126.00
0.348320	126.00
0.348340	126.00
0.348360	126.00
0.348380	125.00
0.348400	125.00
0.348420	125.00
0.348440	125.00
0.348460	125.00
0.348480	125.00
0.348500	124.00
0.348520	123.00
0.348540	123.00
0.348560	123.00
0.348580	123.00
0.348600	123.00
0.348620	124.00
0.348640	124.00
0.348660	125.00
0.348680	126.00
0.348700	126.00
0.348720	126.00
0.348740	125.00
0.348760	125.00
0.348780	125.00
0.348800	125.00
0.348820	125.00
0.348840	125.00
0.348860	125.00
0.348880	125.00
0.348900	125.00
0.348920	124.00
0.348940	124.00
0.348960	124.00
0.348980	124.00
0.349000	124.00
0.349020	124.00
0.349040	124.00
0.349060	124.00
0.349080	124.00
0.349100	124.00
0.349120	124.00
0.349140	125.00
0.349160	125.00
0.349180	126.00
0.349200	125.00
0.349220	125.00
0.349240	125.00
0.349260	125.00
0.349280	126.00
0.349300	125.00
0.349320	125.00
0.349340	124.00
0.349360	124.00
0.349380	125.00
0.349400	125.00
0.349420	125.00
0.349440	125.00
0.349460	124.00
0.349480	124.00
0.349500	125.00
0.349520	125.00
0.349540	125.00
0.349560	124.00
0.349580	124.00
0.349600	124.00
0.349620	125.00
0.349640	125.00
0.349660	125.00
0.349680	125.00
0.349700	125.00
0.349720	125.00
0.349740	125.00
0.349760	125.00
0.349780	125.00
0.349800	125.00
0.349820	125.00
0.349840	125.00
0.349860	125.00
0.349880	124.00
0.349900	124.00
0.349920	124.00
0.349940	124.00
0.349960	124.00
0.349980	124.00
0.350000	124.00
0.350020	124.00
0.350040	124.00
0.350060	125.00
0.350080	125.00
0.350100	125.00
0.350120	126.00
0.350140	126.00
0.350160	126.00
0.350180	126.00
0.350200	125.00
0.350220	125.00
0.350240	125.00
0.350260	125.00
0.350280	124.00
0.350300	124.00
0.350320	123.00
0.350340	124.00
0.350360	124.00
0.350380	124.00
0.350400	125.00
0.350420	125.00
0.350440	125.00
0.350460	126.00
0.350480	127.00
0.350500	127.00
0.350520	128.00
0.350540	128.00
0.350560	128.00
0.350580	128.00
0.350600	127.00
0.350620	126.00
0.350640	124.00
0.350660	123.00
0.350680	122.00
0.350700	122.00
0.350720	121.00
0.350740	121.00
0.350760	121.00
0.350780	121.00
0.350800	121.00
0.350820	122.00
0.350840	123.00
0.350860	125.00
0.350880	127.00
0.350900	129.00
0.350920	131.00
0.350940	132.00
0.350960	133.00
0.350980	133.00
0.351000	132.00
0.351020	130.00
0.351040	127.00
0.351060	124.00
0.351080	121.00
0.351100	118.00
0.351120	116.00
0.351140	114.00
0.351160	113.00
0.351180	114.00
0.351200	115.00
0.351220	117.00
0.351240	119.00
0.351260	123.00
0.351280	127.00
0.351300	131.00
0.351320	135.00
0.351340	137.00
0.351360	139.00
0.351380	140.00
0.351400	139.00
0.351420	137.00
0.351440	134.00
0.351460	130.00
0.351480	125.00
0.351500	120.00
0.351520	116.00
0.351540	113.00
0.351560	111.00
0.351580	110.00
0.351600	110.00
0.351620	111.00
0.351640	114.00
0.351660	117.00
0.351680	122.00
0.351700	126.00
0.351720	130.00
0.351740	133.00
0.351760	136.00
0.351780	137.00
0.351800	138.00
0.351820	137.00
0.351840	135.00
0.351860	132.00
0.351880	129.00
0.351900	126.00
0.351920	123.00
0.351940	120.00
0.351960	118.00
0.351980	117.00
0.352000	116.00
0.352020	117.00
0.352040	117.00
0.352060	119.00
0.352080	121.00
0.352100	123.00
0.352120	125.00
0.352140	127.00
0.352160	128.00
0.352180	129.00
0.352200	130.00
0.352220	131.00
0.352240	131.00
0.352260	130.00
0.352280	129.00
0.352300	127.00
0.352320	126.00
0.352340	124.00
0.352360	123.00
0.352380	122.00
0.352400	122.00
0.352420	121.00
0.352440	122.00
0.352460	122.00
0.352480	123.00
0.352500	124.00
0.352520	125.00
0.352540	126.00
0.352560	126.00
0.352580	126.00
0.352600	126.00
0.352620	126.00
0.352640	126.00
0.352660	126.00
0.352680	125.00
0.352700	125.00
0.352720	124.00
0.352740	124.00
0.352760	124.00
0.352780	123.00
0.352800	123.00
0.352820	123.00
0.352840	123.00
0.352860	123.00
0.352880	124.00
0.352900	124.00
0.352920	125.00
0.352940	126.00
0.352960	126.00
0.352980	126.00
0.353000	126.00
0.353020	126.00
0.353040	126.00
0.353060	126.00
0.353080	126.00
0.353100	125.00
0.353120	125.00
0.353140	125.00
0.353160	125.00
0.353180	124.00
0.353200	124.00
0.353220	124.00
0.353240	125.00
0.353260	125.00
0.353280	125.00
0.353300	125.00
0.353320	125.00
0.353340	125.00
0.353360	125.00
0.353380	125.00
0.353400	125.00
0.353420	125.00
0.353440	125.00
0.353460	124.00
0.353480	124.00
0.353500	124.00
0.353520	124.00
0.353540	124.00
0.353560	124.00
0.353580	124.00
0.353600	124.00
0.353620	124.00
0.353640	125.00
0.353660	125.00
0.353680	125.00
0.353700	125.00
0.353720	125.00
0.353740	125.00
0.353760	125.00
0.353780	125.00
0.353800	125.00
0.353820	125.00
0.353840	125.00
0.353860	124.00
0.353880	124.00
0.353900	124.00
0.353920	124.00
0.353940	124.00
0.353960	124.00
0.353980	124.00
0.354000	124.00
0.354020	124.00
0.354040	125.00
0.354060	125.00
0.354080	125.00
0.354100	125.00
0.354120	125.00
0.354140	125.00
0.354160	125.00
0.354180	125.00
0.354200	125.00
0.354220	124.00
0.354240	124.00
0.354260	124.00
0.354280	124.00
0.354300	125.00
0.354320	125.00
0.354340	125.00
0.354360	125.00
0.354380	125.00
0.354400	125.00
0.354420	125.00
0.354440	125.00
0.354460	125.00
0.354480	126.00
0.354500	126.00
0.354520	126.00
0.354540	126.00
0.354560	126.00
0.354580	126.00
0.354600	126.00
0.354620	125.00
0.354640	125.00
0.354660	125.00
0.354680	124.00
0.354700	124.00
0.354720	124.00
0.354740	124.00
0.354760	124.00
0.354780	124.00
0.354800	124.00
0.354820	124.00
0.354840	125.00
0.354860	126.00
0.354880	126.00
0.354900	126.00
0.354920	126.00
0.354940	126.00
0.354960	126.00
0.354980	126.00
0.355000	126.00
0.355020	125.00
0.355040	125.00
0.355060	124.00
0.355080	124.00
0.355100	124.00
0.355120	124.00
0.355140	124.00
0.355160	123.00
0.355180	123.00
0.355200	124.00
0.355220	124.00
0.355240	125.00
0.355260	125.00
0.355280	125.00
0.355300	125.00
0.355320	126.00
0.355340	126.00
0.355360	126.00
0.355380	126.00
0.355400	126.00
0.355420	126.00
0.355440	126.00
0.355460	126.00
0.355480	125.00
0.355500	125.00
0.355520	124.00
0.355540	124.00
0.355560	124.00
0.355580	124.00
0.355600	124.00
0.355620	124.00
0.355640	124.00
0.355660	124.00
0.355680	124.00
0.355700	125.00
0.355720	125.00
0.355740	125.00
0.355760	125.00
0.355780	125.00
0.355800	126.00
0.355820	126.00
0.355840	126.00
0.355860	127.00
0.355880	126.00
0.355900	126.00
0.355920	125.00
0.355940	125.00
0.355960	126.00
0.355980	126.00
0.356000	126.00
0.356020	125.00
0.356040	124.00
0.356060	124.00
0.356080	124.00
0.356100	125.00
0.356120	125.00
0.356140	125.00
0.356160	124.00
0.356180	124.00
0.356200	124.00
0.356220	125.00
0.356240	125.00
0.356260	125.00
0.356280	125.00
0.356300	125.00
0.356320	124.00
0.356340	125.00
0.356360	125.00
0.356380	126.00
0.356400	126.00
0.356420	126.00
0.356440	126.00
0.356460	125.00
0.356480	125.00
0.356500	125.00
0.356520	125.00
0.356540	124.00
0.356560	124.00
0.356580	124.00
0.356600	124.00
0.356620	125.00
0.356640	125.00
0.356660	126.00
0.356680	126.00
0.356700	126.00
0.356720	127.00
0.356740	127.00
0.356760	126.00
0.356780	126.00
0.356800	126.00
0.356820	125.00
0.356840	125.00
0.356860	124.00
0.356880	124.00
0.356900	123.00
0.356920	122.00
0.356940	122.00
0.356960	122.00
0.356980	122.00
0.357000	122.00
0.357020	122.00
0.357040	123.00
0.357060	124.00
0.357080	126.00
0.357100	127.00
0.357120	128.00
0.357140	129.00
0.357160	130.00
0.357180	130.00
0.357200	130.00
0.357220	129.00
0.357240	128.00
0.357260	126.00
0.357280	124.00
0.357300	122.00
0.357320	120.00
0.357340	118.00
0.357360	117.00
0.357380	117.00
0.357400	117.00
0.357420	118.00
0.357440	119.00
0.357460	121.00
0.357480	124.00
0.357500	127.00
0.357520	130.00
0.357540	132.00
0.357560	134.00
0.357580	135.00
0.357600	135.00
0.357620	134.00
0.357640	132.00
0.357660	130.00
0.357680	127.00
0.357700	124.00
0.357720	121.00
0.357740	118.00
0.357760	116.00
0.357780	115.00
0.357800	115.00
0.357820	115.00
0.357840	116.00
0.357860	118.00
0.357880	120.00
0.357900	123.00
0.357920	126.00
0.357940	128.00
0.357960	131.00
0.357980	132.00
0.358000	133.00
0.358020	134.00
0.358040	133.00
0.358060	133.00
0.358080	131.00
0.358100	129.00
0.358120	127.00
0.358140	124.00
0.358160	122.00
0.358180	120.00
0.358200	119.00
0.358220	118.00
0.358240	118.00
0.358260	119.00
0.358280	120.00
0.358300	121.00
0.358320	122.00
0.358340	123.00
0.358360	124.00
0.358380	126.00
0.358400	127.00
0.358420	128.00
0.358440	129.00
0.358460	129.00
0.358480	129.00
0.358500	129.00
0.358520	128.00
0.358540	127.00
0.358560	126.00
0.358580	125.00
0.358600	125.00
0.358620	124.00
0.358640	123.00
0.358660	123.00
0.358680	122.00
0.358700	122.00
0.358720	122.00
0.358740	122.00
0.358760	123.00
0.358780	123.00
0.358800	124.00
0.358820	125.00
0.358840	126.00
0.358860	126.00
0.358880	126.00
0.358900	126.00
0.358920	126.00
0.358940	126.00
0.358960	127.00
0.358980	127.00
0.359000	127.00
0.359020	126.00
0.359040	126.00
0.359060	125.00
0.359080	125.00
0.359100	124.00
0.359120	124.00
0.359140	124.00
0.359160	124.00
0.359180	124.00
0.359200	124.00
0.359220	124.00
0.359240	124.00
0.359260	125.00
0.359280	125.00
0.359300	125.00
0.359320	125.00
0.359340	125.00
0.359360	125.00
0.359380	125.00
0.359400	125.00
0.359420	125.00
0.359440	125.00
0.359460	125.00
0.359480	125.00
0.359500	125.00
0.359520	125.00
0.359540	124.00
0.359560	125.00
0.359580	125.00
0.359600	125.00
0.359620	125.00
0.359640	125.00
0.359660	125.00
0.359680	125.00
0.359700	125.00
0.359720	125.00
0.359740	125.00
0.359760	124.00
0.359780	124.00
0.359800	124.00
0.359820	125.00
0.359840	125.00
0.359860	125.00
0.359880	125.00
0.359900	125.00
0.359920	125.00
0.359940	125.00
0.359960	125.00
0.359980	126.00
