0.320000	101.00
0.320020	49.00
0.320040	102.00
0.320060	141.00
0.320080	144.00
0.320100	125.00
0.320120	113.00
0.320140	118.00
0.320160	131.00
0.320180	133.00
0.320200	125.00
0.320220	118.00
0.320240	121.00
0.320260	128.00
0.320280	130.00
0.320300	124.00
0.320320	120.00
0.320340	122.00
0.320360	127.00
0.320380	129.00
0.320400	125.00
0.320420	121.00
0.320440	122.00
0.320460	126.00
0.320480	128.00
0.320500	125.00
0.320520	122.00
0.320540	123.00
0.320560	126.00
0.320580	128.00
0.320600	125.00
0.320620	123.00
0.320640	123.00
0.320660	126.00
0.320680	126.00
0.320700	124.00
0.320720	122.00
0.320740	123.00
0.320760	126.00
0.320780	127.00
0.320800	125.00
0.320820	123.00
0.320840	123.00
0.320860	125.00
0.320880	126.00
0.320900	125.00
0.320920	123.00
0.320940	124.00
0.320960	126.00
0.320980	127.00
0.321000	125.00
0.321020	123.00
0.321040	123.00
0.321060	125.00
0.321080	126.00
0.321100	125.00
0.321120	124.00
0.321140	124.00
0.321160	126.00
0.321180	127.00
0.321200	125.00
0.321220	124.00
0.321240	124.00
0.321260	126.00
0.321280	127.00
0.321300	125.00
0.321320	124.00
0.321340	124.00
0.321360	125.00
0.321380	125.00
0.321400	124.00
0.321420	123.00
0.321440	124.00
0.321460	125.00
0.321480	126.00
0.321500	125.00
0.321520	124.00
0.321540	124.00
0.321560	125.00
0.321580	126.00
0.321600	125.00
0.321620	124.00
0.321640	125.00
0.321660	126.00
0.321680	126.00
0.321700	125.00
0.321720	125.00
0.321740	125.00
0.321760	126.00
0.321780	127.00
0.321800	125.00
0.321820	124.00
0.321840	124.00
0.321860	125.00
0.321880	126.00
0.321900	125.00
0.321920	125.00
0.321940	125.00
0.321960	126.00
0.321980	126.00
0.322000	125.00
0.322020	125.00
0.322040	125.00
0.322060	126.00
0.322080	126.00
0.322100	125.00
0.322120	124.00
0.322140	124.00
0.322160	125.00
0.322180	125.00
0.322200	124.00
0.322220	123.00
0.322240	124.00
0.322260	125.00
0.322280	126.00
0.322300	125.00
0.322320	125.00
0.322340	125.00
0.322360	126.00
0.322380	126.00
0.322400	125.00
0.322420	124.00
0.322440	124.00
0.322460	125.00
0.322480	125.00
0.322500	124.00
0.322520	124.00
0.322540	124.00
0.322560	125.00
0.322580	125.00
0.322600	124.00
0.322620	124.00
0.322640	124.00
0.322660	125.00
0.322680	126.00
0.322700	125.00
0.322720	125.00
0.322740	125.00
0.322760	125.00
0.322780	125.00
0.322800	124.00
0.322820	124.00
0.322840	124.00
0.322860	125.00
0.322880	125.00
0.322900	124.00
0.322920	124.00
0.322940	124.00
0.322960	125.00
0.322980	126.00
0.323000	125.00
0.323020	125.00
0.323040	125.00
0.323060	125.00
0.323080	126.00
0.323100	125.00
0.323120	124.00
0.323140	125.00
0.323160	125.00
0.323180	125.00
0.323200	125.00
0.323220	125.00
0.323240	125.00
0.323260	125.00
0.323280	126.00
0.323300	125.00
0.323320	125.00
0.323340	125.00
0.323360	125.00
0.323380	125.00
0.323400	125.00
0.323420	124.00
0.323440	124.00
0.323460	125.00
0.323480	125.00
0.323500	124.00
0.323520	124.00
0.323540	124.00
0.323560	125.00
0.323580	126.00
0.323600	125.00
0.323620	125.00
0.323640	125.00
0.323660	125.00
0.323680	125.00
0.323700	125.00
0.323720	125.00
0.323740	124.00
0.323760	125.00
0.323780	125.00
0.323800	124.00
0.323820	124.00
0.323840	124.00
0.323860	124.00
0.323880	125.00
0.323900	124.00
0.323920	124.00
0.323940	125.00
0.323960	125.00
0.323980	125.00
0.324000	125.00
0.324020	125.00
0.324040	125.00
0.324060	125.00
0.324080	125.00
0.324100	124.00
0.324120	124.00
0.324140	124.00
0.324160	125.00
0.324180	125.00
0.324200	125.00
0.324220	124.00
0.324240	124.00
0.324260	125.00
0.324280	125.00
0.324300	125.00
0.324320	124.00
0.324340	124.00
0.324360	125.00
0.324380	125.00
0.324400	124.00
0.324420	124.00
0.324440	124.00
0.324460	125.00
0.324480	126.00
0.324500	125.00
0.324520	124.00
0.324540	124.00
0.324560	125.00
0.324580	125.00
0.324600	125.00
0.324620	125.00
0.324640	125.00
0.324660	125.00
0.324680	125.00
0.324700	125.00
0.324720	125.00
0.324740	125.00
0.324760	125.00
0.324780	125.00
0.324800	125.00
0.324820	125.00
0.324840	125.00
0.324860	125.00
0.324880	125.00
0.324900	125.00
0.324920	125.00
0.324940	125.00
0.324960	125.00
0.324980	126.00
0.325000	125.00
0.325020	125.00
0.325040	125.00
0.325060	125.00
0.325080	125.00
0.325100	125.00
0.325120	124.00
0.325140	124.00
0.325160	125.00
0.325180	125.00
0.325200	125.00
0.325220	124.00
0.325240	123.00
0.325260	123.00
0.325280	123.00
0.325300	122.00
0.325320	121.00
0.325340	121.00
0.325360	122.00
0.325380	124.00
0.325400	126.00
0.325420	128.00
0.325440	131.00
0.325460	136.00
0.325480	140.00
0.325500	144.00
0.325520	146.00
0.325540	147.00
0.325560	145.00
0.325580	139.00
0.325600	130.00
0.325620	119.00
0.325640	109.00
0.325660	99.00
0.325680	92.00
0.325700	85.00
0.325720	80.00
0.325740	77.00
0.325760	80.00
0.325780	87.00
0.325800	99.00
0.325820	116.00
0.325840	135.00
0.325860	154.00
0.325880	171.00
0.325900	182.00
0.325920	190.00
0.325940	194.00
0.325960	196.00
0.325980	192.00
0.326000	181.00
0.326020	163.00
0.326040	139.00
0.326060	110.00
0.326080	79.00
0.326100	49.00
0.326120	24.00
0.326140	7.00
0.326160	1.00
0.326180	4.00
0.326200	18.00
0.326220	42.00
0.326240	79.00
0.326260	126.00
0.326280	175.00
0.326300	216.00
0.326320	242.00
0.326340	255.00
0.326360	255.00
0.326380	254.00
0.326400	246.00
0.326420	225.00
0.326440	187.00
0.326460	133.00
0.326480	74.00
0.326500	24.00
0.326520	0.00
0.326540	0.00
0.326560	3.00
0.326580	7.00
0.326600	1.00
0.326620	0.00
0.326640	4.00
0.326660	45.00
0.326680	110.00
0.326700	179.00
0.326720	230.00
0.326740	255.00
0.326760	255.00
0.326780	255.00
0.326800	255.00
0.326820	254.00
0.326840	245.00
0.326860	220.00
0.326880	174.00
0.326900	115.00
0.326920	56.00
0.326940	14.00
0.326960	0.00
0.326980	0.00
0.327000	4.00
0.327020	4.00
0.327040	0.00
0.327060	0.00
0.327080	19.00
0.327100	63.00
0.327120	119.00
0.327140	172.00
0.327160	211.00
0.327180	234.00
0.327200	244.00
0.327220	247.00
0.327240	244.00
0.327260	233.00
0.327280	214.00
0.327300	187.00
0.327320	154.00
0.327340	119.00
0.327360	84.00
0.327380	54.00
0.327400	32.00
0.327420	19.00
0.327440	15.00
0.327460	20.00
0.327480	34.00
0.327500	54.00
0.327520	80.00
0.327540	107.00
0.327560	134.00
0.327580	157.00
0.327600	175.00
0.327620	188.00
0.327640	195.00
0.327660	195.00
0.327680	190.00
0.327700	179.00
0.327720	165.00
0.327740	149.00
0.327760	131.00
0.327780	115.00
0.327800	101.00
0.327820	90.00
0.327840	83.00
0.327860	80.00
0.327880	80.00
0.327900	84.00
0.327920	92.00
0.327940	102.00
0.327960	112.00
0.327980	123.00
0.328000	133.00
0.328020	142.00
0.328040	148.00
0.328060	153.00
0.328080	154.00
0.328100	153.00
0.328120	150.00
0.328140	145.00
0.328160	139.00
0.328180	131.00
0.328200	124.00
0.328220	118.00
0.328240	113.00
0.328260	110.00
0.328280	108.00
0.328300	107.00
0.328320	108.00
0.328340	110.00
0.328360	114.00
0.328380	118.00
0.328400	122.00
0.328420	126.00
0.328440	130.00
0.328460	133.00
0.328480	135.00
0.328500	136.00
0.328520	136.00
0.328540	135.00
0.328560	134.00
0.328580	132.00
0.328600	130.00
0.328620	127.00
0.328640	124.00
0.328660	122.00
0.328680	120.00
0.328700	119.00
0.328720	118.00
0.328740	118.00
0.328760	118.00
0.328780	119.00
0.328800	120.00
0.328820	122.00
0.328840	124.00
0.328860	126.00
0.328880	127.00
0.328900	128.00
0.328920	129.00
0.328940	129.00
0.328960	129.00
0.328980	129.00
0.329000	129.00
0.329020	128.00
0.329040	127.00
0.329060	126.00
0.329080	125.00
0.329100	124.00
0.329120	123.00
0.329140	123.00
0.329160	122.00
0.329180	122.00
0.329200	122.00
0.329220	123.00
0.329240	123.00
0.329260	124.00
0.329280	125.00
0.329300	125.00
0.329320	126.00
0.329340	127.00
0.329360	127.00
0.329380	127.00
0.329400	127.00
0.329420	126.00
0.329440	126.00
0.329460	126.00
0.329480	126.00
0.329500	126.00
0.329520	125.00
0.329540	125.00
0.329560	124.00
0.329580	124.00
0.329600	124.00
0.329620	124.00
0.329640	124.00
0.329660	124.00
0.329680	125.00
0.329700	125.00
0.329720	126.00
0.329740	126.00
0.329760	126.00
0.329780	126.00
0.329800	126.00
0.329820	126.00
0.329840	126.00
0.329860	126.00
0.329880	125.00
0.329900	125.00
0.329920	124.00
0.329940	124.00
0.329960	124.00
0.329980	124.00
0.330000	125.00
0.330020	125.00
0.330040	124.00
0.330060	124.00
0.330080	124.00
0.330100	124.00
0.330120	125.00
0.330140	125.00
0.330160	125.00
0.330180	125.00
0.330200	126.00
0.330220	126.00
0.330240	126.00
0.330260	126.00
0.330280	125.00
0.330300	125.00
0.330320	125.00
0.330340	125.00
0.330360	125.00
0.330380	125.00
0.330400	124.00
0.330420	124.00
0.330440	125.00
0.330460	125.00
0.330480	125.00
0.330500	125.00
0.330520	125.00
0.330540	125.00
0.330560	125.00
0.330580	125.00
0.330600	125.00
0.330620	126.00
0.330640	126.00
0.330660	126.00
0.330680	125.00
0.330700	125.00
0.330720	125.00
0.330740	125.00
0.330760	125.00
0.330780	125.00
0.330800	125.00
0.330820	125.00
0.330840	125.00
0.330860	125.00
0.330880	125.00
0.330900	125.00
0.330920	125.00
0.330940	125.00
0.330960	125.00
0.330980	125.00
0.331000	125.00
0.331020	125.00
0.331040	125.00
0.331060	125.00
0.331080	125.00
0.331100	125.00
0.331120	125.00
0.331140	125.00
0.331160	125.00
0.331180	125.00
0.331200	125.00
0.331220	125.00
0.331240	125.00
0.331260	125.00
0.331280	125.00
0.331300	125.00
0.331320	125.00
0.331340	125.00
0.331360	125.00
0.331380	124.00
0.331400	124.00
0.331420	124.00
0.331440	125.00
0.331460	125.00
0.331480	125.00
0.331500	125.00
0.331520	126.00
0.331540	126.00
0.331560	126.00
0.331580	126.00
0.331600	125.00
0.331620	124.00
0.331640	123.00
0.331660	123.00
0.331680	122.00
0.331700	120.00
0.331720	119.00
0.331740	119.00
0.331760	120.00
0.331780	121.00
0.331800	123.00
0.331820	125.00
0.331840	128.00
0.331860	131.00
0.331880	133.00
0.331900	134.00
0.331920	135.00
0.331940	136.00
0.331960	136.00
0.331980	134.00
0.332000	131.00
0.332020	128.00
0.332040	124.00
0.332060	119.00
0.332080	115.00
0.332100	111.00
0.332120	109.00
0.332140	108.00
0.332160	108.00
0.332180	109.00
0.332200	111.00
0.332220	114.00
0.332240	119.00
0.332260	126.00
0.332280	133.00
0.332300	140.00
0.332320	147.00
0.332340	153.00
0.332360	156.00
0.332380	156.00
0.332400	153.00
0.332420	147.00
0.332440	139.00
0.332460	128.00
0.332480	116.00
0.332500	103.00
0.332520	92.00
0.332540	83.00
0.332560	78.00
0.332580	76.00
0.332600	80.00
0.332620	87.00
0.332640	99.00
0.332660	115.00
0.332680	131.00
0.332700	148.00
0.332720	162.00
0.332740	174.00
0.332760	182.00
0.332780	185.00
0.332800	182.00
0.332820	174.00
0.332840	162.00
0.332860	147.00
0.332880	130.00
0.332900	111.00
0.332920	94.00
0.332940	79.00
0.332960	69.00
0.332980	63.00
0.333000	63.00
0.333020	68.00
0.333040	77.00
0.333060	91.00
0.333080	107.00
0.333100	124.00
0.333120	141.00
0.333140	155.00
0.333160	167.00
0.333180	175.00
0.333200	178.00
0.333220	176.00
0.333240	171.00
0.333260	162.00
0.333280	151.00
0.333300	137.00
0.333320	123.00
0.333340	110.00
0.333360	99.00
0.333380	91.00
0.333400	86.00
0.333420	84.00
0.333440	87.00
0.333460	92.00
0.333480	99.00
0.333500	108.00
0.333520	117.00
0.333540	127.00
0.333560	136.00
0.333580	144.00
0.333600	149.00
0.333620	152.00
0.333640	152.00
0.333660	151.00
0.333680	147.00
0.333700	142.00
0.333720	136.00
0.333740	129.00
0.333760	123.00
0.333780	117.00
0.333800	113.00
0.333820	110.00
0.333840	108.00
0.333860	108.00
0.333880	109.00
0.333900	111.00
0.333920	115.00
0.333940	119.00
0.333960	123.00
0.333980	127.00
0.334000	131.00
0.334020	133.00
0.334040	135.00
0.334060	135.00
0.334080	135.00
0.334100	134.00
0.334120	132.00
0.334140	130.00
0.334160	128.00
0.334180	126.00
0.334200	123.00
0.334220	121.00
0.334240	119.00
0.334260	118.00
0.334280	118.00
0.334300	118.00
0.334320	119.00
0.334340	120.00
0.334360	122.00
0.334380	123.00
0.334400	125.00
0.334420	126.00
0.334440	127.00
0.334460	128.00
0.334480	129.00
0.334500	129.00
0.334520	129.00
0.334540	129.00
0.334560	128.00
0.334580	127.00
0.334600	126.00
0.334620	125.00
0.334640	124.00
0.334660	123.00
0.334680	122.00
0.334700	122.00
0.334720	122.00
0.334740	122.00
0.334760	123.00
0.334780	123.00
0.334800	123.00
0.334820	124.00
0.334840	124.00
0.334860	125.00
0.334880	126.00
0.334900	126.00
0.334920	126.00
0.334940	127.00
0.334960	126.00
0.334980	126.00
0.335000	126.00
0.335020	126.00
0.335040	126.00
0.335060	125.00
0.335080	125.00
0.335100	124.00
0.335120	124.00
0.335140	124.00
0.335160	124.00
0.335180	124.00
0.335200	124.00
0.335220	124.00
0.335240	124.00
0.335260	125.00
0.335280	125.00
0.335300	125.00
0.335320	125.00
0.335340	125.00
0.335360	126.00
0.335380	126.00
0.335400	125.00
0.335420	125.00
0.335440	125.00
0.335460	125.00
0.335480	126.00
0.335500	126.00
0.335520	125.00
0.335540	125.00
0.335560	125.00
0.335580	124.00
0.335600	124.00
0.335620	124.00
0.335640	124.00
0.335660	125.00
0.335680	125.00
0.335700	126.00
0.335720	125.00
0.335740	125.00
0.335760	124.00
0.335780	124.00
0.335800	124.00
0.335820	124.00
0.335840	125.00
0.335860	125.00
0.335880	126.00
0.335900	126.00
0.335920	126.00
0.335940	126.00
0.335960	125.00
0.335980	125.00
0.336000	125.00
0.336020	125.00
0.336040	125.00
0.336060	125.00
0.336080	125.00
0.336100	125.00
0.336120	125.00
0.336140	124.00
0.336160	124.00
0.336180	124.00
0.336200	124.00
0.336220	125.00
0.336240	125.00
0.336260	125.00
0.336280	125.00
0.336300	125.00
0.336320	125.00
0.336340	125.00
0.336360	126.00
0.336380	126.00
0.336400	126.00
0.336420	126.00
0.336440	126.00
0.336460	126.00
0.336480	125.00
0.336500	124.00
0.336520	124.00
0.336540	124.00
0.336560	124.00
0.336580	124.00
0.336600	124.00
0.336620	124.00
0.336640	124.00
0.336660	124.00
0.336680	124.00
0.336700	124.00
0.336720	124.00
0.336740	125.00
0.336760	125.00
0.336780	126.00
0.336800	126.00
0.336820	125.00
0.336840	125.00
0.336860	126.00
0.336880	126.00
0.336900	126.00
0.336920	125.00
0.336940	124.00
0.336960	124.00
0.336980	124.00
0.337000	124.00
0.337020	124.00
0.337040	124.00
0.337060	125.00
0.337080	125.00
0.337100	125.00
0.337120	125.00
0.337140	125.00
0.337160	125.00
0.337180	125.00
0.337200	125.00
0.337220	125.00
0.337240	125.00
0.337260	125.00
0.337280	125.00
0.337300	126.00
0.337320	126.00
0.337340	126.00
0.337360	125.00
0.337380	125.00
0.337400	125.00
0.337420	125.00
0.337440	125.00
0.337460	125.00
0.337480	124.00
0.337500	124.00
0.337520	125.00
0.337540	125.00
0.337560	125.00
0.337580	125.00
0.337600	125.00
0.337620	125.00
0.337640	125.00
0.337660	125.00
0.337680	125.00
0.337700	125.00
0.337720	125.00
0.337740	126.00
0.337760	126.00
0.337780	126.00
0.337800	125.00
0.337820	125.00
0.337840	125.00
0.337860	124.00
0.337880	123.00
0.337900	123.00
0.337920	122.00
0.337940	122.00
0.337960	122.00
0.337980	122.00
0.338000	123.00
0.338020	124.00
0.338040	126.00
0.338060	128.00
0.338080	129.00
0.338100	130.00
0.338120	131.00
0.338140	131.00
0.338160	131.00
0.338180	131.00
0.338200	129.00
0.338220	127.00
0.338240	125.00
0.338260	123.00
0.338280	120.00
0.338300	118.00
0.338320	116.00
0.338340	115.00
0.338360	115.00
0.338380	115.00
0.338400	116.00
0.338420	118.00
0.338440	120.00
0.338460	124.00
0.338480	128.00
0.338500	132.00
0.338520	137.00
0.338540	141.00
0.338560	143.00
0.338580	144.00
0.338600	143.00
0.338620	141.00
0.338640	136.00
0.338660	130.00
0.338680	123.00
0.338700	115.00
0.338720	108.00
0.338740	102.00
0.338760	98.00
0.338780	96.00
0.338800	96.00
0.338820	100.00
0.338840	107.00
0.338860	115.00
0.338880	124.00
0.338900	134.00
0.338920	143.00
0.338940	152.00
0.338960	158.00
0.338980	161.00
0.339000	161.00
0.339020	157.00
0.339040	151.00
0.339060	143.00
0.339080	133.00
0.339100	122.00
0.339120	110.00
0.339140	101.00
0.339160	93.00
0.339180	89.00
0.339200	88.00
0.339220	89.00
0.339240	94.00
0.339260	101.00
0.339280	110.00
0.339300	121.00
0.339320	131.00
0.339340	140.00
0.339360	148.00
0.339380	154.00
0.339400	157.00
0.339420	157.00
0.339440	155.00
0.339460	150.00
0.339480	143.00
0.339500	135.00
0.339520	126.00
0.339540	118.00
0.339560	111.00
0.339580	106.00
0.339600	102.00
0.339620	101.00
0.339640	101.00
0.339660	103.00
0.339680	108.00
0.339700	113.00
0.339720	120.00
0.339740	126.00
0.339760	132.00
0.339780	137.00
0.339800	141.00
0.339820	143.00
0.339840	143.00
0.339860	142.00
0.339880	140.00
0.339900	136.00
0.339920	132.00
0.339940	127.00
0.339960	123.00
0.339980	119.00
0.340000	115.00
0.340020	113.00
0.340040	112.00
0.340060	112.00
0.340080	113.00
0.340100	115.00
0.340120	118.00
0.340140	121.00
0.340160	124.00
0.340180	127.00
0.340200	130.00
0.340220	132.00
0.340240	133.00
0.340260	134.00
0.340280	134.00
0.340300	133.00
0.340320	131.00
0.340340	129.00
0.340360	127.00
0.340380	125.00
0.340400	123.00
0.340420	122.00
0.340440	120.00
0.340460	120.00
0.340480	119.00
0.340500	120.00
0.340520	120.00
0.340540	121.00
0.340560	122.00
0.340580	124.00
0.340600	125.00
0.340620	127.00
0.340640	128.00
0.340660	128.00
0.340680	129.00
0.340700	129.00
0.340720	129.00
0.340740	129.00
0.340760	128.00
0.340780	127.00
0.340800	126.00
0.340820	125.00
0.340840	124.00
0.340860	123.00
0.340880	123.00
0.340900	123.00
0.340920	123.00
0.340940	123.00
0.340960	124.00
0.340980	124.00
0.341000	124.00
0.341020	124.00
0.341040	125.00
0.341060	126.00
0.341080	126.00
0.341100	126.00
0.341120	126.00
0.341140	126.00
0.341160	126.00
0.341180	126.00
0.341200	126.00
0.341220	125.00
0.341240	124.00
0.341260	124.00
0.341280	124.00
0.341300	124.00
0.341320	124.00
0.341340	124.00
0.341360	124.00
0.341380	124.00
0.341400	125.00
0.341420	125.00
0.341440	125.00
0.341460	125.00
0.341480	125.00
0.341500	125.00
0.341520	125.00
0.341540	125.00
0.341560	125.00
0.341580	125.00
0.341600	125.00
0.341620	125.00
0.341640	125.00
0.341660	125.00
0.341680	125.00
0.341700	125.00
0.341720	125.00
0.341740	125.00
0.341760	125.00
0.341780	125.00
0.341800	125.00
0.341820	125.00
0.341840	124.00
0.341860	124.00
0.341880	124.00
0.341900	124.00
0.341920	124.00
0.341940	124.00
0.341960	124.00
0.341980	124.00
0.342000	124.00
0.342020	124.00
0.342040	124.00
0.342060	125.00
0.342080	125.00
0.342100	125.00
0.342120	125.00
0.342140	125.00
0.342160	125.00
0.342180	126.00
0.342200	126.00
0.342220	126.00
0.342240	126.00
0.342260	125.00
0.342280	125.00
0.342300	125.00
0.342320	125.00
0.342340	124.00
0.342360	124.00
0.342380	123.00
0.342400	123.00
0.342420	124.00
0.342440	124.00
0.342460	124.00
0.342480	124.00
0.342500	125.00
0.342520	125.00
0.342540	125.00
0.342560	125.00
0.342580	125.00
0.342600	125.00
0.342620	126.00
0.342640	126.00
0.342660	126.00
0.342680	125.00
0.342700	125.00
0.342720	124.00
0.342740	124.00
0.342760	124.00
0.342780	124.00
0.342800	124.00
0.342820	124.00
0.342840	124.00
0.342860	124.00
0.342880	124.00
0.342900	124.00
0.342920	125.00
0.342940	125.00
0.342960	125.00
0.342980	125.00
0.343000	125.00
0.343020	125.00
0.343040	125.00
0.343060	125.00
0.343080	125.00
0.343100	126.00
0.343120	126.00
0.343140	126.00
0.343160	125.00
0.343180	125.00
0.343200	124.00
0.343220	125.00
0.343240	125.00
0.343260	125.00
0.343280	125.00
0.343300	125.00
0.343320	124.00
0.343340	124.00
0.343360	124.00
0.343380	124.00
0.343400	124.00
0.343420	124.00
0.343440	124.00
0.343460	124.00
0.343480	124.00
0.343500	125.00
0.343520	126.00
0.343540	126.00
0.343560	126.00
0.343580	126.00
0.343600	125.00
0.343620	125.00
0.343640	126.00
0.343660	126.00
0.343680	126.00
0.343700	126.00
0.343720	126.00
0.343740	126.00
0.343760	126.00
0.343780	125.00
0.343800	125.00
0.343820	125.00
0.343840	125.00
0.343860	124.00
0.343880	124.00
0.343900	124.00
0.343920	125.00
0.343940	125.00
0.343960	125.00
0.343980	125.00
0.344000	125.00
0.344020	126.00
0.344040	125.00
0.344060	125.00
0.344080	125.00
0.344100	124.00
0.344120	124.00
0.344140	123.00
0.344160	123.00
0.344180	122.00
0.344200	123.00
0.344220	124.00
0.344240	125.00
0.344260	126.00
0.344280	127.00
0.344300	128.00
0.344320	128.00
0.344340	129.00
0.344360	129.00
0.344380	129.00
0.344400	128.00
0.344420	127.00
0.344440	126.00
0.344460	125.00
0.344480	123.00
0.344500	121.00
0.344520	120.00
0.344540	119.00
0.344560	119.00
0.344580	118.00
0.344600	118.00
0.344620	119.00
0.344640	121.00
0.344660	123.00
0.344680	125.00
0.344700	128.00
0.344720	131.00
0.344740	133.00
0.344760	135.00
0.344780	136.00
0.344800	136.00
0.344820	135.00
0.344840	133.00
0.344860	130.00
0.344880	126.00
0.344900	122.00
0.344920	117.00
0.344940	113.00
0.344960	109.00
0.344980	107.00
0.345000	106.00
0.345020	108.00
0.345040	111.00
0.345060	116.00
0.345080	122.00
0.345100	127.00
0.345120	134.00
0.345140	140.00
0.345160	144.00
0.345180	147.00
0.345200	148.00
0.345220	146.00
0.345240	143.00
0.345260	139.00
0.345280	133.00
0.345300	126.00
0.345320	120.00
0.345340	113.00
0.345360	108.00
0.345380	104.00
0.345400	103.00
0.345420	103.00
0.345440	105.00
0.345460	109.00
0.345480	113.00
0.345500	119.00
0.345520	125.00
0.345540	131.00
0.345560	137.00
0.345580	140.00
0.345600	142.00
0.345620	143.00
0.345640	142.00
0.345660	140.00
0.345680	137.00
0.345700	133.00
0.345720	128.00
0.345740	124.00
0.345760	120.00
0.345780	117.00
0.345800	114.00
0.345820	112.00
0.345840	112.00
0.345860	114.00
0.345880	116.00
0.345900	118.00
0.345920	120.00
0.345940	123.00
0.345960	126.00
0.345980	128.00
0.346000	130.00
0.346020	131.00
0.346040	131.00
0.346060	132.00
0.346080	131.00
0.346100	130.00
0.346120	128.00
0.346140	126.00
0.346160	125.00
0.346180	123.00
0.346200	123.00
0.346220	122.00
0.346240	122.00
0.346260	122.00
0.346280	122.00
0.346300	123.00
0.346320	124.00
0.346340	125.00
0.346360	125.00
0.346380	126.00
0.346400	126.00
0.346420	126.00
0.346440	126.00
0.346460	127.00
0.346480	127.00
0.346500	126.00
0.346520	125.00
0.346540	124.00
0.346560	124.00
0.346580	124.00
0.346600	124.00
0.346620	124.00
0.346640	124.00
0.346660	124.00
0.346680	125.00
0.346700	125.00
0.346720	125.00
0.346740	125.00
0.346760	126.00
0.346780	126.00
0.346800	126.00
0.346820	126.00
0.346840	126.00
0.346860	125.00
0.346880	125.00
0.346900	124.00
0.346920	124.00
0.346940	124.00
0.346960	124.00
0.346980	124.00
0.347000	124.00
0.347020	124.00
0.347040	124.00
0.347060	124.00
0.347080	124.00
0.347100	124.00
0.347120	124.00
0.347140	124.00
0.347160	125.00
0.347180	125.00
0.347200	126.00
0.347220	126.00
0.347240	126.00
0.347260	125.00
0.347280	125.00
0.347300	125.00
0.347320	125.00
0.347340	124.00
0.347360	124.00
0.347380	124.00
0.347400	124.00
0.347420	124.00
0.347440	124.00
0.347460	124.00
0.347480	124.00
0.347500	124.00
0.347520	125.00
0.347540	125.00
0.347560	125.00
0.347580	125.00
0.347600	125.00
0.347620	124.00
0.347640	124.00
0.347660	124.00
0.347680	124.00
0.347700	124.00
0.347720	124.00
0.347740	124.00
0.347760	125.00
0.347780	125.00
0.347800	125.00
0.347820	125.00
0.347840	125.00
0.347860	125.00
0.347880	125.00
0.347900	125.00
0.347920	125.00
0.347940	125.00
0.347960	125.00
0.347980	126.00
0.348000	126.00
0.348020	125.00
0.348040	124.00
0.348060	124.00
0.348080	124.00
0.348100	124.00
0.348120	125.00
0.348140	125.00
0.348160	124.00
0.348180	124.00
0.348200	124.00
0.348220	124.00
0.348240	125.00
0.348260	125.00
0.348280	125.00
0.348300	125.00
0.348320	125.00
0.348340	126.00
0.348360	126.00
0.348380	126.00
0.348400	126.00
0.348420	125.00
0.348440	125.00
0.348460	125.00
0.348480	125.00
0.348500	125.00
0.348520	124.00
0.348540	124.00
0.348560	124.00
0.348580	124.00
0.348600	124.00
0.348620	124.00
0.348640	124.00
0.348660	124.00
0.348680	125.00
0.348700	126.00
0.348720	126.00
0.348740	127.00
0.348760	127.00
0.348780	126.00
0.348800	126.00
0.348820	126.00
0.348840	126.00
0.348860	126.00
0.348880	125.00
0.348900	125.00
0.348920	124.00
0.348940	124.00
0.348960	124.00
0.348980	124.00
0.349000	123.00
0.349020	123.00
0.349040	123.00
0.349060	124.00
0.349080	124.00
0.349100	125.00
0.349120	125.00
0.349140	126.00
0.349160	127.00
0.349180	127.00
0.349200	127.00
0.349220	127.00
0.349240	127.00
0.349260	126.00
0.349280	125.00
0.349300	125.00
0.349320	125.00
0.349340	124.00
0.349360	124.00
0.349380	124.00
0.349400	124.00
0.349420	124.00
0.349440	124.00
0.349460	124.00
0.349480	124.00
0.349500	124.00
0.349520	124.00
0.349540	125.00
0.349560	126.00
0.349580	126.00
0.349600	126.00
0.349620	126.00
0.349640	126.00
0.349660	127.00
0.349680	127.00
0.349700	126.00
0.349720	126.00
0.349740	125.00
0.349760	124.00
0.349780	124.00
0.349800	124.00
0.349820	124.00
0.349840	124.00
0.349860	124.00
0.349880	124.00
0.349900	124.00
0.349920	125.00
0.349940	125.00
0.349960	125.00
0.349980	125.00
0.350000	125.00
0.350020	125.00
0.350040	125.00
0.350060	125.00
0.350080	125.00
0.350100	125.00
0.350120	125.00
0.350140	125.00
0.350160	125.00
0.350180	125.00
0.350200	125.00
0.350220	124.00
0.350240	124.00
0.350260	124.00
0.350280	124.00
0.350300	124.00
0.350320	124.00
0.350340	123.00
0.350360	124.00
0.350380	124.00
0.350400	125.00
0.350420	125.00
0.350440	125.00
0.350460	125.00
0.350480	125.00
0.350500	126.00
0.350520	127.00
0.350540	128.00
0.350560	128.00
0.350580	128.00
0.350600	128.00
0.350620	127.00
0.350640	126.00
0.350660	125.00
0.350680	124.00
0.350700	123.00
0.350720	122.00
0.350740	122.00
0.350760	121.00
0.350780	121.00
0.350800	121.00
0.350820	121.00
0.350840	121.00
0.350860	122.00
0.350880	124.00
0.350900	125.00
0.350920	127.00
0.350940	129.00
0.350960	131.00
0.350980	133.00
0.351000	134.00
0.351020	133.00
0.351040	132.00
0.351060	130.00
0.351080	127.00
0.351100	125.00
0.351120	121.00
0.351140	118.00
0.351160	115.00
0.351180	113.00
0.351200	113.00
0.351220	113.00
0.351240	114.00
0.351260	116.00
0.351280	120.00
0.351300	124.00
0.351320	128.00
0.351340	132.00
0.351360	136.00
0.351380	138.00
0.351400	140.00
0.351420	140.00
0.351440	139.00
0.351460	137.00
0.351480	133.00
0.351500	129.00
0.351520	125.00
0.351540	120.00
0.351560	116.00
0.351580	112.00
0.351600	110.00
0.351620	109.00
0.351640	110.00
0.351660	111.00
0.351680	113.00
0.351700	116.00
0.351720	120.00
0.351740	125.00
0.351760	129.00
0.351780	133.00
0.351800	136.00
0.351820	137.00
0.351840	138.00
0.351860	138.00
0.351880	137.00
0.351900	135.00
0.351920	132.00
0.351940	128.00
0.351960	125.00
0.351980	121.00
0.352000	118.00
0.352020	116.00
0.352040	114.00
0.352060	113.00
0.352080	113.00
0.352100	114.00
0.352120	116.00
0.352140	118.00
0.352160	121.00
0.352180	124.00
0.352200	127.00
0.352220	129.00
0.352240	131.00
0.352260	133.00
0.352280	134.00
0.352300	134.00
0.352320	133.00
0.352340	132.00
0.352360	130.00
0.352380	128.00
0.352400	125.00
0.352420	123.00
0.352440	121.00
0.352460	120.00
0.352480	119.00
0.352500	119.00
0.352520	119.00
0.352540	119.00
0.352560	120.00
0.352580	122.00
0.352600	123.00
0.352620	125.00
0.352640	126.00
0.352660	127.00
0.352680	128.00
0.352700	129.00
0.352720	129.00
0.352740	129.00
0.352760	129.00
0.352780	128.00
0.352800	127.00
0.352820	126.00
0.352840	125.00
0.352860	124.00
0.352880	123.00
0.352900	122.00
0.352920	121.00
0.352940	121.00
0.352960	121.00
0.352980	122.00
0.353000	122.00
0.353020	123.00
0.353040	124.00
0.353060	125.00
0.353080	126.00
0.353100	126.00
0.353120	127.00
0.353140	127.00
0.353160	127.00
0.353180	127.00
0.353200	127.00
0.353220	126.00
0.353240	125.00
0.353260	125.00
0.353280	125.00
0.353300	125.00
0.353320	125.00
0.353340	124.00
0.353360	124.00
0.353380	124.00
0.353400	124.00
0.353420	124.00
0.353440	124.00
0.353460	124.00
0.353480	125.00
0.353500	125.00
0.353520	125.00
0.353540	125.00
0.353560	125.00
0.353580	125.00
0.353600	125.00
0.353620	125.00
0.353640	125.00
0.353660	125.00
0.353680	125.00
0.353700	125.00
0.353720	125.00
0.353740	125.00
0.353760	124.00
0.353780	124.00
0.353800	125.00
0.353820	125.00
0.353840	125.00
0.353860	125.00
0.353880	125.00
0.353900	125.00
0.353920	125.00
0.353940	125.00
0.353960	126.00
0.353980	126.00
0.354000	126.00
0.354020	125.00
0.354040	125.00
0.354060	125.00
0.354080	125.00
0.354100	126.00
0.354120	126.00
0.354140	126.00
0.354160	125.00
0.354180	125.00
0.354200	125.00
0.354220	125.00
0.354240	125.00
0.354260	125.00
0.354280	125.00
0.354300	125.00
0.354320	124.00
0.354340	124.00
0.354360	125.00
0.354380	125.00
0.354400	125.00
0.354420	125.00
0.354440	125.00
0.354460	125.00
0.354480	125.00
0.354500	125.00
0.354520	125.00
0.354540	125.00
0.354560	125.00
0.354580	125.00
0.354600	125.00
0.354620	125.00
0.354640	125.00
0.354660	125.00
0.354680	124.00
0.354700	124.00
0.354720	124.00
0.354740	124.00
0.354760	124.00
0.354780	124.00
0.354800	124.00
0.354820	125.00
0.354840	125.00
0.354860	126.00
0.354880	126.00
0.354900	126.00
0.354920	126.00
0.354940	126.00
0.354960	126.00
0.354980	126.00
0.355000	126.00
0.355020	125.00
0.355040	124.00
0.355060	124.00
0.355080	123.00
0.355100	124.00
0.355120	124.00
0.355140	124.00
0.355160	124.00
0.355180	124.00
0.355200	124.00
0.355220	125.00
0.355240	126.00
0.355260	126.00
0.355280	126.00
0.355300	126.00
0.355320	126.00
0.355340	126.00
0.355360	126.00
0.355380	126.00
0.355400	125.00
0.355420	125.00
0.355440	124.00
0.355460	124.00
0.355480	124.00
0.355500	124.00
0.355520	123.00
0.355540	123.00
0.355560	123.00
0.355580	124.00
0.355600	124.00
0.355620	124.00
0.355640	125.00
0.355660	125.00
0.355680	125.00
0.355700	126.00
0.355720	126.00
0.355740	126.00
0.355760	126.00
0.355780	126.00
0.355800	126.00
0.355820	125.00
0.355840	125.00
0.355860	125.00
0.355880	125.00
0.355900	124.00
0.355920	124.00
0.355940	124.00
0.355960	124.00
0.355980	124.00
0.356000	124.00
0.356020	124.00
0.356040	124.00
0.356060	124.00
0.356080	124.00
0.356100	125.00
0.356120	125.00
0.356140	125.00
0.356160	125.00
0.356180	126.00
0.356200	126.00
0.356220	126.00
0.356240	126.00
0.356260	126.00
0.356280	126.00
0.356300	125.00
0.356320	125.00
0.356340	125.00
0.356360	125.00
0.356380	125.00
0.356400	125.00
0.356420	124.00
0.356440	124.00
0.356460	124.00
0.356480	124.00
0.356500	124.00
0.356520	124.00
0.356540	123.00
0.356560	124.00
0.356580	124.00
0.356600	124.00
0.356620	124.00
0.356640	125.00
0.356660	125.00
0.356680	126.00
0.356700	127.00
0.356720	127.00
0.356740	127.00
0.356760	127.00
0.356780	127.00
0.356800	127.00
0.356820	126.00
0.356840	126.00
0.356860	126.00
0.356880	125.00
0.356900	124.00
0.356920	123.00
0.356940	122.00
0.356960	122.00
0.356980	122.00
0.357000	122.00
0.357020	122.00
0.357040	122.00
0.357060	122.00
0.357080	123.00
0.357100	125.00
0.357120	126.00
0.357140	128.00
0.357160	129.00
0.357180	130.00
0.357200	131.00
0.357220	131.00
0.357240	130.00
0.357260	129.00
0.357280	127.00
0.357300	125.00
0.357320	123.00
0.357340	120.00
0.357360	119.00
0.357380	117.00
0.357400	116.00
0.357420	116.00
0.357440	117.00
0.357460	119.00
0.357480	121.00
0.357500	124.00
0.357520	127.00
0.357540	130.00
0.357560	132.00
0.357580	135.00
0.357600	136.00
0.357620	136.00
0.357640	135.00
0.357660	134.00
0.357680	132.00
0.357700	129.00
0.357720	126.00
0.357740	122.00
0.357760	119.00
0.357780	116.00
0.357800	114.00
0.357820	113.00
0.357840	113.00
0.357860	114.00
0.357880	116.00
0.357900	119.00
0.357920	122.00
0.357940	126.00
0.357960	129.00
0.357980	132.00
0.358000	134.00
0.358020	135.00
0.358040	135.00
0.358060	135.00
0.358080	134.00
0.358100	132.00
0.358120	129.00
0.358140	126.00
0.358160	123.00
0.358180	120.00
0.358200	118.00
0.358220	117.00
0.358240	116.00
0.358260	116.00
0.358280	117.00
0.358300	118.00
0.358320	120.00
0.358340	122.00
0.358360	124.00
0.358380	127.00
0.358400	129.00
0.358420	131.00
0.358440	132.00
0.358460	133.00
0.358480	132.00
0.358500	131.00
0.358520	130.00
0.358540	128.00
0.358560	126.00
0.358580	124.00
0.358600	122.00
0.358620	120.00
0.358640	119.00
0.358660	119.00
0.358680	119.00
0.358700	120.00
0.358720	121.00
0.358740	122.00
0.358760	124.00
0.358780	126.00
0.358800	127.00
0.358820	128.00
0.358840	128.00
0.358860	129.00
0.358880	129.00
0.358900	128.00
0.358920	128.00
0.358940	127.00
0.358960	126.00
0.358980	126.00
0.359000	125.00
0.359020	124.00
0.359040	123.00
0.359060	123.00
0.359080	123.00
0.359100	123.00
0.359120	123.00
0.359140	123.00
0.359160	123.00
0.359180	124.00
0.359200	125.00
0.359220	126.00
0.359240	126.00
0.359260	126.00
0.359280	126.00
0.359300	127.00
0.359320	127.00
0.359340	127.00
0.359360	127.00
0.359380	126.00
0.359400	126.00
0.359420	125.00
0.359440	125.00
0.359460	125.00
0.359480	124.00
0.359500	124.00
0.359520	124.00
0.359540	123.00
0.359560	123.00
0.359580	124.00
0.359600	124.00
0.359620	124.00
0.359640	124.00
0.359660	125.00
0.359680	125.00
0.359700	125.00
0.359720	125.00
0.359740	125.00
0.359760	125.00
0.359780	125.00
0.359800	125.00
0.359820	125.00
0.359840	125.00
0.359860	125.00
0.359880	125.00
0.359900	125.00
0.359920	125.00
0.359940	125.00
0.359960	125.00
0.359980	126.00
