0.310000	101.00
0.310020	49.00
0.310040	101.00
0.310060	140.00
0.310080	143.00
0.310100	124.00
0.310120	112.00
0.310140	117.00
0.310160	130.00
0.310180	134.00
0.310200	126.00
0.310220	119.00
0.310240	122.00
0.310260	129.00
0.310280	131.00
0.310300	126.00
0.310320	121.00
0.310340	123.00
0.310360	128.00
0.310380	129.00
0.310400	125.00
0.310420	121.00
0.310440	123.00
0.310460	127.00
0.310480	128.00
0.310500	125.00
0.310520	122.00
0.310540	123.00
0.310560	126.00
0.310580	127.00
0.310600	125.00
0.310620	123.00
0.310640	124.00
0.310660	127.00
0.310680	127.00
0.310700	125.00
0.310720	122.00
0.310740	123.00
0.310760	126.00
0.310780	127.00
0.310800	125.00
0.310820	123.00
0.310840	123.00
0.310860	125.00
0.310880	126.00
0.310900	125.00
0.310920	124.00
0.310940	123.00
0.310960	124.00
0.310980	124.00
0.311000	123.00
0.311020	123.00
0.311040	124.00
0.311060	125.00
0.311080	126.00
0.311100	124.00
0.311120	123.00
0.311140	124.00
0.311160	126.00
0.311180	126.00
0.311200	125.00
0.311220	124.00
0.311240	125.00
0.311260	126.00
0.311280	126.00
0.311300	125.00
0.311320	124.00
0.311340	124.00
0.311360	126.00
0.311380	126.00
0.311400	124.00
0.311420	123.00
0.311440	124.00
0.311460	126.00
0.311480	126.00
0.311500	125.00
0.311520	124.00
0.311540	124.00
0.311560	125.00
0.311580	125.00
0.311600	124.00
0.311620	124.00
0.311640	124.00
0.311660	125.00
0.311680	125.00
0.311700	123.00
0.311720	123.00
0.311740	123.00
0.311760	125.00
0.311780	126.00
0.311800	125.00
0.311820	124.00
0.311840	124.00
0.311860	125.00
0.311880	125.00
0.311900	124.00
0.311920	123.00
0.311940	124.00
0.311960	125.00
0.311980	126.00
0.312000	125.00
0.312020	124.00
0.312040	124.00
0.312060	125.00
0.312080	125.00
0.312100	124.00
0.312120	123.00
0.312140	123.00
0.312160	124.00
0.312180	125.00
0.312200	124.00
0.312220	124.00
0.312240	124.00
0.312260	124.00
0.312280	125.00
0.312300	125.00
0.312320	125.00
0.312340	125.00
0.312360	126.00
0.312380	126.00
0.312400	125.00
0.312420	124.00
0.312440	124.00
0.312460	125.00
0.312480	126.00
0.312500	126.00
0.312520	126.00
0.312540	126.00
0.312560	126.00
0.312580	126.00
0.312600	124.00
0.312620	124.00
0.312640	124.00
0.312660	125.00
0.312680	126.00
0.312700	125.00
0.312720	125.00
0.312740	124.00
0.312760	124.00
0.312780	124.00
0.312800	124.00
0.312820	124.00
0.312840	125.00
0.312860	125.00
0.312880	126.00
0.312900	125.00
0.312920	124.00
0.312940	124.00
0.312960	125.00
0.312980	125.00
0.313000	124.00
0.313020	124.00
0.313040	124.00
0.313060	126.00
0.313080	126.00
0.313100	126.00
0.313120	125.00
0.313140	124.00
0.313160	124.00
0.313180	124.00
0.313200	124.00
0.313220	124.00
0.313240	124.00
0.313260	124.00
0.313280	124.00
0.313300	125.00
0.313320	125.00
0.313340	126.00
0.313360	126.00
0.313380	126.00
0.313400	125.00
0.313420	125.00
0.313440	125.00
0.313460	126.00
0.313480	126.00
0.313500	125.00
0.313520	124.00
0.313540	124.00
0.313560	124.00
0.313580	125.00
0.313600	125.00
0.313620	125.00
0.313640	125.00
0.313660	125.00
0.313680	125.00
0.313700	125.00
0.313720	124.00
0.313740	124.00
0.313760	125.00
0.313780	125.00
0.313800	125.00
0.313820	125.00
0.313840	124.00
0.313860	125.00
0.313880	125.00
0.313900	125.00
0.313920	125.00
0.313940	125.00
0.313960	126.00
0.313980	126.00
0.314000	126.00
0.314020	125.00
0.314040	124.00
0.314060	124.00
0.314080	125.00
0.314100	125.00
0.314120	125.00
0.314140	125.00
0.314160	125.00
0.314180	125.00
0.314200	126.00
0.314220	126.00
0.314240	126.00
0.314260	125.00
0.314280	124.00
0.314300	123.00
0.314320	124.00
0.314340	125.00
0.314360	126.00
0.314380	126.00
0.314400	125.00
0.314420	124.00
0.314440	125.00
0.314460	125.00
0.314480	125.00
0.314500	125.00
0.314520	124.00
0.314540	124.00
0.314560	125.00
0.314580	125.00
0.314600	125.00
0.314620	124.00
0.314640	124.00
0.314660	124.00
0.314680	124.00
0.314700	124.00
0.314720	125.00
0.314740	125.00
0.314760	126.00
0.314780	126.00
0.314800	126.00
0.314820	125.00
0.314840	125.00
0.314860	125.00
0.314880	125.00
0.314900	124.00
0.314920	123.00
0.314940	124.00
0.314960	125.00
0.314980	126.00
0.315000	126.00
0.315020	126.00
0.315040	125.00
0.315060	125.00
0.315080	124.00
0.315100	124.00
0.315120	124.00
0.315140	124.00
0.315160	125.00
0.315180	125.00
0.315200	125.00
0.315220	125.00
0.315240	125.00
0.315260	125.00
0.315280	125.00
0.315300	124.00
0.315320	124.00
0.315340	125.00
0.315360	125.00
0.315380	124.00
0.315400	124.00
0.315420	123.00
0.315440	124.00
0.315460	125.00
0.315480	125.00
0.315500	124.00
0.315520	123.00
0.315540	123.00
0.315560	124.00
0.315580	124.00
0.315600	124.00
0.315620	124.00
0.315640	124.00
0.315660	124.00
0.315680	124.00
0.315700	124.00
0.315720	124.00
0.315740	125.00
0.315760	125.00
0.315780	126.00
0.315800	125.00
0.315820	125.00
0.315840	125.00
0.315860	124.00
0.315880	124.00
0.315900	123.00
0.315920	123.00
0.315940	123.00
0.315960	125.00
0.315980	125.00
0.316000	125.00
0.316020	125.00
0.316040	125.00
0.316060	125.00
0.316080	125.00
0.316100	124.00
0.316120	124.00
0.316140	124.00
0.316160	124.00
0.316180	124.00
0.316200	124.00
0.316220	124.00
0.316240	124.00
0.316260	125.00
0.316280	126.00
0.316300	125.00
0.316320	124.00
0.316340	124.00
0.316360	125.00
0.316380	126.00
0.316400	125.00
0.316420	125.00
0.316440	125.00
0.316460	126.00
0.316480	127.00
0.316500	127.00
0.316520	127.00
0.316540	126.00
0.316560	126.00
0.316580	126.00
0.316600	126.00
0.316620	125.00
0.316640	124.00
0.316660	124.00
0.316680	124.00
0.316700	125.00
0.316720	125.00
0.316740	125.00
0.316760	125.00
0.316780	125.00
0.316800	125.00
0.316820	125.00
0.316840	125.00
0.316860	125.00
0.316880	125.00
0.316900	124.00
0.316920	123.00
0.316940	124.00
0.316960	124.00
0.316980	124.00
0.317000	124.00
0.317020	124.00
0.317040	125.00
0.317060	126.00
0.317080	126.00
0.317100	125.00
0.317120	125.00
0.317140	125.00
0.317160	126.00
0.317180	126.00
0.317200	126.00
0.317220	125.00
0.317240	124.00
0.317260	124.00
0.317280	125.00
0.317300	125.00
0.317320	125.00
0.317340	125.00
0.317360	125.00
0.317380	125.00
0.317400	125.00
0.317420	125.00
0.317440	125.00
0.317460	125.00
0.317480	124.00
0.317500	124.00
0.317520	123.00
0.317540	123.00
0.317560	124.00
0.317580	124.00
0.317600	124.00
0.317620	124.00
0.317640	124.00
0.317660	125.00
0.317680	126.00
0.317700	127.00
0.317720	126.00
0.317740	126.00
0.317760	126.00
0.317780	126.00
0.317800	126.00
0.317820	125.00
0.317840	124.00
0.317860	124.00
0.317880	124.00
0.317900	125.00
0.317920	125.00
0.317940	125.00
0.317960	124.00
0.317980	125.00
0.318000	125.00
0.318020	125.00
0.318040	125.00
0.318060	125.00
0.318080	125.00
0.318100	125.00
0.318120	125.00
0.318140	125.00
0.318160	125.00
0.318180	125.00
0.318200	126.00
0.318220	126.00
0.318240	126.00
0.318260	126.00
0.318280	126.00
0.318300	125.00
0.318320	125.00
0.318340	124.00
0.318360	123.00
0.318380	123.00
0.318400	123.00
0.318420	124.00
0.318440	124.00
0.318460	124.00
0.318480	124.00
0.318500	123.00
0.318520	123.00
0.318540	124.00
0.318560	124.00
0.318580	124.00
0.318600	124.00
0.318620	124.00
0.318640	124.00
0.318660	123.00
0.318680	123.00
0.318700	123.00
0.318720	124.00
0.318740	125.00
0.318760	125.00
0.318780	124.00
0.318800	124.00
0.318820	124.00
0.318840	125.00
0.318860	125.00
0.318880	123.00
0.318900	122.00
0.318920	121.00
0.318940	122.00
0.318960	123.00
0.318980	124.00
0.319000	125.00
0.319020	126.00
0.319040	127.00
0.319060	130.00
0.319080	132.00
0.319100	132.00
0.319120	132.00
0.319140	131.00
0.319160	131.00
0.319180	130.00
0.319200	128.00
0.319220	126.00
0.319240	123.00
0.319260	120.00
0.319280	118.00
0.319300	115.00
0.319320	114.00
0.319340	113.00
0.319360	112.00
0.319380	113.00
0.319400	113.00
0.319420	115.00
0.319440	118.00
0.319460	122.00
0.319480	128.00
0.319500	135.00
0.319520	140.00
0.319540	144.00
0.319560	146.00
0.319580	147.00
0.319600	145.00
0.319620	142.00
0.319640	137.00
0.319660	130.00
0.319680	121.00
0.319700	113.00
0.319720	105.00
0.319740	99.00
0.319760	95.00
0.319780	92.00
0.319800	92.00
0.319820	96.00
0.319840	102.00
0.319860	111.00
0.319880	122.00
0.319900	134.00
0.319920	146.00
0.319940	158.00
0.319960	166.00
0.319980	172.00
0.320000	173.00
0.320020	171.00
0.320040	166.00
0.320060	157.00
0.320080	145.00
0.320100	131.00
0.320120	116.00
0.320140	101.00
0.320160	88.00
0.320180	78.00
0.320200	70.00
0.320220	67.00
0.320240	68.00
0.320260	74.00
0.320280	83.00
0.320300	95.00
0.320320	109.00
0.320340	125.00
0.320360	141.00
0.320380	156.00
0.320400	168.00
0.320420	175.00
0.320440	179.00
0.320460	179.00
0.320480	176.00
0.320500	169.00
0.320520	158.00
0.320540	145.00
0.320560	132.00
0.320580	118.00
0.320600	105.00
0.320620	94.00
0.320640	86.00
0.320660	82.00
0.320680	80.00
0.320700	82.00
0.320720	87.00
0.320740	95.00
0.320760	104.00
0.320780	114.00
0.320800	124.00
0.320820	134.00
0.320840	142.00
0.320860	149.00
0.320880	153.00
0.320900	155.00
0.320920	154.00
0.320940	151.00
0.320960	147.00
0.320980	142.00
0.321000	135.00
0.321020	128.00
0.321040	121.00
0.321060	115.00
0.321080	110.00
0.321100	107.00
0.321120	105.00
0.321140	106.00
0.321160	107.00
0.321180	111.00
0.321200	115.00
0.321220	119.00
0.321240	124.00
0.321260	127.00
0.321280	130.00
0.321300	133.00
0.321320	135.00
0.321340	136.00
0.321360	136.00
0.321380	135.00
0.321400	134.00
0.321420	132.00
0.321440	129.00
0.321460	126.00
0.321480	123.00
0.321500	120.00
0.321520	118.00
0.321540	118.00
0.321560	118.00
0.321580	118.00
0.321600	118.00
0.321620	119.00
0.321640	120.00
0.321660	122.00
0.321680	125.00
0.321700	126.00
0.321720	127.00
0.321740	128.00
0.321760	129.00
0.321780	129.00
0.321800	128.00
0.321820	127.00
0.321840	127.00
0.321860	126.00
0.321880	126.00
0.321900	125.00
0.321920	124.00
0.321940	123.00
0.321960	122.00
0.321980	122.00
0.322000	121.00
0.322020	122.00
0.322040	122.00
0.322060	123.00
0.322080	124.00
0.322100	124.00
0.322120	125.00
0.322140	126.00
0.322160	127.00
0.322180	127.00
0.322200	127.00
0.322220	126.00
0.322240	126.00
0.322260	126.00
0.322280	125.00
0.322300	125.00
0.322320	124.00
0.322340	124.00
0.322360	123.00
0.322380	123.00
0.322400	123.00
0.322420	123.00
0.322440	123.00
0.322460	124.00
0.322480	124.00
0.322500	124.00
0.322520	124.00
0.322540	125.00
0.322560	126.00
0.322580	126.00
0.322600	125.00
0.322620	125.00
0.322640	124.00
0.322660	125.00
0.322680	127.00
0.322700	127.00
0.322720	127.00
0.322740	126.00
0.322760	126.00
0.322780	125.00
0.322800	125.00
0.322820	124.00
0.322840	124.00
0.322860	125.00
0.322880	125.00
0.322900	125.00
0.322920	124.00
0.322940	124.00
0.322960	124.00
0.322980	124.00
0.323000	124.00
0.323020	124.00
0.323040	125.00
0.323060	127.00
0.323080	128.00
0.323100	128.00
0.323120	128.00
0.323140	127.00
0.323160	127.00
0.323180	127.00
0.323200	127.00
0.323220	127.00
0.323240	126.00
0.323260	126.00
0.323280	125.00
0.323300	125.00
0.323320	124.00
0.323340	124.00
0.323360	124.00
0.323380	125.00
0.323400	125.00
0.323420	125.00
0.323440	125.00
0.323460	125.00
0.323480	125.00
0.323500	125.00
0.323520	125.00
0.323540	125.00
0.323560	125.00
0.323580	124.00
0.323600	124.00
0.323620	124.00
0.323640	124.00
0.323660	124.00
0.323680	124.00
0.323700	124.00
0.323720	124.00
0.323740	124.00
0.323760	124.00
0.323780	124.00
0.323800	124.00
0.323820	124.00
0.323840	124.00
0.323860	125.00
0.323880	125.00
0.323900	125.00
0.323920	125.00
0.323940	125.00
0.323960	125.00
0.323980	125.00
0.324000	124.00
0.324020	123.00
0.324040	123.00
0.324060	124.00
0.324080	125.00
0.324100	125.00
0.324120	125.00
0.324140	124.00
0.324160	124.00
0.324180	125.00
0.324200	125.00
0.324220	125.00
0.324240	126.00
0.324260	126.00
0.324280	126.00
0.324300	126.00
0.324320	125.00
0.324340	123.00
0.324360	122.00
0.324380	122.00
0.324400	122.00
0.324420	123.00
0.324440	123.00
0.324460	124.00
0.324480	125.00
0.324500	125.00
0.324520	125.00
0.324540	126.00
0.324560	126.00
0.324580	126.00
0.324600	125.00
0.324620	125.00
0.324640	125.00
0.324660	125.00
0.324680	125.00
0.324700	125.00
0.324720	125.00
0.324740	125.00
0.324760	125.00
0.324780	125.00
0.324800	124.00
0.324820	124.00
0.324840	125.00
0.324860	125.00
0.324880	126.00
0.324900	125.00
0.324920	125.00
0.324940	124.00
0.324960	124.00
0.324980	124.00
0.325000	125.00
0.325020	125.00
0.325040	125.00
0.325060	125.00
0.325080	125.00
0.325100	125.00
0.325120	125.00
0.325140	125.00
0.325160	125.00
0.325180	125.00
0.325200	125.00
0.325220	125.00
0.325240	125.00
0.325260	125.00
0.325280	125.00
0.325300	124.00
0.325320	124.00
0.325340	124.00
0.325360	125.00
0.325380	125.00
0.325400	124.00
0.325420	124.00
0.325440	124.00
0.325460	124.00
0.325480	124.00
0.325500	124.00
0.325520	124.00
0.325540	125.00
0.325560	125.00
0.325580	125.00
0.325600	125.00
0.325620	124.00
0.325640	124.00
0.325660	125.00
0.325680	125.00
0.325700	125.00
0.325720	125.00
0.325740	124.00
0.325760	124.00
0.325780	124.00
0.325800	124.00
0.325820	124.00
0.325840	125.00
0.325860	125.00
0.325880	125.00
0.325900	126.00
0.325920	125.00
0.325940	125.00
0.325960	125.00
0.325980	125.00
0.326000	125.00
0.326020	125.00
0.326040	124.00
0.326060	124.00
0.326080	124.00
0.326100	124.00
0.326120	124.00
0.326140	124.00
0.326160	125.00
0.326180	125.00
0.326200	125.00
0.326220	124.00
0.326240	124.00
0.326260	124.00
0.326280	125.00
0.326300	125.00
0.326320	124.00
0.326340	124.00
0.326360	123.00
0.326380	124.00
0.326400	125.00
0.326420	126.00
0.326440	126.00
0.326460	126.00
0.326480	126.00
0.326500	126.00
0.326520	126.00
0.326540	126.00
0.326560	126.00
0.326580	125.00
0.326600	125.00
0.326620	124.00
0.326640	125.00
0.326660	125.00
0.326680	125.00
0.326700	125.00
0.326720	124.00
0.326740	124.00
0.326760	124.00
0.326780	124.00
0.326800	124.00
0.326820	124.00
0.326840	123.00
0.326860	123.00
0.326880	124.00
0.326900	124.00
0.326920	124.00
0.326940	124.00
0.326960	125.00
0.326980	125.00
0.327000	125.00
0.327020	125.00
0.327040	124.00
0.327060	124.00
0.327080	125.00
0.327100	125.00
0.327120	126.00
0.327140	126.00
0.327160	126.00
0.327180	125.00
0.327200	125.00
0.327220	124.00
0.327240	124.00
0.327260	124.00
0.327280	125.00
0.327300	125.00
0.327320	125.00
0.327340	125.00
0.327360	124.00
0.327380	124.00
0.327400	125.00
0.327420	125.00
0.327440	125.00
0.327460	125.00
0.327480	125.00
0.327500	125.00
0.327520	126.00
0.327540	126.00
0.327560	125.00
0.327580	125.00
0.327600	125.00
0.327620	125.00
0.327640	125.00
0.327660	125.00
0.327680	125.00
0.327700	125.00
0.327720	125.00
0.327740	125.00
0.327760	125.00
0.327780	125.00
0.327800	125.00
0.327820	126.00
0.327840	126.00
0.327860	126.00
0.327880	125.00
0.327900	123.00
0.327920	123.00
0.327940	123.00
0.327960	124.00
0.327980	126.00
0.328000	126.00
0.328020	126.00
0.328040	125.00
0.328060	126.00
0.328080	126.00
0.328100	127.00
0.328120	127.00
0.328140	126.00
0.328160	125.00
0.328180	124.00
0.328200	124.00
0.328220	124.00
0.328240	124.00
0.328260	123.00
0.328280	123.00
0.328300	122.00
0.328320	123.00
0.328340	123.00
0.328360	124.00
0.328380	124.00
0.328400	124.00
0.328420	125.00
0.328440	125.00
0.328460	125.00
0.328480	125.00
0.328500	124.00
0.328520	123.00
0.328540	123.00
0.328560	124.00
0.328580	125.00
0.328600	125.00
0.328620	125.00
0.328640	125.00
0.328660	125.00
0.328680	125.00
0.328700	125.00
0.328720	125.00
0.328740	125.00
0.328760	125.00
0.328780	125.00
0.328800	124.00
0.328820	124.00
0.328840	124.00
0.328860	125.00
0.328880	125.00
0.328900	125.00
0.328920	125.00
0.328940	125.00
0.328960	124.00
0.328980	124.00
0.329000	123.00
0.329020	124.00
0.329040	124.00
0.329060	125.00
0.329080	125.00
0.329100	125.00
0.329120	125.00
0.329140	125.00
0.329160	125.00
0.329180	125.00
0.329200	125.00
0.329220	125.00
0.329240	125.00
0.329260	125.00
0.329280	126.00
0.329300	126.00
0.329320	125.00
0.329340	124.00
0.329360	124.00
0.329380	125.00
0.329400	125.00
0.329420	125.00
0.329440	125.00
0.329460	125.00
0.329480	125.00
0.329500	125.00
0.329520	124.00
0.329540	123.00
0.329560	123.00
0.329580	124.00
0.329600	125.00
0.329620	125.00
0.329640	125.00
0.329660	125.00
0.329680	125.00
0.329700	126.00
0.329720	126.00
0.329740	126.00
0.329760	126.00
0.329780	125.00
0.329800	125.00
0.329820	125.00
0.329840	124.00
0.329860	124.00
0.329880	124.00
0.329900	124.00
0.329920	125.00
0.329940	125.00
0.329960	124.00
0.329980	124.00
0.330000	124.00
0.330020	125.00
0.330040	125.00
0.330060	125.00
0.330080	125.00
0.330100	125.00
0.330120	124.00
0.330140	124.00
0.330160	123.00
0.330180	124.00
0.330200	124.00
0.330220	125.00
0.330240	124.00
0.330260	124.00
0.330280	124.00
0.330300	124.00
0.330320	125.00
0.330340	125.00
0.330360	125.00
0.330380	124.00
0.330400	124.00
0.330420	124.00
0.330440	124.00
0.330460	124.00
0.330480	124.00
0.330500	124.00
0.330520	125.00
0.330540	125.00
0.330560	125.00
0.330580	124.00
0.330600	124.00
0.330620	124.00
0.330640	124.00
0.330660	124.00
0.330680	124.00
0.330700	124.00
0.330720	124.00
0.330740	125.00
0.330760	126.00
0.330780	126.00
0.330800	126.00
0.330820	125.00
0.330840	125.00
0.330860	125.00
0.330880	125.00
0.330900	125.00
0.330920	125.00
0.330940	125.00
0.330960	125.00
0.330980	125.00
0.331000	125.00
0.331020	125.00
0.331040	125.00
0.331060	125.00
0.331080	126.00
0.331100	126.00
0.331120	126.00
0.331140	125.00
0.331160	124.00
0.331180	124.00
0.331200	124.00
0.331220	124.00
0.331240	125.00
0.331260	126.00
0.331280	126.00
0.331300	126.00
0.331320	126.00
0.331340	125.00
0.331360	125.00
0.331380	124.00
0.331400	124.00
0.331420	124.00
0.331440	124.00
0.331460	124.00
0.331480	124.00
0.331500	124.00
0.331520	124.00
0.331540	124.00
0.331560	124.00
0.331580	124.00
0.331600	124.00
0.331620	124.00
0.331640	124.00
0.331660	125.00
0.331680	125.00
0.331700	126.00
0.331720	126.00
0.331740	126.00
0.331760	127.00
0.331780	127.00
0.331800	126.00
0.331820	125.00
0.331840	125.00
0.331860	125.00
0.331880	124.00
0.331900	124.00
0.331920	124.00
0.331940	124.00
0.331960	125.00
0.331980	125.00
0.332000	125.00
0.332020	125.00
0.332040	124.00
0.332060	124.00
0.332080	124.00
0.332100	124.00
0.332120	124.00
0.332140	124.00
0.332160	124.00
0.332180	124.00
0.332200	124.00
0.332220	124.00
0.332240	124.00
0.332260	125.00
0.332280	125.00
0.332300	125.00
0.332320	125.00
0.332340	124.00
0.332360	124.00
0.332380	124.00
0.332400	125.00
0.332420	125.00
0.332440	125.00
0.332460	125.00
0.332480	125.00
0.332500	125.00
0.332520	125.00
0.332540	125.00
0.332560	125.00
0.332580	125.00
0.332600	124.00
0.332620	124.00
0.332640	124.00
0.332660	124.00
0.332680	124.00
0.332700	125.00
0.332720	125.00
0.332740	126.00
0.332760	126.00
0.332780	125.00
0.332800	125.00
0.332820	125.00
0.332840	126.00
0.332860	126.00
0.332880	127.00
0.332900	126.00
0.332920	126.00
0.332940	125.00
0.332960	125.00
0.332980	124.00
0.333000	124.00
0.333020	124.00
0.333040	124.00
0.333060	124.00
0.333080	124.00
0.333100	123.00
0.333120	123.00
0.333140	124.00
0.333160	124.00
0.333180	125.00
0.333200	125.00
0.333220	125.00
0.333240	125.00
0.333260	126.00
0.333280	126.00
0.333300	126.00
0.333320	125.00
0.333340	125.00
0.333360	125.00
0.333380	125.00
0.333400	125.00
0.333420	125.00
0.333440	125.00
0.333460	125.00
0.333480	125.00
0.333500	124.00
0.333520	124.00
0.333540	124.00
0.333560	124.00
0.333580	124.00
0.333600	124.00
0.333620	124.00
0.333640	125.00
0.333660	125.00
0.333680	126.00
0.333700	126.00
0.333720	126.00
0.333740	126.00
0.333760	126.00
0.333780	126.00
0.333800	126.00
0.333820	126.00
0.333840	126.00
0.333860	125.00
0.333880	125.00
0.333900	124.00
0.333920	124.00
0.333940	124.00
0.333960	125.00
0.333980	125.00
0.334000	125.00
0.334020	126.00
0.334040	127.00
0.334060	127.00
0.334080	127.00
0.334100	126.00
0.334120	125.00
0.334140	124.00
0.334160	124.00
0.334180	124.00
0.334200	124.00
0.334220	124.00
0.334240	124.00
0.334260	124.00
0.334280	124.00
0.334300	124.00
0.334320	124.00
0.334340	124.00
0.334360	124.00
0.334380	125.00
0.334400	125.00
0.334420	125.00
0.334440	125.00
0.334460	125.00
0.334480	126.00
0.334500	126.00
0.334520	126.00
0.334540	126.00
0.334560	126.00
0.334580	126.00
0.334600	126.00
0.334620	126.00
0.334640	126.00
0.334660	125.00
0.334680	124.00
0.334700	124.00
0.334720	124.00
0.334740	124.00
0.334760	124.00
0.334780	124.00
0.334800	124.00
0.334820	124.00
0.334840	124.00
0.334860	124.00
0.334880	124.00
0.334900	124.00
0.334920	124.00
0.334940	124.00
0.334960	124.00
0.334980	124.00
0.335000	124.00
0.335020	124.00
0.335040	125.00
0.335060	125.00
0.335080	125.00
0.335100	125.00
0.335120	124.00
0.335140	124.00
0.335160	124.00
0.335180	124.00
0.335200	124.00
0.335220	124.00
0.335240	123.00
0.335260	124.00
0.335280	124.00
0.335300	125.00
0.335320	125.00
0.335340	125.00
0.335360	125.00
0.335380	125.00
0.335400	125.00
0.335420	125.00
0.335440	124.00
0.335460	123.00
0.335480	123.00
0.335500	123.00
0.335520	124.00
0.335540	125.00
0.335560	125.00
0.335580	125.00
0.335600	125.00
0.335620	125.00
0.335640	125.00
0.335660	125.00
0.335680	125.00
0.335700	125.00
0.335720	125.00
0.335740	124.00
0.335760	124.00
0.335780	124.00
0.335800	124.00
0.335820	124.00
0.335840	124.00
0.335860	124.00
0.335880	124.00
0.335900	124.00
0.335920	124.00
0.335940	124.00
0.335960	124.00
0.335980	124.00
0.336000	124.00
0.336020	124.00
0.336040	124.00
0.336060	125.00
0.336080	125.00
0.336100	126.00
0.336120	126.00
0.336140	126.00
0.336160	125.00
0.336180	124.00
0.336200	125.00
0.336220	125.00
0.336240	125.00
0.336260	125.00
0.336280	124.00
0.336300	124.00
0.336320	124.00
0.336340	125.00
0.336360	125.00
0.336380	124.00
0.336400	124.00
0.336420	124.00
0.336440	124.00
0.336460	125.00
0.336480	125.00
0.336500	125.00
0.336520	125.00
0.336540	125.00
0.336560	125.00
0.336580	125.00
0.336600	125.00
0.336620	125.00
0.336640	125.00
0.336660	125.00
0.336680	125.00
0.336700	124.00
0.336720	124.00
0.336740	125.00
0.336760	125.00
0.336780	125.00
0.336800	125.00
0.336820	124.00
0.336840	124.00
0.336860	124.00
0.336880	124.00
0.336900	124.00
0.336920	124.00
0.336940	125.00
0.336960	125.00
0.336980	125.00
0.337000	125.00
0.337020	125.00
0.337040	126.00
0.337060	126.00
0.337080	126.00
0.337100	125.00
0.337120	125.00
0.337140	125.00
0.337160	125.00
0.337180	126.00
0.337200	126.00
0.337220	126.00
0.337240	125.00
0.337260	125.00
0.337280	125.00
0.337300	125.00
0.337320	125.00
0.337340	125.00
0.337360	125.00
0.337380	125.00
0.337400	124.00
0.337420	124.00
0.337440	125.00
0.337460	125.00
0.337480	124.00
0.337500	124.00
0.337520	123.00
0.337540	123.00
0.337560	123.00
0.337580	123.00
0.337600	124.00
0.337620	124.00
0.337640	124.00
0.337660	125.00
0.337680	125.00
0.337700	125.00
0.337720	126.00
0.337740	126.00
0.337760	125.00
0.337780	125.00
0.337800	124.00
0.337820	124.00
0.337840	125.00
0.337860	125.00
0.337880	125.00
0.337900	125.00
0.337920	124.00
0.337940	125.00
0.337960	125.00
0.337980	125.00
0.338000	124.00
0.338020	124.00
0.338040	124.00
0.338060	124.00
0.338080	125.00
0.338100	125.00
0.338120	125.00
0.338140	124.00
0.338160	124.00
0.338180	124.00
0.338200	125.00
0.338220	125.00
0.338240	124.00
0.338260	124.00
0.338280	124.00
0.338300	125.00
0.338320	125.00
0.338340	124.00
0.338360	124.00
0.338380	123.00
0.338400	124.00
0.338420	125.00
0.338440	126.00
0.338460	126.00
0.338480	126.00
0.338500	125.00
0.338520	125.00
0.338540	125.00
0.338560	126.00
0.338580	126.00
0.338600	126.00
0.338620	126.00
0.338640	126.00
0.338660	126.00
0.338680	126.00
0.338700	125.00
0.338720	124.00
0.338740	123.00
0.338760	124.00
0.338780	124.00
0.338800	124.00
0.338820	124.00
0.338840	125.00
0.338860	125.00
0.338880	126.00
0.338900	126.00
0.338920	126.00
0.338940	125.00
0.338960	126.00
0.338980	126.00
0.339000	125.00
0.339020	125.00
0.339040	124.00
0.339060	124.00
0.339080	125.00
0.339100	125.00
0.339120	125.00
0.339140	124.00
0.339160	124.00
0.339180	124.00
0.339200	123.00
0.339220	123.00
0.339240	123.00
0.339260	124.00
0.339280	124.00
0.339300	123.00
0.339320	123.00
0.339340	123.00
0.339360	124.00
0.339380	125.00
0.339400	125.00
0.339420	125.00
0.339440	124.00
0.339460	124.00
0.339480	124.00
0.339500	125.00
0.339520	125.00
0.339540	125.00
0.339560	125.00
0.339580	126.00
0.339600	126.00
0.339620	126.00
0.339640	125.00
0.339660	124.00
0.339680	124.00
0.339700	124.00
0.339720	124.00
0.339740	125.00
0.339760	124.00
0.339780	124.00
0.339800	124.00
0.339820	125.00
0.339840	125.00
0.339860	125.00
0.339880	125.00
0.339900	125.00
0.339920	126.00
0.339940	126.00
0.339960	126.00
0.339980	125.00
0.340000	124.00
0.340020	124.00
0.340040	124.00
0.340060	124.00
0.340080	124.00
0.340100	123.00
0.340120	123.00
0.340140	124.00
0.340160	126.00
0.340180	127.00
0.340200	126.00
0.340220	125.00
0.340240	124.00
0.340260	124.00
0.340280	124.00
0.340300	124.00
0.340320	124.00
0.340340	125.00
0.340360	125.00
0.340380	125.00
0.340400	125.00
0.340420	125.00
0.340440	126.00
0.340460	126.00
0.340480	126.00
0.340500	126.00
0.340520	125.00
0.340540	125.00
0.340560	125.00
0.340580	125.00
0.340600	125.00
0.340620	124.00
0.340640	124.00
0.340660	124.00
0.340680	125.00
0.340700	125.00
0.340720	125.00
0.340740	125.00
0.340760	125.00
0.340780	125.00
0.340800	125.00
0.340820	125.00
0.340840	125.00
0.340860	126.00
0.340880	125.00
0.340900	125.00
0.340920	124.00
0.340940	124.00
0.340960	125.00
0.340980	125.00
0.341000	125.00
0.341020	125.00
0.341040	125.00
0.341060	125.00
0.341080	125.00
0.341100	126.00
0.341120	126.00
0.341140	125.00
0.341160	125.00
0.341180	125.00
0.341200	125.00
0.341220	125.00
0.341240	125.00
0.341260	124.00
0.341280	124.00
0.341300	124.00
0.341320	124.00
0.341340	123.00
0.341360	124.00
0.341380	124.00
0.341400	125.00
0.341420	125.00
0.341440	125.00
0.341460	124.00
0.341480	124.00
0.341500	124.00
0.341520	124.00
0.341540	124.00
0.341560	125.00
0.341580	125.00
0.341600	125.00
0.341620	125.00
0.341640	124.00
0.341660	124.00
0.341680	125.00
0.341700	125.00
0.341720	125.00
0.341740	125.00
0.341760	125.00
0.341780	126.00
0.341800	126.00
0.341820	126.00
0.341840	126.00
0.341860	125.00
0.341880	124.00
0.341900	124.00
0.341920	124.00
0.341940	125.00
0.341960	125.00
0.341980	124.00
0.342000	124.00
0.342020	124.00
0.342040	125.00
0.342060	125.00
0.342080	125.00
0.342100	125.00
0.342120	125.00
0.342140	126.00
0.342160	126.00
0.342180	126.00
0.342200	126.00
0.342220	125.00
0.342240	124.00
0.342260	124.00
0.342280	124.00
0.342300	124.00
0.342320	124.00
0.342340	124.00
0.342360	124.00
0.342380	124.00
0.342400	124.00
0.342420	123.00
0.342440	123.00
0.342460	124.00
0.342480	125.00
0.342500	125.00
0.342520	126.00
0.342540	125.00
0.342560	125.00
0.342580	125.00
0.342600	125.00
0.342620	125.00
0.342640	125.00
0.342660	125.00
0.342680	125.00
0.342700	125.00
0.342720	125.00
0.342740	125.00
0.342760	125.00
0.342780	125.00
0.342800	125.00
0.342820	125.00
0.342840	125.00
0.342860	124.00
0.342880	124.00
0.342900	124.00
0.342920	124.00
0.342940	124.00
0.342960	124.00
0.342980	124.00
0.343000	124.00
0.343020	125.00
0.343040	125.00
0.343060	126.00
0.343080	125.00
0.343100	125.00
0.343120	124.00
0.343140	124.00
0.343160	125.00
0.343180	125.00
0.343200	125.00
0.343220	125.00
0.343240	125.00
0.343260	125.00
0.343280	125.00
0.343300	125.00
0.343320	124.00
0.343340	123.00
0.343360	123.00
0.343380	124.00
0.343400	125.00
0.343420	125.00
0.343440	124.00
0.343460	124.00
0.343480	123.00
0.343500	123.00
0.343520	123.00
0.343540	124.00
0.343560	124.00
0.343580	124.00
0.343600	124.00
0.343620	124.00
0.343640	124.00
0.343660	124.00
0.343680	125.00
0.343700	125.00
0.343720	124.00
0.343740	124.00
0.343760	125.00
0.343780	125.00
0.343800	124.00
0.343820	124.00
0.343840	124.00
0.343860	125.00
0.343880	126.00
0.343900	127.00
0.343920	127.00
0.343940	126.00
0.343960	125.00
0.343980	125.00
0.344000	124.00
0.344020	124.00
0.344040	124.00
0.344060	123.00
0.344080	123.00
0.344100	124.00
0.344120	124.00
0.344140	124.00
0.344160	124.00
0.344180	124.00
0.344200	124.00
0.344220	124.00
0.344240	124.00
0.344260	125.00
0.344280	125.00
0.344300	125.00
0.344320	125.00
0.344340	125.00
0.344360	126.00
0.344380	126.00
0.344400	126.00
0.344420	126.00
0.344440	125.00
0.344460	125.00
0.344480	126.00
0.344500	126.00
0.344520	126.00
0.344540	125.00
0.344560	124.00
0.344580	124.00
0.344600	124.00
0.344620	124.00
0.344640	124.00
0.344660	124.00
0.344680	125.00
0.344700	125.00
0.344720	125.00
0.344740	125.00
0.344760	125.00
0.344780	125.00
0.344800	125.00
0.344820	126.00
0.344840	125.00
0.344860	125.00
0.344880	126.00
0.344900	126.00
0.344920	126.00
0.344940	126.00
0.344960	126.00
0.344980	125.00
0.345000	125.00
0.345020	124.00
0.345040	124.00
0.345060	124.00
0.345080	125.00
0.345100	125.00
0.345120	125.00
0.345140	125.00
0.345160	125.00
0.345180	125.00
0.345200	126.00
0.345220	126.00
0.345240	125.00
0.345260	125.00
0.345280	124.00
0.345300	124.00
0.345320	124.00
0.345340	124.00
0.345360	124.00
0.345380	124.00
0.345400	125.00
0.345420	125.00
0.345440	125.00
0.345460	124.00
0.345480	124.00
0.345500	125.00
0.345520	125.00
0.345540	125.00
0.345560	125.00
0.345580	124.00
0.345600	125.00
0.345620	125.00
0.345640	126.00
0.345660	127.00
0.345680	126.00
0.345700	126.00
0.345720	126.00
0.345740	126.00
0.345760	126.00
0.345780	126.00
0.345800	125.00
0.345820	125.00
0.345840	125.00
0.345860	125.00
0.345880	125.00
0.345900	124.00
0.345920	123.00
0.345940	123.00
0.345960	123.00
0.345980	123.00
0.346000	124.00
0.346020	124.00
0.346040	124.00
0.346060	125.00
0.346080	126.00
0.346100	126.00
0.346120	126.00
0.346140	126.00
0.346160	127.00
0.346180	128.00
0.346200	128.00
0.346220	127.00
0.346240	125.00
0.346260	124.00
0.346280	124.00
0.346300	124.00
0.346320	124.00
0.346340	123.00
0.346360	122.00
0.346380	121.00
0.346400	121.00
0.346420	121.00
0.346440	121.00
0.346460	122.00
0.346480	123.00
0.346500	125.00
0.346520	126.00
0.346540	128.00
0.346560	129.00
0.346580	130.00
0.346600	131.00
0.346620	131.00
0.346640	130.00
0.346660	128.00
0.346680	126.00
0.346700	124.00
0.346720	123.00
0.346740	121.00
0.346760	120.00
0.346780	118.00
0.346800	117.00
0.346820	117.00
0.346840	117.00
0.346860	118.00
0.346880	120.00
0.346900	122.00
0.346920	124.00
0.346940	127.00
0.346960	130.00
0.346980	132.00
0.347000	133.00
0.347020	134.00
0.347040	133.00
0.347060	132.00
0.347080	131.00
0.347100	129.00
0.347120	127.00
0.347140	125.00
0.347160	123.00
0.347180	121.00
0.347200	119.00
0.347220	117.00
0.347240	116.00
0.347260	116.00
0.347280	116.00
0.347300	116.00
0.347320	118.00
0.347340	120.00
0.347360	123.00
0.347380	126.00
0.347400	129.00
0.347420	130.00
0.347440	131.00
0.347460	132.00
0.347480	132.00
0.347500	132.00
0.347520	130.00
0.347540	128.00
0.347560	127.00
0.347580	126.00
0.347600	125.00
0.347620	123.00
0.347640	121.00
0.347660	120.00
0.347680	120.00
0.347700	121.00
0.347720	121.00
0.347740	122.00
0.347760	122.00
0.347780	124.00
0.347800	125.00
0.347820	127.00
0.347840	128.00
0.347860	128.00
0.347880	129.00
0.347900	129.00
0.347920	129.00
0.347940	128.00
0.347960	128.00
0.347980	128.00
0.348000	128.00
0.348020	127.00
0.348040	125.00
0.348060	123.00
0.348080	122.00
0.348100	122.00
0.348120	123.00
0.348140	123.00
0.348160	122.00
0.348180	121.00
0.348200	121.00
0.348220	122.00
0.348240	123.00
0.348260	125.00
0.348280	125.00
0.348300	126.00
0.348320	126.00
0.348340	126.00
0.348360	126.00
0.348380	126.00
0.348400	126.00
0.348420	125.00
0.348440	125.00
0.348460	125.00
0.348480	125.00
0.348500	125.00
0.348520	125.00
0.348540	125.00
0.348560	124.00
0.348580	124.00
0.348600	123.00
0.348620	123.00
0.348640	123.00
0.348660	124.00
0.348680	124.00
0.348700	124.00
0.348720	123.00
0.348740	123.00
0.348760	123.00
0.348780	124.00
0.348800	125.00
0.348820	126.00
0.348840	126.00
0.348860	126.00
0.348880	126.00
0.348900	126.00
0.348920	126.00
0.348940	126.00
0.348960	125.00
0.348980	125.00
0.349000	125.00
0.349020	125.00
0.349040	125.00
0.349060	124.00
0.349080	124.00
0.349100	124.00
0.349120	124.00
0.349140	124.00
0.349160	124.00
0.349180	124.00
0.349200	125.00
0.349220	125.00
0.349240	125.00
0.349260	125.00
0.349280	125.00
0.349300	125.00
0.349320	124.00
0.349340	124.00
0.349360	124.00
0.349380	125.00
0.349400	125.00
0.349420	126.00
0.349440	126.00
0.349460	125.00
0.349480	125.00
0.349500	125.00
0.349520	125.00
0.349540	125.00
0.349560	125.00
0.349580	125.00
0.349600	125.00
0.349620	124.00
0.349640	124.00
0.349660	124.00
0.349680	124.00
0.349700	124.00
0.349720	125.00
0.349740	125.00
0.349760	125.00
0.349780	124.00
0.349800	124.00
0.349820	124.00
0.349840	124.00
0.349860	125.00
0.349880	125.00
0.349900	125.00
0.349920	124.00
0.349940	124.00
0.349960	124.00
0.349980	126.00
