0.320000	101.00
0.320020	49.00
0.320040	101.00
0.320060	140.00
0.320080	143.00
0.320100	124.00
0.320120	112.00
0.320140	118.00
0.320160	131.00
0.320180	133.00
0.320200	125.00
0.320220	118.00
0.320240	121.00
0.320260	128.00
0.320280	130.00
0.320300	124.00
0.320320	119.00
0.320340	122.00
0.320360	127.00
0.320380	129.00
0.320400	125.00
0.320420	121.00
0.320440	123.00
0.320460	127.00
0.320480	128.00
0.320500	125.00
0.320520	121.00
0.320540	122.00
0.320560	126.00
0.320580	127.00
0.320600	125.00
0.320620	122.00
0.320640	123.00
0.320660	126.00
0.320680	127.00
0.320700	125.00
0.320720	123.00
0.320740	124.00
0.320760	126.00
0.320780	127.00
0.320800	125.00
0.320820	123.00
0.320840	124.00
0.320860	126.00
0.320880	127.00
0.320900	125.00
0.320920	123.00
0.320940	123.00
0.320960	125.00
0.320980	126.00
0.321000	125.00
0.321020	124.00
0.321040	124.00
0.321060	126.00
0.321080	126.00
0.321100	125.00
0.321120	124.00
0.321140	124.00
0.321160	126.00
0.321180	127.00
0.321200	125.00
0.321220	124.00
0.321240	124.00
0.321260	125.00
0.321280	125.00
0.321300	124.00
0.321320	123.00
0.321340	124.00
0.321360	125.00
0.321380	125.00
0.321400	124.00
0.321420	123.00
0.321440	124.00
0.321460	125.00
0.321480	125.00
0.321500	124.00
0.321520	123.00
0.321540	124.00
0.321560	125.00
0.321580	125.00
0.321600	124.00
0.321620	123.00
0.321640	124.00
0.321660	125.00
0.321680	126.00
0.321700	125.00
0.321720	123.00
0.321740	124.00
0.321760	125.00
0.321780	125.00
0.321800	125.00
0.321820	124.00
0.321840	124.00
0.321860	125.00
0.321880	125.00
0.321900	124.00
0.321920	123.00
0.321940	124.00
0.321960	125.00
0.321980	125.00
0.322000	124.00
0.322020	123.00
0.322040	124.00
0.322060	125.00
0.322080	126.00
0.322100	125.00
0.322120	124.00
0.322140	124.00
0.322160	125.00
0.322180	125.00
0.322200	125.00
0.322220	124.00
0.322240	125.00
0.322260	125.00
0.322280	125.00
0.322300	124.00
0.322320	123.00
0.322340	124.00
0.322360	125.00
0.322380	125.00
0.322400	125.00
0.322420	124.00
0.322440	124.00
0.322460	125.00
0.322480	125.00
0.322500	125.00
0.322520	125.00
0.322540	125.00
0.322560	126.00
0.322580	126.00
0.322600	125.00
0.322620	124.00
0.322640	124.00
0.322660	125.00
0.322680	125.00
0.322700	124.00
0.322720	124.00
0.322740	124.00
0.322760	125.00
0.322780	125.00
0.322800	124.00
0.322820	124.00
0.322840	124.00
0.322860	125.00
0.322880	126.00
0.322900	125.00
0.322920	125.00
0.322940	125.00
0.322960	125.00
0.322980	125.00
0.323000	124.00
0.323020	124.00
0.323040	125.00
0.323060	125.00
0.323080	125.00
0.323100	124.00
0.323120	124.00
0.323140	124.00
0.323160	124.00
0.323180	125.00
0.323200	125.00
0.323220	124.00
0.323240	125.00
0.323260	125.00
0.323280	125.00
0.323300	124.00
0.323320	124.00
0.323340	124.00
0.323360	125.00
0.323380	125.00
0.323400	124.00
0.323420	124.00
0.323440	125.00
0.323460	126.00
0.323480	126.00
0.323500	125.00
0.323520	124.00
0.323540	124.00
0.323560	125.00
0.323580	125.00
0.323600	124.00
0.323620	124.00
0.323640	124.00
0.323660	125.00
0.323680	126.00
0.323700	125.00
0.323720	124.00
0.323740	124.00
0.323760	125.00
0.323780	125.00
0.323800	125.00
0.323820	125.00
0.323840	125.00
0.323860	125.00
0.323880	125.00
0.323900	124.00
0.323920	124.00
0.323940	124.00
0.323960	125.00
0.323980	125.00
0.324000	124.00
0.324020	124.00
0.324040	124.00
0.324060	125.00
0.324080	125.00
0.324100	124.00
0.324120	124.00
0.324140	124.00
0.324160	125.00
0.324180	125.00
0.324200	125.00
0.324220	124.00
0.324240	124.00
0.324260	125.00
0.324280	125.00
0.324300	124.00
0.324320	124.00
0.324340	124.00
0.324360	125.00
0.324380	125.00
0.324400	125.00
0.324420	125.00
0.324440	125.00
0.324460	125.00
0.324480	124.00
0.324500	124.00
0.324520	124.00
0.324540	125.00
0.324560	126.00
0.324580	126.00
0.324600	125.00
0.324620	125.00
0.324640	125.00
0.324660	126.00
0.324680	125.00
0.324700	124.00
0.324720	124.00
0.324740	125.00
0.324760	126.00
0.324780	125.00
0.324800	125.00
0.324820	124.00
0.324840	124.00
0.324860	125.00
0.324880	125.00
0.324900	125.00
0.324920	125.00
0.324940	125.00
0.324960	125.00
0.324980	125.00
0.325000	124.00
0.325020	124.00
0.325040	124.00
0.325060	125.00
0.325080	125.00
0.325100	125.00
0.325120	125.00
0.325140	125.00
0.325160	126.00
0.325180	126.00
0.325200	125.00
0.325220	124.00
0.325240	124.00
0.325260	125.00
0.325280	125.00
0.325300	124.00
0.325320	123.00
0.325340	122.00
0.325360	121.00
0.325380	121.00
0.325400	120.00
0.325420	120.00
0.325440	122.00
0.325460	124.00
0.325480	126.00
0.325500	129.00
0.325520	132.00
0.325540	136.00
0.325560	140.00
0.325580	144.00
0.325600	146.00
0.325620	146.00
0.325640	144.00
0.325660	138.00
0.325680	129.00
0.325700	118.00
0.325720	107.00
0.325740	98.00
0.325760	91.00
0.325780	84.00
0.325800	79.00
0.325820	77.00
0.325840	80.00
0.325860	89.00
0.325880	102.00
0.325900	119.00
0.325920	138.00
0.325940	157.00
0.325960	172.00
0.325980	183.00
0.326000	190.00
0.326020	194.00
0.326040	194.00
0.326060	190.00
0.326080	178.00
0.326100	159.00
0.326120	134.00
0.326140	105.00
0.326160	75.00
0.326180	46.00
0.326200	22.00
0.326220	6.00
0.326240	1.00
0.326260	6.00
0.326280	22.00
0.326300	49.00
0.326320	86.00
0.326340	133.00
0.326360	181.00
0.326380	220.00
0.326400	245.00
0.326420	255.00
0.326440	255.00
0.326460	253.00
0.326480	243.00
0.326500	220.00
0.326520	180.00
0.326540	124.00
0.326560	65.00
0.326580	18.00
0.326600	0.00
0.326620	0.00
0.326640	5.00
0.326660	7.00
0.326680	0.00
0.326700	0.00
0.326720	8.00
0.326740	54.00
0.326760	121.00
0.326780	189.00
0.326800	235.00
0.326820	255.00
0.326840	255.00
0.326860	255.00
0.326880	255.00
0.326900	254.00
0.326920	243.00
0.326940	214.00
0.326960	166.00
0.326980	106.00
0.327000	49.00
0.327020	10.00
0.327040	0.00
0.327060	0.00
0.327080	4.00
0.327100	3.00
0.327120	0.00
0.327140	1.00
0.327160	26.00
0.327180	72.00
0.327200	128.00
0.327220	179.00
0.327240	215.00
0.327260	236.00
0.327280	245.00
0.327300	247.00
0.327320	242.00
0.327340	230.00
0.327360	209.00
0.327380	182.00
0.327400	149.00
0.327420	113.00
0.327440	79.00
0.327460	50.00
0.327480	29.00
0.327500	18.00
0.327520	16.00
0.327540	23.00
0.327560	38.00
0.327580	59.00
0.327600	85.00
0.327620	112.00
0.327640	137.00
0.327660	160.00
0.327680	178.00
0.327700	190.00
0.327720	195.00
0.327740	194.00
0.327760	188.00
0.327780	177.00
0.327800	163.00
0.327820	146.00
0.327840	128.00
0.327860	112.00
0.327880	97.00
0.327900	87.00
0.327920	80.00
0.327940	78.00
0.327960	80.00
0.327980	85.00
0.328000	93.00
0.328020	103.00
0.328040	114.00
0.328060	125.00
0.328080	135.00
0.328100	143.00
0.328120	149.00
0.328140	152.00
0.328160	154.00
0.328180	153.00
0.328200	149.00
0.328220	143.00
0.328240	137.00
0.328260	130.00
0.328280	123.00
0.328300	117.00
0.328320	112.00
0.328340	108.00
0.328360	106.00
0.328380	106.00
0.328400	108.00
0.328420	110.00
0.328440	114.00
0.328460	118.00
0.328480	123.00
0.328500	127.00
0.328520	130.00
0.328540	133.00
0.328560	135.00
0.328580	136.00
0.328600	136.00
0.328620	135.00
0.328640	133.00
0.328660	131.00
0.328680	129.00
0.328700	127.00
0.328720	124.00
0.328740	121.00
0.328760	120.00
0.328780	119.00
0.328800	118.00
0.328820	118.00
0.328840	119.00
0.328860	120.00
0.328880	122.00
0.328900	124.00
0.328920	125.00
0.328940	126.00
0.328960	127.00
0.328980	129.00
0.329000	130.00
0.329020	130.00
0.329040	130.00
0.329060	129.00
0.329080	129.00
0.329100	127.00
0.329120	126.00
0.329140	124.00
0.329160	123.00
0.329180	123.00
0.329200	122.00
0.329220	122.00
0.329240	122.00
0.329260	122.00
0.329280	123.00
0.329300	123.00
0.329320	124.00
0.329340	124.00
0.329360	125.00
0.329380	126.00
0.329400	127.00
0.329420	127.00
0.329440	127.00
0.329460	127.00
0.329480	127.00
0.329500	127.00
0.329520	126.00
0.329540	126.00
0.329560	125.00
0.329580	125.00
0.329600	125.00
0.329620	124.00
0.329640	124.00
0.329660	124.00
0.329680	124.00
0.329700	124.00
0.329720	124.00
0.329740	124.00
0.329760	124.00
0.329780	125.00
0.329800	125.00
0.329820	126.00
0.329840	126.00
0.329860	126.00
0.329880	126.00
0.329900	126.00
0.329920	126.00
0.329940	126.00
0.329960	125.00
0.329980	125.00
0.330000	125.00
0.330020	125.00
0.330040	124.00
0.330060	124.00
0.330080	124.00
0.330100	124.00
0.330120	124.00
0.330140	124.00
0.330160	125.00
0.330180	125.00
0.330200	125.00
0.330220	125.00
0.330240	125.00
0.330260	125.00
0.330280	125.00
0.330300	126.00
0.330320	126.00
0.330340	125.00
0.330360	125.00
0.330380	125.00
0.330400	125.00
0.330420	125.00
0.330440	125.00
0.330460	125.00
0.330480	125.00
0.330500	125.00
0.330520	125.00
0.330540	125.00
0.330560	125.00
0.330580	125.00
0.330600	125.00
0.330620	125.00
0.330640	125.00
0.330660	125.00
0.330680	125.00
0.330700	125.00
0.330720	124.00
0.330740	124.00
0.330760	125.00
0.330780	125.00
0.330800	125.00
0.330820	125.00
0.330840	125.00
0.330860	125.00
0.330880	125.00
0.330900	125.00
0.330920	125.00
0.330940	125.00
0.330960	125.00
0.330980	125.00
0.331000	126.00
0.331020	126.00
0.331040	125.00
0.331060	125.00
0.331080	125.00
0.331100	125.00
0.331120	125.00
0.331140	125.00
0.331160	125.00
0.331180	125.00
0.331200	125.00
0.331220	124.00
0.331240	124.00
0.331260	124.00
0.331280	125.00
0.331300	125.00
0.331320	125.00
0.331340	125.00
0.331360	125.00
0.331380	125.00
0.331400	125.00
0.331420	125.00
0.331440	124.00
0.331460	124.00
0.331480	124.00
0.331500	124.00
0.331520	125.00
0.331540	125.00
0.331560	125.00
0.331580	126.00
0.331600	126.00
0.331620	126.00
0.331640	126.00
0.331660	126.00
0.331680	125.00
0.331700	124.00
0.331720	123.00
0.331740	123.00
0.331760	122.00
0.331780	121.00
0.331800	120.00
0.331820	120.00
0.331840	120.00
0.331860	121.00
0.331880	123.00
0.331900	126.00
0.331920	128.00
0.331940	130.00
0.331960	132.00
0.331980	134.00
0.332000	136.00
0.332020	136.00
0.332040	136.00
0.332060	134.00
0.332080	131.00
0.332100	127.00
0.332120	123.00
0.332140	118.00
0.332160	114.00
0.332180	111.00
0.332200	109.00
0.332220	108.00
0.332240	108.00
0.332260	109.00
0.332280	111.00
0.332300	114.00
0.332320	120.00
0.332340	127.00
0.332360	135.00
0.332380	142.00
0.332400	148.00
0.332420	153.00
0.332440	155.00
0.332460	155.00
0.332480	152.00
0.332500	145.00
0.332520	137.00
0.332540	126.00
0.332560	115.00
0.332580	102.00
0.332600	91.00
0.332620	82.00
0.332640	77.00
0.332660	77.00
0.332680	82.00
0.332700	90.00
0.332720	102.00
0.332740	117.00
0.332760	133.00
0.332780	149.00
0.332800	164.00
0.332820	175.00
0.332840	182.00
0.332860	184.00
0.332880	181.00
0.332900	173.00
0.332920	161.00
0.332940	145.00
0.332960	127.00
0.332980	108.00
0.333000	91.00
0.333020	77.00
0.333040	68.00
0.333060	63.00
0.333080	64.00
0.333100	69.00
0.333120	79.00
0.333140	93.00
0.333160	110.00
0.333180	127.00
0.333200	143.00
0.333220	157.00
0.333240	168.00
0.333260	175.00
0.333280	178.00
0.333300	176.00
0.333320	170.00
0.333340	160.00
0.333360	148.00
0.333380	135.00
0.333400	122.00
0.333420	109.00
0.333440	98.00
0.333460	91.00
0.333480	86.00
0.333500	85.00
0.333520	87.00
0.333540	92.00
0.333560	100.00
0.333580	110.00
0.333600	119.00
0.333620	128.00
0.333640	137.00
0.333660	144.00
0.333680	150.00
0.333700	153.00
0.333720	153.00
0.333740	151.00
0.333760	147.00
0.333780	142.00
0.333800	135.00
0.333820	128.00
0.333840	121.00
0.333860	115.00
0.333880	111.00
0.333900	107.00
0.333920	106.00
0.333940	106.00
0.333960	108.00
0.333980	111.00
0.334000	115.00
0.334020	119.00
0.334040	123.00
0.334060	127.00
0.334080	131.00
0.334100	133.00
0.334120	135.00
0.334140	136.00
0.334160	136.00
0.334180	136.00
0.334200	134.00
0.334220	132.00
0.334240	129.00
0.334260	126.00
0.334280	124.00
0.334300	121.00
0.334320	120.00
0.334340	118.00
0.334360	118.00
0.334380	118.00
0.334400	119.00
0.334420	121.00
0.334440	122.00
0.334460	124.00
0.334480	125.00
0.334500	127.00
0.334520	128.00
0.334540	129.00
0.334560	129.00
0.334580	129.00
0.334600	129.00
0.334620	128.00
0.334640	128.00
0.334660	127.00
0.334680	126.00
0.334700	125.00
0.334720	124.00
0.334740	123.00
0.334760	122.00
0.334780	122.00
0.334800	122.00
0.334820	122.00
0.334840	123.00
0.334860	124.00
0.334880	124.00
0.334900	124.00
0.334920	125.00
0.334940	126.00
0.334960	126.00
0.334980	127.00
0.335000	127.00
0.335020	127.00
0.335040	127.00
0.335060	127.00
0.335080	126.00
0.335100	126.00
0.335120	125.00
0.335140	125.00
0.335160	124.00
0.335180	124.00
0.335200	124.00
0.335220	124.00
0.335240	124.00
0.335260	124.00
0.335280	124.00
0.335300	125.00
0.335320	125.00
0.335340	125.00
0.335360	125.00
0.335380	125.00
0.335400	126.00
0.335420	126.00
0.335440	126.00
0.335460	126.00
0.335480	126.00
0.335500	125.00
0.335520	125.00
0.335540	126.00
0.335560	126.00
0.335580	125.00
0.335600	124.00
0.335620	124.00
0.335640	124.00
0.335660	124.00
0.335680	124.00
0.335700	124.00
0.335720	124.00
0.335740	124.00
0.335760	125.00
0.335780	125.00
0.335800	125.00
0.335820	125.00
0.335840	124.00
0.335860	124.00
0.335880	124.00
0.335900	125.00
0.335920	125.00
0.335940	125.00
0.335960	125.00
0.335980	126.00
0.336000	126.00
0.336020	126.00
0.336040	125.00
0.336060	125.00
0.336080	125.00
0.336100	125.00
0.336120	125.00
0.336140	125.00
0.336160	125.00
0.336180	124.00
0.336200	124.00
0.336220	124.00
0.336240	124.00
0.336260	124.00
0.336280	124.00
0.336300	124.00
0.336320	124.00
0.336340	125.00
0.336360	125.00
0.336380	125.00
0.336400	126.00
0.336420	126.00
0.336440	126.00
0.336460	126.00
0.336480	125.00
0.336500	125.00
0.336520	125.00
0.336540	125.00
0.336560	125.00
0.336580	125.00
0.336600	125.00
0.336620	124.00
0.336640	124.00
0.336660	124.00
0.336680	124.00
0.336700	125.00
0.336720	125.00
0.336740	125.00
0.336760	125.00
0.336780	124.00
0.336800	124.00
0.336820	124.00
0.336840	125.00
0.336860	125.00
0.336880	125.00
0.336900	125.00
0.336920	125.00
0.336940	125.00
0.336960	125.00
0.336980	125.00
0.337000	125.00
0.337020	125.00
0.337040	125.00
0.337060	125.00
0.337080	125.00
0.337100	125.00
0.337120	125.00
0.337140	125.00
0.337160	125.00
0.337180	126.00
0.337200	126.00
0.337220	126.00
0.337240	126.00
0.337260	125.00
0.337280	125.00
0.337300	124.00
0.337320	124.00
0.337340	124.00
0.337360	124.00
0.337380	125.00
0.337400	125.00
0.337420	125.00
0.337440	125.00
0.337460	125.00
0.337480	125.00
0.337500	125.00
0.337520	124.00
0.337540	124.00
0.337560	124.00
0.337580	124.00
0.337600	124.00
0.337620	124.00
0.337640	125.00
0.337660	125.00
0.337680	125.00
0.337700	125.00
0.337720	125.00
0.337740	125.00
0.337760	125.00
0.337780	125.00
0.337800	125.00
0.337820	125.00
0.337840	125.00
0.337860	125.00
0.337880	125.00
0.337900	125.00
0.337920	125.00
0.337940	124.00
0.337960	124.00
0.337980	123.00
0.338000	122.00
0.338020	121.00
0.338040	121.00
0.338060	122.00
0.338080	123.00
0.338100	125.00
0.338120	126.00
0.338140	128.00
0.338160	129.00
0.338180	131.00
0.338200	131.00
0.338220	131.00
0.338240	131.00
0.338260	131.00
0.338280	130.00
0.338300	128.00
0.338320	125.00
0.338340	123.00
0.338360	120.00
0.338380	118.00
0.338400	116.00
0.338420	115.00
0.338440	115.00
0.338460	115.00
0.338480	116.00
0.338500	118.00
0.338520	121.00
0.338540	124.00
0.338560	128.00
0.338580	133.00
0.338600	138.00
0.338620	142.00
0.338640	144.00
0.338660	144.00
0.338680	142.00
0.338700	139.00
0.338720	134.00
0.338740	128.00
0.338760	121.00
0.338780	114.00
0.338800	107.00
0.338820	101.00
0.338840	98.00
0.338860	97.00
0.338880	98.00
0.338900	102.00
0.338920	108.00
0.338940	116.00
0.338960	126.00
0.338980	136.00
0.339000	145.00
0.339020	153.00
0.339040	158.00
0.339060	160.00
0.339080	159.00
0.339100	156.00
0.339120	149.00
0.339140	140.00
0.339160	130.00
0.339180	119.00
0.339200	108.00
0.339220	99.00
0.339240	93.00
0.339260	89.00
0.339280	89.00
0.339300	92.00
0.339320	97.00
0.339340	105.00
0.339360	114.00
0.339380	124.00
0.339400	134.00
0.339420	143.00
0.339440	149.00
0.339460	154.00
0.339480	156.00
0.339500	156.00
0.339520	152.00
0.339540	147.00
0.339560	139.00
0.339580	131.00
0.339600	123.00
0.339620	116.00
0.339640	109.00
0.339660	105.00
0.339680	102.00
0.339700	102.00
0.339720	103.00
0.339740	107.00
0.339760	112.00
0.339780	118.00
0.339800	124.00
0.339820	130.00
0.339840	135.00
0.339860	138.00
0.339880	140.00
0.339900	141.00
0.339920	140.00
0.339940	138.00
0.339960	135.00
0.339980	131.00
0.340000	127.00
0.340020	123.00
0.340040	120.00
0.340060	117.00
0.340080	115.00
0.340100	114.00
0.340120	114.00
0.340140	114.00
0.340160	116.00
0.340180	119.00
0.340200	122.00
0.340220	124.00
0.340240	127.00
0.340260	129.00
0.340280	131.00
0.340300	133.00
0.340320	133.00
0.340340	133.00
0.340360	132.00
0.340380	130.00
0.340400	129.00
0.340420	127.00
0.340440	125.00
0.340460	123.00
0.340480	121.00
0.340500	120.00
0.340520	119.00
0.340540	119.00
0.340560	120.00
0.340580	121.00
0.340600	122.00
0.340620	124.00
0.340640	125.00
0.340660	126.00
0.340680	127.00
0.340700	127.00
0.340720	128.00
0.340740	128.00
0.340760	128.00
0.340780	128.00
0.340800	128.00
0.340820	127.00
0.340840	126.00
0.340860	125.00
0.340880	124.00
0.340900	123.00
0.340920	123.00
0.340940	123.00
0.340960	123.00
0.340980	123.00
0.341000	123.00
0.341020	123.00
0.341040	124.00
0.341060	124.00
0.341080	124.00
0.341100	125.00
0.341120	125.00
0.341140	126.00
0.341160	126.00
0.341180	126.00
0.341200	126.00
0.341220	126.00
0.341240	126.00
0.341260	126.00
0.341280	125.00
0.341300	124.00
0.341320	124.00
0.341340	125.00
0.341360	125.00
0.341380	125.00
0.341400	125.00
0.341420	124.00
0.341440	124.00
0.341460	124.00
0.341480	124.00
0.341500	125.00
0.341520	125.00
0.341540	125.00
0.341560	125.00
0.341580	125.00
0.341600	125.00
0.341620	125.00
0.341640	125.00
0.341660	125.00
0.341680	125.00
0.341700	125.00
0.341720	125.00
0.341740	125.00
0.341760	126.00
0.341780	126.00
0.341800	126.00
0.341820	125.00
0.341840	125.00
0.341860	125.00
0.341880	125.00
0.341900	125.00
0.341920	125.00
0.341940	125.00
0.341960	125.00
0.341980	124.00
0.342000	124.00
0.342020	124.00
0.342040	124.00
0.342060	124.00
0.342080	125.00
0.342100	125.00
0.342120	125.00
0.342140	125.00
0.342160	125.00
0.342180	125.00
0.342200	126.00
0.342220	126.00
0.342240	126.00
0.342260	126.00
0.342280	126.00
0.342300	126.00
0.342320	125.00
0.342340	125.00
0.342360	125.00
0.342380	125.00
0.342400	124.00
0.342420	124.00
0.342440	124.00
0.342460	124.00
0.342480	124.00
0.342500	123.00
0.342520	123.00
0.342540	124.00
0.342560	125.00
0.342580	125.00
0.342600	125.00
0.342620	125.00
0.342640	125.00
0.342660	126.00
0.342680	126.00
0.342700	127.00
0.342720	126.00
0.342740	126.00
0.342760	125.00
0.342780	125.00
0.342800	125.00
0.342820	125.00
0.342840	125.00
0.342860	125.00
0.342880	124.00
0.342900	124.00
0.342920	124.00
0.342940	124.00
0.342960	124.00
0.342980	124.00
0.343000	124.00
0.343020	124.00
0.343040	124.00
0.343060	125.00
0.343080	125.00
0.343100	125.00
0.343120	125.00
0.343140	125.00
0.343160	126.00
0.343180	126.00
0.343200	126.00
0.343220	125.00
0.343240	125.00
0.343260	124.00
0.343280	124.00
0.343300	124.00
0.343320	124.00
0.343340	124.00
0.343360	124.00
0.343380	124.00
0.343400	124.00
0.343420	124.00
0.343440	125.00
0.343460	125.00
0.343480	125.00
0.343500	125.00
0.343520	125.00
0.343540	125.00
0.343560	126.00
0.343580	126.00
0.343600	126.00
0.343620	126.00
0.343640	126.00
0.343660	126.00
0.343680	126.00
0.343700	126.00
0.343720	125.00
0.343740	125.00
0.343760	125.00
0.343780	126.00
0.343800	125.00
0.343820	125.00
0.343840	124.00
0.343860	124.00
0.343880	124.00
0.343900	124.00
0.343920	124.00
0.343940	124.00
0.343960	124.00
0.343980	125.00
0.344000	126.00
0.344020	126.00
0.344040	126.00
0.344060	126.00
0.344080	126.00
0.344100	126.00
0.344120	125.00
0.344140	125.00
0.344160	124.00
0.344180	123.00
0.344200	123.00
0.344220	122.00
0.344240	122.00
0.344260	122.00
0.344280	123.00
0.344300	124.00
0.344320	125.00
0.344340	126.00
0.344360	127.00
0.344380	128.00
0.344400	129.00
0.344420	129.00
0.344440	129.00
0.344460	129.00
0.344480	128.00
0.344500	127.00
0.344520	126.00
0.344540	124.00
0.344560	122.00
0.344580	121.00
0.344600	119.00
0.344620	119.00
0.344640	118.00
0.344660	118.00
0.344680	118.00
0.344700	119.00
0.344720	121.00
0.344740	123.00
0.344760	126.00
0.344780	129.00
0.344800	132.00
0.344820	134.00
0.344840	136.00
0.344860	137.00
0.344880	137.00
0.344900	135.00
0.344920	132.00
0.344940	129.00
0.344960	125.00
0.344980	121.00
0.345000	116.00
0.345020	112.00
0.345040	109.00
0.345060	107.00
0.345080	107.00
0.345100	109.00
0.345120	112.00
0.345140	116.00
0.345160	122.00
0.345180	128.00
0.345200	135.00
0.345220	140.00
0.345240	144.00
0.345260	146.00
0.345280	147.00
0.345300	146.00
0.345320	143.00
0.345340	138.00
0.345360	132.00
0.345380	126.00
0.345400	119.00
0.345420	113.00
0.345440	109.00
0.345460	106.00
0.345480	103.00
0.345500	103.00
0.345520	105.00
0.345540	109.00
0.345560	114.00
0.345580	120.00
0.345600	125.00
0.345620	130.00
0.345640	135.00
0.345660	139.00
0.345680	142.00
0.345700	143.00
0.345720	142.00
0.345740	139.00
0.345760	136.00
0.345780	133.00
0.345800	130.00
0.345820	126.00
0.345840	122.00
0.345860	118.00
0.345880	115.00
0.345900	113.00
0.345920	112.00
0.345940	113.00
0.345960	114.00
0.345980	116.00
0.346000	119.00
0.346020	121.00
0.346040	123.00
0.346060	125.00
0.346080	127.00
0.346100	129.00
0.346120	131.00
0.346140	132.00
0.346160	132.00
0.346180	131.00
0.346200	131.00
0.346220	130.00
0.346240	129.00
0.346260	127.00
0.346280	126.00
0.346300	124.00
0.346320	123.00
0.346340	122.00
0.346360	122.00
0.346380	121.00
0.346400	121.00
0.346420	121.00
0.346440	121.00
0.346460	122.00
0.346480	123.00
0.346500	124.00
0.346520	124.00
0.346540	125.00
0.346560	126.00
0.346580	126.00
0.346600	126.00
0.346620	126.00
0.346640	126.00
0.346660	126.00
0.346680	126.00
0.346700	126.00
0.346720	126.00
0.346740	126.00
0.346760	125.00
0.346780	125.00
0.346800	124.00
0.346820	124.00
0.346840	124.00
0.346860	124.00
0.346880	124.00
0.346900	124.00
0.346920	124.00
0.346940	124.00
0.346960	125.00
0.346980	125.00
0.347000	125.00
0.347020	125.00
0.347040	125.00
0.347060	125.00
0.347080	125.00
0.347100	125.00
0.347120	125.00
0.347140	125.00
0.347160	125.00
0.347180	125.00
0.347200	125.00
0.347220	125.00
0.347240	125.00
0.347260	125.00
0.347280	125.00
0.347300	125.00
0.347320	125.00
0.347340	124.00
0.347360	124.00
0.347380	124.00
0.347400	124.00
0.347420	125.00
0.347440	125.00
0.347460	125.00
0.347480	125.00
0.347500	125.00
0.347520	125.00
0.347540	126.00
0.347560	126.00
0.347580	126.00
0.347600	126.00
0.347620	125.00
0.347640	124.00
0.347660	124.00
0.347680	125.00
0.347700	125.00
0.347720	125.00
0.347740	125.00
0.347760	125.00
0.347780	125.00
0.347800	125.00
0.347820	125.00
0.347840	125.00
0.347860	124.00
0.347880	124.00
0.347900	125.00
0.347920	125.00
0.347940	125.00
0.347960	125.00
0.347980	125.00
0.348000	126.00
0.348020	126.00
0.348040	126.00
0.348060	125.00
0.348080	124.00
0.348100	124.00
0.348120	124.00
0.348140	125.00
0.348160	125.00
0.348180	125.00
0.348200	125.00
0.348220	125.00
0.348240	124.00
0.348260	124.00
0.348280	124.00
0.348300	124.00
0.348320	125.00
0.348340	125.00
0.348360	125.00
0.348380	125.00
0.348400	126.00
0.348420	126.00
0.348440	126.00
0.348460	126.00
0.348480	126.00
0.348500	126.00
0.348520	126.00
0.348540	126.00
0.348560	125.00
0.348580	124.00
0.348600	124.00
0.348620	123.00
0.348640	124.00
0.348660	124.00
0.348680	124.00
0.348700	125.00
0.348720	125.00
0.348740	126.00
0.348760	126.00
0.348780	126.00
0.348800	126.00
0.348820	126.00
0.348840	126.00
0.348860	126.00
0.348880	126.00
0.348900	126.00
0.348920	125.00
0.348940	125.00
0.348960	125.00
0.348980	124.00
0.349000	124.00
0.349020	124.00
0.349040	124.00
0.349060	124.00
0.349080	124.00
0.349100	124.00
0.349120	125.00
0.349140	125.00
0.349160	126.00
0.349180	126.00
0.349200	126.00
0.349220	126.00
0.349240	126.00
0.349260	126.00
0.349280	126.00
0.349300	126.00
0.349320	126.00
0.349340	125.00
0.349360	124.00
0.349380	124.00
0.349400	123.00
0.349420	123.00
0.349440	123.00
0.349460	123.00
0.349480	124.00
0.349500	124.00
0.349520	124.00
0.349540	124.00
0.349560	125.00
0.349580	125.00
0.349600	126.00
0.349620	126.00
0.349640	126.00
0.349660	126.00
0.349680	126.00
0.349700	126.00
0.349720	125.00
0.349740	125.00
0.349760	125.00
0.349780	125.00
0.349800	125.00
0.349820	124.00
0.349840	124.00
0.349860	124.00
0.349880	124.00
0.349900	124.00
0.349920	124.00
0.349940	124.00
0.349960	124.00
0.349980	125.00
0.350000	125.00
0.350020	125.00
0.350040	125.00
0.350060	125.00
0.350080	125.00
0.350100	124.00
0.350120	124.00
0.350140	124.00
0.350160	125.00
0.350180	125.00
0.350200	125.00
0.350220	125.00
0.350240	125.00
0.350260	125.00
0.350280	125.00
0.350300	125.00
0.350320	125.00
0.350340	125.00
0.350360	124.00
0.350380	124.00
0.350400	124.00
0.350420	124.00
0.350440	124.00
0.350460	124.00
0.350480	124.00
0.350500	124.00
0.350520	125.00
0.350540	125.00
0.350560	126.00
0.350580	127.00
0.350600	127.00
0.350620	127.00
0.350640	127.00
0.350660	127.00
0.350680	127.00
0.350700	127.00
0.350720	126.00
0.350740	125.00
0.350760	124.00
0.350780	123.00
0.350800	122.00
0.350820	121.00
0.350840	120.00
0.350860	120.00
0.350880	120.00
0.350900	121.00
0.350920	122.00
0.350940	123.00
0.350960	125.00
0.350980	127.00
0.351000	128.00
0.351020	130.00
0.351040	131.00
0.351060	133.00
0.351080	133.00
0.351100	133.00
0.351120	132.00
0.351140	129.00
0.351160	126.00
0.351180	123.00
0.351200	120.00
0.351220	117.00
0.351240	114.00
0.351260	113.00
0.351280	112.00
0.351300	112.00
0.351320	114.00
0.351340	117.00
0.351360	121.00
0.351380	125.00
0.351400	129.00
0.351420	134.00
0.351440	137.00
0.351460	140.00
0.351480	141.00
0.351500	141.00
0.351520	139.00
0.351540	136.00
0.351560	132.00
0.351580	128.00
0.351600	123.00
0.351620	118.00
0.351640	114.00
0.351660	111.00
0.351680	109.00
0.351700	108.00
0.351720	108.00
0.351740	110.00
0.351760	113.00
0.351780	117.00
0.351800	122.00
0.351820	127.00
0.351840	131.00
0.351860	135.00
0.351880	138.00
0.351900	140.00
0.351920	141.00
0.351940	140.00
0.351960	138.00
0.351980	135.00
0.352000	131.00
0.352020	127.00
0.352040	123.00
0.352060	119.00
0.352080	116.00
0.352100	113.00
0.352120	112.00
0.352140	112.00
0.352160	113.00
0.352180	115.00
0.352200	118.00
0.352220	121.00
0.352240	125.00
0.352260	128.00
0.352280	131.00
0.352300	133.00
0.352320	135.00
0.352340	135.00
0.352360	135.00
0.352380	134.00
0.352400	132.00
0.352420	130.00
0.352440	128.00
0.352460	126.00
0.352480	123.00
0.352500	120.00
0.352520	118.00
0.352540	117.00
0.352560	117.00
0.352580	118.00
0.352600	119.00
0.352620	120.00
0.352640	122.00
0.352660	123.00
0.352680	125.00
0.352700	127.00
0.352720	128.00
0.352740	129.00
0.352760	130.00
0.352780	130.00
0.352800	130.00
0.352820	129.00
0.352840	128.00
0.352860	127.00
0.352880	126.00
0.352900	124.00
0.352920	123.00
0.352940	122.00
0.352960	121.00
0.352980	121.00
0.353000	121.00
0.353020	122.00
0.353040	122.00
0.353060	123.00
0.353080	124.00
0.353100	125.00
0.353120	126.00
0.353140	126.00
0.353160	126.00
0.353180	126.00
0.353200	127.00
0.353220	127.00
0.353240	127.00
0.353260	127.00
0.353280	126.00
0.353300	125.00
0.353320	125.00
0.353340	125.00
0.353360	124.00
0.353380	123.00
0.353400	123.00
0.353420	123.00
0.353440	124.00
0.353460	124.00
0.353480	124.00
0.353500	125.00
0.353520	125.00
0.353540	125.00
0.353560	125.00
0.353580	125.00
0.353600	125.00
0.353620	126.00
0.353640	126.00
0.353660	126.00
0.353680	126.00
0.353700	126.00
0.353720	126.00
0.353740	125.00
0.353760	125.00
0.353780	125.00
0.353800	124.00
0.353820	124.00
0.353840	124.00
0.353860	124.00
0.353880	125.00
0.353900	125.00
0.353920	125.00
0.353940	125.00
0.353960	125.00
0.353980	124.00
0.354000	124.00
0.354020	125.00
0.354040	125.00
0.354060	125.00
0.354080	125.00
0.354100	124.00
0.354120	124.00
0.354140	124.00
0.354160	125.00
0.354180	125.00
0.354200	125.00
0.354220	125.00
0.354240	125.00
0.354260	125.00
0.354280	125.00
0.354300	125.00
0.354320	125.00
0.354340	125.00
0.354360	124.00
0.354380	124.00
0.354400	124.00
0.354420	124.00
0.354440	125.00
0.354460	125.00
0.354480	125.00
0.354500	125.00
0.354520	125.00
0.354540	125.00
0.354560	125.00
0.354580	125.00
0.354600	125.00
0.354620	125.00
0.354640	125.00
0.354660	125.00
0.354680	125.00
0.354700	125.00
0.354720	124.00
0.354740	124.00
0.354760	125.00
0.354780	125.00
0.354800	125.00
0.354820	125.00
0.354840	124.00
0.354860	124.00
0.354880	125.00
0.354900	126.00
0.354920	126.00
0.354940	126.00
0.354960	126.00
0.354980	126.00
0.355000	125.00
0.355020	125.00
0.355040	125.00
0.355060	125.00
0.355080	124.00
0.355100	124.00
0.355120	123.00
0.355140	123.00
0.355160	124.00
0.355180	124.00
0.355200	124.00
0.355220	124.00
0.355240	124.00
0.355260	125.00
0.355280	126.00
0.355300	126.00
0.355320	126.00
0.355340	126.00
0.355360	126.00
0.355380	127.00
0.355400	127.00
0.355420	126.00
0.355440	125.00
0.355460	124.00
0.355480	124.00
0.355500	124.00
0.355520	123.00
0.355540	123.00
0.355560	123.00
0.355580	123.00
0.355600	124.00
0.355620	124.00
0.355640	124.00
0.355660	124.00
0.355680	124.00
0.355700	125.00
0.355720	125.00
0.355740	126.00
0.355760	127.00
0.355780	127.00
0.355800	127.00
0.355820	126.00
0.355840	126.00
0.355860	126.00
0.355880	126.00
0.355900	125.00
0.355920	125.00
0.355940	124.00
0.355960	124.00
0.355980	124.00
0.356000	123.00
0.356020	123.00
0.356040	123.00
0.356060	124.00
0.356080	124.00
0.356100	125.00
0.356120	125.00
0.356140	125.00
0.356160	125.00
0.356180	125.00
0.356200	126.00
0.356220	126.00
0.356240	125.00
0.356260	125.00
0.356280	125.00
0.356300	125.00
0.356320	125.00
0.356340	125.00
0.356360	125.00
0.356380	125.00
0.356400	125.00
0.356420	125.00
0.356440	124.00
0.356460	124.00
0.356480	124.00
0.356500	125.00
0.356520	125.00
0.356540	124.00
0.356560	124.00
0.356580	124.00
0.356600	124.00
0.356620	124.00
0.356640	124.00
0.356660	124.00
0.356680	124.00
0.356700	125.00
0.356720	126.00
0.356740	126.00
0.356760	126.00
0.356780	126.00
0.356800	126.00
0.356820	127.00
0.356840	127.00
0.356860	127.00
0.356880	127.00
0.356900	126.00
0.356920	126.00
0.356940	125.00
0.356960	124.00
0.356980	123.00
0.357000	122.00
0.357020	122.00
0.357040	122.00
0.357060	122.00
0.357080	122.00
0.357100	122.00
0.357120	123.00
0.357140	124.00
0.357160	125.00
0.357180	126.00
0.357200	127.00
0.357220	128.00
0.357240	129.00
0.357260	130.00
0.357280	131.00
0.357300	131.00
0.357320	130.00
0.357340	128.00
0.357360	126.00
0.357380	124.00
0.357400	122.00
0.357420	120.00
0.357440	118.00
0.357460	117.00
0.357480	116.00
0.357500	116.00
0.357520	117.00
0.357540	119.00
0.357560	122.00
0.357580	125.00
0.357600	128.00
0.357620	130.00
0.357640	133.00
0.357660	135.00
0.357680	136.00
0.357700	136.00
0.357720	135.00
0.357740	133.00
0.357760	130.00
0.357780	127.00
0.357800	124.00
0.357820	120.00
0.357840	117.00
0.357860	115.00
0.357880	114.00
0.357900	114.00
0.357920	114.00
0.357940	116.00
0.357960	118.00
0.357980	121.00
0.358000	124.00
0.358020	128.00
0.358040	131.00
0.358060	133.00
0.358080	134.00
0.358100	135.00
0.358120	135.00
0.358140	134.00
0.358160	133.00
0.358180	130.00
0.358200	127.00
0.358220	124.00
0.358240	121.00
0.358260	119.00
0.358280	117.00
0.358300	116.00
0.358320	116.00
0.358340	117.00
0.358360	119.00
0.358380	121.00
0.358400	123.00
0.358420	124.00
0.358440	126.00
0.358460	129.00
0.358480	130.00
0.358500	131.00
0.358520	131.00
0.358540	130.00
0.358560	129.00
0.358580	128.00
0.358600	127.00
0.358620	125.00
0.358640	124.00
0.358660	122.00
0.358680	121.00
0.358700	120.00
0.358720	120.00
0.358740	120.00
0.358760	121.00
0.358780	122.00
0.358800	124.00
0.358820	125.00
0.358840	126.00
0.358860	127.00
0.358880	128.00
0.358900	128.00
0.358920	128.00
0.358940	128.00
0.358960	128.00
0.358980	127.00
0.359000	126.00
0.359020	126.00
0.359040	125.00
0.359060	124.00
0.359080	123.00
0.359100	123.00
0.359120	122.00
0.359140	122.00
0.359160	122.00
0.359180	123.00
0.359200	123.00
0.359220	124.00
0.359240	125.00
0.359260	126.00
0.359280	126.00
0.359300	127.00
0.359320	127.00
0.359340	127.00
0.359360	126.00
0.359380	126.00
0.359400	126.00
0.359420	125.00
0.359440	125.00
0.359460	126.00
0.359480	126.00
0.359500	125.00
0.359520	125.00
0.359540	124.00
0.359560	124.00
0.359580	123.00
0.359600	123.00
0.359620	123.00
0.359640	123.00
0.359660	124.00
0.359680	124.00
0.359700	125.00
0.359720	125.00
0.359740	125.00
0.359760	125.00
0.359780	125.00
0.359800	125.00
0.359820	126.00
0.359840	126.00
0.359860	125.00
0.359880	125.00
0.359900	125.00
0.359920	124.00
0.359940	124.00
0.359960	124.00
0.359980	125.00
