0.320000	101.00
0.320020	49.00
0.320040	101.00
0.320060	141.00
0.320080	144.00
0.320100	125.00
0.320120	112.00
0.320140	118.00
0.320160	131.00
0.320180	133.00
0.320200	125.00
0.320220	118.00
0.320240	121.00
0.320260	128.00
0.320280	131.00
0.320300	125.00
0.320320	121.00
0.320340	122.00
0.320360	127.00
0.320380	129.00
0.320400	125.00
0.320420	121.00
0.320440	122.00
0.320460	126.00
0.320480	127.00
0.320500	124.00
0.320520	122.00
0.320540	123.00
0.320560	127.00
0.320580	128.00
0.320600	125.00
0.320620	123.00
0.320640	124.00
0.320660	127.00
0.320680	128.00
0.320700	125.00
0.320720	122.00
0.320740	123.00
0.320760	125.00
0.320780	126.00
0.320800	125.00
0.320820	123.00
0.320840	123.00
0.320860	125.00
0.320880	126.00
0.320900	125.00
0.320920	123.00
0.320940	124.00
0.320960	125.00
0.320980	126.00
0.321000	124.00
0.321020	123.00
0.321040	124.00
0.321060	125.00
0.321080	126.00
0.321100	124.00
0.321120	123.00
0.321140	123.00
0.321160	125.00
0.321180	126.00
0.321200	125.00
0.321220	124.00
0.321240	124.00
0.321260	125.00
0.321280	126.00
0.321300	125.00
0.321320	124.00
0.321340	125.00
0.321360	126.00
0.321380	126.00
0.321400	125.00
0.321420	124.00
0.321440	124.00
0.321460	125.00
0.321480	126.00
0.321500	125.00
0.321520	124.00
0.321540	124.00
0.321560	125.00
0.321580	125.00
0.321600	125.00
0.321620	124.00
0.321640	125.00
0.321660	126.00
0.321680	126.00
0.321700	125.00
0.321720	124.00
0.321740	124.00
0.321760	125.00
0.321780	125.00
0.321800	124.00
0.321820	123.00
0.321840	124.00
0.321860	125.00
0.321880	126.00
0.321900	125.00
0.321920	125.00
0.321940	125.00
0.321960	125.00
0.321980	126.00
0.322000	125.00
0.322020	124.00
0.322040	124.00
0.322060	125.00
0.322080	125.00
0.322100	125.00
0.322120	124.00
0.322140	124.00
0.322160	125.00
0.322180	125.00
0.322200	124.00
0.322220	124.00
0.322240	125.00
0.322260	126.00
0.322280	126.00
0.322300	125.00
0.322320	124.00
0.322340	124.00
0.322360	125.00
0.322380	125.00
0.322400	125.00
0.322420	124.00
0.322440	124.00
0.322460	124.00
0.322480	125.00
0.322500	124.00
0.322520	124.00
0.322540	125.00
0.322560	126.00
0.322580	126.00
0.322600	125.00
0.322620	125.00
0.322640	125.00
0.322660	125.00
0.322680	125.00
0.322700	125.00
0.322720	125.00
0.322740	125.00
0.322760	126.00
0.322780	126.00
0.322800	125.00
0.322820	124.00
0.322840	124.00
0.322860	125.00
0.322880	126.00
0.322900	125.00
0.322920	125.00
0.322940	125.00
0.322960	125.00
0.322980	125.00
0.323000	125.00
0.323020	124.00
0.323040	124.00
0.323060	125.00
0.323080	125.00
0.323100	125.00
0.323120	124.00
0.323140	124.00
0.323160	125.00
0.323180	125.00
0.323200	125.00
0.323220	125.00
0.323240	125.00
0.323260	125.00
0.323280	125.00
0.323300	125.00
0.323320	124.00
0.323340	125.00
0.323360	125.00
0.323380	125.00
0.323400	125.00
0.323420	124.00
0.323440	125.00
0.323460	125.00
0.323480	125.00
0.323500	125.00
0.323520	125.00
0.323540	125.00
0.323560	126.00
0.323580	126.00
0.323600	125.00
0.323620	124.00
0.323640	125.00
0.323660	125.00
0.323680	126.00
0.323700	125.00
0.323720	125.00
0.323740	125.00
0.323760	126.00
0.323780	126.00
0.323800	125.00
0.323820	124.00
0.323840	124.00
0.323860	125.00
0.323880	125.00
0.323900	124.00
0.323920	124.00
0.323940	124.00
0.323960	124.00
0.323980	125.00
0.324000	124.00
0.324020	124.00
0.324040	124.00
0.324060	125.00
0.324080	125.00
0.324100	125.00
0.324120	124.00
0.324140	124.00
0.324160	124.00
0.324180	125.00
0.324200	125.00
0.324220	125.00
0.324240	125.00
0.324260	125.00
0.324280	125.00
0.324300	124.00
0.324320	124.00
0.324340	125.00
0.324360	125.00
0.324380	125.00
0.324400	124.00
0.324420	124.00
0.324440	124.00
0.324460	124.00
0.324480	125.00
0.324500	125.00
0.324520	125.00
0.324540	125.00
0.324560	125.00
0.324580	126.00
0.324600	125.00
0.324620	125.00
0.324640	125.00
0.324660	125.00
0.324680	125.00
0.324700	125.00
0.324720	124.00
0.324740	124.00
0.324760	125.00
0.324780	126.00
0.324800	125.00
0.324820	125.00
0.324840	124.00
0.324860	125.00
0.324880	125.00
0.324900	125.00
0.324920	125.00
0.324940	125.00
0.324960	125.00
0.324980	125.00
0.325000	124.00
0.325020	124.00
0.325040	124.00
0.325060	125.00
0.325080	125.00
0.325100	125.00
0.325120	125.00
0.325140	125.00
0.325160	125.00
0.325180	125.00
0.325200	125.00
0.325220	124.00
0.325240	124.00
0.325260	125.00
0.325280	125.00
0.325300	125.00
0.325320	124.00
0.325340	123.00
0.325360	122.00
0.325380	122.00
0.325400	121.00
0.325420	120.00
0.325440	120.00
0.325460	122.00
0.325480	124.00
0.325500	126.00
0.325520	128.00
0.325540	132.00
0.325560	136.00
0.325580	141.00
0.325600	144.00
0.325620	146.00
0.325640	146.00
0.325660	143.00
0.325680	138.00
0.325700	129.00
0.325720	118.00
0.325740	107.00
0.325760	98.00
0.325780	90.00
0.325800	83.00
0.325820	79.00
0.325840	77.00
0.325860	81.00
0.325880	89.00
0.325900	101.00
0.325920	118.00
0.325940	137.00
0.325960	156.00
0.325980	172.00
0.326000	183.00
0.326020	191.00
0.326040	194.00
0.326060	195.00
0.326080	190.00
0.326100	178.00
0.326120	159.00
0.326140	134.00
0.326160	105.00
0.326180	74.00
0.326200	44.00
0.326220	21.00
0.326240	6.00
0.326260	1.00
0.326280	7.00
0.326300	22.00
0.326320	48.00
0.326340	86.00
0.326360	133.00
0.326380	181.00
0.326400	220.00
0.326420	245.00
0.326440	255.00
0.326460	255.00
0.326480	253.00
0.326500	243.00
0.326520	220.00
0.326540	180.00
0.326560	125.00
0.326580	66.00
0.326600	19.00
0.326620	0.00
0.326640	0.00
0.326660	5.00
0.326680	7.00
0.326700	0.00
0.326720	0.00
0.326740	7.00
0.326760	52.00
0.326780	120.00
0.326800	187.00
0.326820	235.00
0.326840	255.00
0.326860	255.00
0.326880	255.00
0.326900	255.00
0.326920	254.00
0.326940	243.00
0.326960	215.00
0.326980	167.00
0.327000	107.00
0.327020	50.00
0.327040	11.00
0.327060	0.00
0.327080	0.00
0.327100	4.00
0.327120	3.00
0.327140	0.00
0.327160	1.00
0.327180	25.00
0.327200	70.00
0.327220	126.00
0.327240	178.00
0.327260	215.00
0.327280	236.00
0.327300	245.00
0.327320	247.00
0.327340	242.00
0.327360	230.00
0.327380	210.00
0.327400	183.00
0.327420	150.00
0.327440	114.00
0.327460	80.00
0.327480	51.00
0.327500	30.00
0.327520	19.00
0.327540	16.00
0.327560	23.00
0.327580	38.00
0.327600	59.00
0.327620	84.00
0.327640	110.00
0.327660	136.00
0.327680	158.00
0.327700	176.00
0.327720	188.00
0.327740	194.00
0.327760	193.00
0.327780	187.00
0.327800	177.00
0.327820	163.00
0.327840	146.00
0.327860	129.00
0.327880	113.00
0.327900	99.00
0.327920	88.00
0.327940	81.00
0.327960	79.00
0.327980	80.00
0.328000	85.00
0.328020	93.00
0.328040	104.00
0.328060	115.00
0.328080	125.00
0.328100	135.00
0.328120	143.00
0.328140	149.00
0.328160	153.00
0.328180	154.00
0.328200	152.00
0.328220	149.00
0.328240	143.00
0.328260	137.00
0.328280	131.00
0.328300	124.00
0.328320	118.00
0.328340	112.00
0.328360	109.00
0.328380	107.00
0.328400	107.00
0.328420	108.00
0.328440	111.00
0.328460	114.00
0.328480	118.00
0.328500	122.00
0.328520	126.00
0.328540	130.00
0.328560	132.00
0.328580	134.00
0.328600	136.00
0.328620	137.00
0.328640	136.00
0.328660	134.00
0.328680	132.00
0.328700	129.00
0.328720	127.00
0.328740	124.00
0.328760	122.00
0.328780	120.00
0.328800	119.00
0.328820	118.00
0.328840	118.00
0.328860	118.00
0.328880	119.00
0.328900	121.00
0.328920	123.00
0.328940	124.00
0.328960	126.00
0.328980	127.00
0.329000	128.00
0.329020	129.00
0.329040	130.00
0.329060	130.00
0.329080	130.00
0.329100	129.00
0.329120	128.00
0.329140	127.00
0.329160	126.00
0.329180	125.00
0.329200	124.00
0.329220	123.00
0.329240	122.00
0.329260	122.00
0.329280	123.00
0.329300	123.00
0.329320	123.00
0.329340	124.00
0.329360	124.00
0.329380	125.00
0.329400	126.00
0.329420	126.00
0.329440	126.00
0.329460	126.00
0.329480	126.00
0.329500	126.00
0.329520	126.00
0.329540	126.00
0.329560	126.00
0.329580	126.00
0.329600	125.00
0.329620	124.00
0.329640	124.00
0.329660	124.00
0.329680	124.00
0.329700	124.00
0.329720	124.00
0.329740	124.00
0.329760	124.00
0.329780	124.00
0.329800	125.00
0.329820	126.00
0.329840	126.00
0.329860	126.00
0.329880	126.00
0.329900	126.00
0.329920	126.00
0.329940	126.00
0.329960	126.00
0.329980	125.00
0.330000	125.00
0.330020	125.00
0.330040	125.00
0.330060	124.00
0.330080	124.00
0.330100	124.00
0.330120	125.00
0.330140	125.00
0.330160	125.00
0.330180	125.00
0.330200	125.00
0.330220	125.00
0.330240	125.00
0.330260	125.00
0.330280	125.00
0.330300	125.00
0.330320	125.00
0.330340	125.00
0.330360	125.00
0.330380	124.00
0.330400	124.00
0.330420	125.00
0.330440	125.00
0.330460	125.00
0.330480	125.00
0.330500	124.00
0.330520	124.00
0.330540	125.00
0.330560	125.00
0.330580	125.00
0.330600	124.00
0.330620	124.00
0.330640	124.00
0.330660	125.00
0.330680	125.00
0.330700	125.00
0.330720	125.00
0.330740	125.00
0.330760	125.00
0.330780	125.00
0.330800	125.00
0.330820	124.00
0.330840	125.00
0.330860	125.00
0.330880	125.00
0.330900	125.00
0.330920	125.00
0.330940	125.00
0.330960	125.00
0.330980	124.00
0.331000	124.00
0.331020	124.00
0.331040	125.00
0.331060	125.00
0.331080	125.00
0.331100	125.00
0.331120	125.00
0.331140	125.00
0.331160	125.00
0.331180	125.00
0.331200	125.00
0.331220	125.00
0.331240	125.00
0.331260	125.00
0.331280	125.00
0.331300	125.00
0.331320	125.00
0.331340	125.00
0.331360	125.00
0.331380	125.00
0.331400	125.00
0.331420	125.00
0.331440	125.00
0.331460	125.00
0.331480	126.00
0.331500	126.00
0.331520	126.00
0.331540	126.00
0.331560	126.00
0.331580	125.00
0.331600	125.00
0.331620	125.00
0.331640	125.00
0.331660	126.00
0.331680	125.00
0.331700	125.00
0.331720	124.00
0.331740	124.00
0.331760	123.00
0.331780	122.00
0.331800	120.00
0.331820	119.00
0.331840	119.00
0.331860	120.00
0.331880	122.00
0.331900	124.00
0.331920	126.00
0.331940	128.00
0.331960	131.00
0.331980	133.00
0.332000	135.00
0.332020	136.00
0.332040	136.00
0.332060	135.00
0.332080	134.00
0.332100	131.00
0.332120	127.00
0.332140	123.00
0.332160	119.00
0.332180	115.00
0.332200	112.00
0.332220	109.00
0.332240	108.00
0.332260	108.00
0.332280	109.00
0.332300	111.00
0.332320	116.00
0.332340	121.00
0.332360	128.00
0.332380	135.00
0.332400	142.00
0.332420	148.00
0.332440	153.00
0.332460	156.00
0.332480	155.00
0.332500	151.00
0.332520	145.00
0.332540	136.00
0.332560	125.00
0.332580	113.00
0.332600	101.00
0.332620	90.00
0.332640	82.00
0.332660	78.00
0.332680	78.00
0.332700	82.00
0.332720	91.00
0.332740	103.00
0.332760	118.00
0.332780	134.00
0.332800	150.00
0.332820	164.00
0.332840	175.00
0.332860	182.00
0.332880	184.00
0.332900	180.00
0.332920	171.00
0.332940	159.00
0.332960	144.00
0.332980	126.00
0.333000	108.00
0.333020	91.00
0.333040	78.00
0.333060	69.00
0.333080	64.00
0.333100	64.00
0.333120	70.00
0.333140	81.00
0.333160	95.00
0.333180	111.00
0.333200	128.00
0.333220	144.00
0.333240	158.00
0.333260	169.00
0.333280	176.00
0.333300	178.00
0.333320	176.00
0.333340	169.00
0.333360	159.00
0.333380	147.00
0.333400	133.00
0.333420	119.00
0.333440	107.00
0.333460	97.00
0.333480	90.00
0.333500	85.00
0.333520	85.00
0.333540	87.00
0.333560	93.00
0.333580	101.00
0.333600	111.00
0.333620	121.00
0.333640	131.00
0.333660	140.00
0.333680	147.00
0.333700	151.00
0.333720	153.00
0.333740	152.00
0.333760	149.00
0.333780	144.00
0.333800	138.00
0.333820	131.00
0.333840	124.00
0.333860	118.00
0.333880	113.00
0.333900	109.00
0.333920	106.00
0.333940	105.00
0.333960	106.00
0.333980	109.00
0.334000	112.00
0.334020	117.00
0.334040	121.00
0.334060	127.00
0.334080	131.00
0.334100	135.00
0.334120	137.00
0.334140	138.00
0.334160	138.00
0.334180	137.00
0.334200	135.00
0.334220	133.00
0.334240	130.00
0.334260	128.00
0.334280	125.00
0.334300	122.00
0.334320	120.00
0.334340	118.00
0.334360	117.00
0.334380	117.00
0.334400	117.00
0.334420	118.00
0.334440	119.00
0.334460	121.00
0.334480	123.00
0.334500	125.00
0.334520	127.00
0.334540	129.00
0.334560	130.00
0.334580	131.00
0.334600	130.00
0.334620	130.00
0.334640	129.00
0.334660	128.00
0.334680	127.00
0.334700	126.00
0.334720	125.00
0.334740	124.00
0.334760	123.00
0.334780	122.00
0.334800	122.00
0.334820	122.00
0.334840	122.00
0.334860	123.00
0.334880	123.00
0.334900	123.00
0.334920	124.00
0.334940	125.00
0.334960	125.00
0.334980	126.00
0.335000	126.00
0.335020	126.00
0.335040	126.00
0.335060	127.00
0.335080	127.00
0.335100	127.00
0.335120	126.00
0.335140	125.00
0.335160	125.00
0.335180	125.00
0.335200	125.00
0.335220	124.00
0.335240	124.00
0.335260	123.00
0.335280	124.00
0.335300	124.00
0.335320	124.00
0.335340	124.00
0.335360	125.00
0.335380	125.00
0.335400	125.00
0.335420	125.00
0.335440	125.00
0.335460	126.00
0.335480	126.00
0.335500	126.00
0.335520	126.00
0.335540	126.00
0.335560	125.00
0.335580	125.00
0.335600	125.00
0.335620	125.00
0.335640	125.00
0.335660	125.00
0.335680	125.00
0.335700	125.00
0.335720	125.00
0.335740	125.00
0.335760	125.00
0.335780	125.00
0.335800	124.00
0.335820	124.00
0.335840	125.00
0.335860	125.00
0.335880	125.00
0.335900	125.00
0.335920	125.00
0.335940	125.00
0.335960	125.00
0.335980	125.00
0.336000	125.00
0.336020	125.00
0.336040	126.00
0.336060	126.00
0.336080	126.00
0.336100	126.00
0.336120	125.00
0.336140	125.00
0.336160	125.00
0.336180	125.00
0.336200	125.00
0.336220	124.00
0.336240	124.00
0.336260	124.00
0.336280	124.00
0.336300	124.00
0.336320	124.00
0.336340	124.00
0.336360	125.00
0.336380	125.00
0.336400	125.00
0.336420	125.00
0.336440	125.00
0.336460	126.00
0.336480	126.00
0.336500	126.00
0.336520	125.00
0.336540	125.00
0.336560	125.00
0.336580	125.00
0.336600	125.00
0.336620	125.00
0.336640	125.00
0.336660	124.00
0.336680	124.00
0.336700	124.00
0.336720	124.00
0.336740	124.00
0.336760	125.00
0.336780	125.00
0.336800	125.00
0.336820	125.00
0.336840	125.00
0.336860	125.00
0.336880	125.00
0.336900	125.00
0.336920	125.00
0.336940	125.00
0.336960	125.00
0.336980	125.00
0.337000	125.00
0.337020	125.00
0.337040	125.00
0.337060	126.00
0.337080	126.00
0.337100	126.00
0.337120	126.00
0.337140	125.00
0.337160	125.00
0.337180	125.00
0.337200	125.00
0.337220	125.00
0.337240	125.00
0.337260	125.00
0.337280	125.00
0.337300	125.00
0.337320	125.00
0.337340	125.00
0.337360	125.00
0.337380	125.00
0.337400	125.00
0.337420	125.00
0.337440	125.00
0.337460	125.00
0.337480	125.00
0.337500	125.00
0.337520	125.00
0.337540	125.00
0.337560	125.00
0.337580	125.00
0.337600	125.00
0.337620	125.00
0.337640	125.00
0.337660	125.00
0.337680	125.00
0.337700	125.00
0.337720	125.00
0.337740	125.00
0.337760	125.00
0.337780	125.00
0.337800	125.00
0.337820	126.00
0.337840	126.00
0.337860	126.00
0.337880	126.00
0.337900	125.00
0.337920	125.00
0.337940	125.00
0.337960	124.00
0.337980	124.00
0.338000	123.00
0.338020	122.00
0.338040	122.00
0.338060	122.00
0.338080	123.00
0.338100	124.00
0.338120	125.00
0.338140	126.00
0.338160	128.00
0.338180	129.00
0.338200	130.00
0.338220	131.00
0.338240	132.00
0.338260	132.00
0.338280	132.00
0.338300	130.00
0.338320	127.00
0.338340	125.00
0.338360	122.00
0.338380	120.00
0.338400	118.00
0.338420	116.00
0.338440	115.00
0.338460	115.00
0.338480	115.00
0.338500	116.00
0.338520	118.00
0.338540	121.00
0.338560	125.00
0.338580	129.00
0.338600	133.00
0.338620	137.00
0.338640	140.00
0.338660	142.00
0.338680	143.00
0.338700	142.00
0.338720	139.00
0.338740	134.00
0.338760	128.00
0.338780	121.00
0.338800	114.00
0.338820	107.00
0.338840	101.00
0.338860	98.00
0.338880	97.00
0.338900	98.00
0.338920	102.00
0.338940	108.00
0.338960	116.00
0.338980	126.00
0.339000	136.00
0.339020	145.00
0.339040	152.00
0.339060	157.00
0.339080	160.00
0.339100	159.00
0.339120	155.00
0.339140	149.00
0.339160	140.00
0.339180	130.00
0.339200	120.00
0.339220	110.00
0.339240	101.00
0.339260	95.00
0.339280	92.00
0.339300	91.00
0.339320	93.00
0.339340	97.00
0.339360	104.00
0.339380	113.00
0.339400	122.00
0.339420	131.00
0.339440	139.00
0.339460	145.00
0.339480	150.00
0.339500	153.00
0.339520	153.00
0.339540	150.00
0.339560	146.00
0.339580	140.00
0.339600	134.00
0.339620	128.00
0.339640	121.00
0.339660	115.00
0.339680	110.00
0.339700	106.00
0.339720	105.00
0.339740	105.00
0.339760	107.00
0.339780	110.00
0.339800	114.00
0.339820	118.00
0.339840	123.00
0.339860	127.00
0.339880	131.00
0.339900	134.00
0.339920	136.00
0.339940	136.00
0.339960	136.00
0.339980	135.00
0.340000	133.00
0.340020	131.00
0.340040	129.00
0.340060	127.00
0.340080	125.00
0.340100	122.00
0.340120	120.00
0.340140	119.00
0.340160	119.00
0.340180	120.00
0.340200	120.00
0.340220	121.00
0.340240	122.00
0.340260	123.00
0.340280	125.00
0.340300	126.00
0.340320	126.00
0.340340	126.00
0.340360	127.00
0.340380	128.00
0.340400	128.00
0.340420	128.00
0.340440	128.00
0.340460	127.00
0.340480	127.00
0.340500	126.00
0.340520	125.00
0.340540	124.00
0.340560	124.00
0.340580	124.00
0.340600	124.00
0.340620	124.00
0.340640	124.00
0.340660	124.00
0.340680	125.00
0.340700	125.00
0.340720	125.00
0.340740	125.00
0.340760	125.00
0.340780	125.00
0.340800	126.00
0.340820	126.00
0.340840	126.00
0.340860	126.00
0.340880	126.00
0.340900	125.00
0.340920	125.00
0.340940	125.00
0.340960	125.00
0.340980	125.00
0.341000	125.00
0.341020	125.00
0.341040	124.00
0.341060	124.00
0.341080	124.00
0.341100	125.00
0.341120	125.00
0.341140	125.00
0.341160	125.00
0.341180	125.00
0.341200	125.00
0.341220	125.00
0.341240	125.00
0.341260	126.00
0.341280	126.00
0.341300	126.00
0.341320	125.00
0.341340	125.00
0.341360	125.00
0.341380	125.00
0.341400	125.00
0.341420	125.00
0.341440	125.00
0.341460	125.00
0.341480	125.00
0.341500	124.00
0.341520	124.00
0.341540	124.00
0.341560	125.00
0.341580	125.00
0.341600	125.00
0.341620	125.00
0.341640	125.00
0.341660	125.00
0.341680	125.00
0.341700	125.00
0.341720	125.00
0.341740	125.00
0.341760	125.00
0.341780	126.00
0.341800	126.00
0.341820	125.00
0.341840	125.00
0.341860	125.00
0.341880	125.00
0.341900	124.00
0.341920	124.00
0.341940	124.00
0.341960	125.00
0.341980	125.00
0.342000	125.00
0.342020	124.00
0.342040	124.00
0.342060	124.00
0.342080	125.00
0.342100	125.00
0.342120	125.00
0.342140	125.00
0.342160	126.00
0.342180	126.00
0.342200	126.00
0.342220	126.00
0.342240	126.00
0.342260	126.00
0.342280	126.00
0.342300	126.00
0.342320	126.00
0.342340	125.00
0.342360	124.00
0.342380	124.00
0.342400	124.00
0.342420	124.00
0.342440	123.00
0.342460	123.00
0.342480	123.00
0.342500	124.00
0.342520	124.00
0.342540	124.00
0.342560	125.00
0.342580	125.00
0.342600	126.00
0.342620	126.00
0.342640	126.00
0.342660	126.00
0.342680	126.00
0.342700	126.00
0.342720	126.00
0.342740	126.00
0.342760	125.00
0.342780	125.00
0.342800	125.00
0.342820	124.00
0.342840	124.00
0.342860	123.00
0.342880	123.00
0.342900	123.00
0.342920	124.00
0.342940	124.00
0.342960	124.00
0.342980	124.00
0.343000	125.00
0.343020	126.00
0.343040	126.00
0.343060	126.00
0.343080	126.00
0.343100	126.00
0.343120	126.00
0.343140	126.00
0.343160	126.00
0.343180	125.00
0.343200	125.00
0.343220	124.00
0.343240	124.00
0.343260	124.00
0.343280	124.00
0.343300	124.00
0.343320	124.00
0.343340	124.00
0.343360	124.00
0.343380	124.00
0.343400	125.00
0.343420	125.00
0.343440	125.00
0.343460	126.00
0.343480	126.00
0.343500	126.00
0.343520	126.00
0.343540	126.00
0.343560	126.00
0.343580	125.00
0.343600	125.00
0.343620	125.00
0.343640	124.00
0.343660	124.00
0.343680	124.00
0.343700	124.00
0.343720	124.00
0.343740	124.00
0.343760	124.00
0.343780	124.00
0.343800	124.00
0.343820	125.00
0.343840	125.00
0.343860	125.00
0.343880	125.00
0.343900	125.00
0.343920	125.00
0.343940	125.00
0.343960	125.00
0.343980	125.00
0.344000	125.00
0.344020	125.00
0.344040	125.00
0.344060	125.00
0.344080	125.00
0.344100	124.00
0.344120	124.00
0.344140	124.00
0.344160	124.00
0.344180	124.00
0.344200	124.00
0.344220	123.00
0.344240	123.00
0.344260	123.00
0.344280	124.00
0.344300	124.00
0.344320	125.00
0.344340	125.00
0.344360	126.00
0.344380	127.00
0.344400	128.00
0.344420	129.00
0.344440	129.00
0.344460	129.00
0.344480	129.00
0.344500	128.00
0.344520	127.00
0.344540	125.00
0.344560	123.00
0.344580	122.00
0.344600	120.00
0.344620	119.00
0.344640	118.00
0.344660	118.00
0.344680	118.00
0.344700	119.00
0.344720	119.00
0.344740	121.00
0.344760	123.00
0.344780	126.00
0.344800	129.00
0.344820	132.00
0.344840	134.00
0.344860	136.00
0.344880	137.00
0.344900	137.00
0.344920	135.00
0.344940	133.00
0.344960	129.00
0.344980	125.00
0.345000	120.00
0.345020	115.00
0.345040	110.00
0.345060	107.00
0.345080	105.00
0.345100	105.00
0.345120	107.00
0.345140	111.00
0.345160	116.00
0.345180	123.00
0.345200	129.00
0.345220	136.00
0.345240	141.00
0.345260	145.00
0.345280	148.00
0.345300	149.00
0.345320	148.00
0.345340	144.00
0.345360	139.00
0.345380	132.00
0.345400	125.00
0.345420	118.00
0.345440	111.00
0.345460	106.00
0.345480	102.00
0.345500	99.00
0.345520	99.00
0.345540	101.00
0.345560	105.00
0.345580	111.00
0.345600	118.00
0.345620	125.00
0.345640	133.00
0.345660	139.00
0.345680	144.00
0.345700	147.00
0.345720	148.00
0.345740	148.00
0.345760	146.00
0.345780	142.00
0.345800	137.00
0.345820	131.00
0.345840	124.00
0.345860	118.00
0.345880	113.00
0.345900	109.00
0.345920	106.00
0.345940	105.00
0.345960	106.00
0.345980	108.00
0.346000	112.00
0.346020	117.00
0.346040	122.00
0.346060	127.00
0.346080	131.00
0.346100	135.00
0.346120	138.00
0.346140	140.00
0.346160	140.00
0.346180	139.00
0.346200	138.00
0.346220	135.00
0.346240	132.00
0.346260	129.00
0.346280	125.00
0.346300	121.00
0.346320	118.00
0.346340	116.00
0.346360	114.00
0.346380	114.00
0.346400	114.00
0.346420	116.00
0.346440	118.00
0.346460	121.00
0.346480	123.00
0.346500	125.00
0.346520	128.00
0.346540	130.00
0.346560	132.00
0.346580	133.00
0.346600	133.00
0.346620	132.00
0.346640	131.00
0.346660	129.00
0.346680	128.00
0.346700	126.00
0.346720	124.00
0.346740	122.00
0.346760	121.00
0.346780	120.00
0.346800	120.00
0.346820	120.00
0.346840	120.00
0.346860	121.00
0.346880	122.00
0.346900	123.00
0.346920	125.00
0.346940	126.00
0.346960	126.00
0.346980	127.00
0.347000	128.00
0.347020	128.00
0.347040	128.00
0.347060	127.00
0.347080	127.00
0.347100	126.00
0.347120	125.00
0.347140	125.00
0.347160	125.00
0.347180	124.00
0.347200	123.00
0.347220	123.00
0.347240	123.00
0.347260	123.00
0.347280	123.00
0.347300	123.00
0.347320	123.00
0.347340	123.00
0.347360	124.00
0.347380	125.00
0.347400	125.00
0.347420	125.00
0.347440	126.00
0.347460	126.00
0.347480	126.00
0.347500	126.00
0.347520	126.00
0.347540	126.00
0.347560	125.00
0.347580	125.00
0.347600	125.00
0.347620	125.00
0.347640	125.00
0.347660	125.00
0.347680	124.00
0.347700	124.00
0.347720	124.00
0.347740	124.00
0.347760	125.00
0.347780	125.00
0.347800	125.00
0.347820	125.00
0.347840	125.00
0.347860	124.00
0.347880	124.00
0.347900	125.00
0.347920	125.00
0.347940	125.00
0.347960	125.00
0.347980	125.00
0.348000	125.00
0.348020	125.00
0.348040	125.00
0.348060	125.00
0.348080	125.00
0.348100	125.00
0.348120	125.00
0.348140	125.00
0.348160	124.00
0.348180	124.00
0.348200	124.00
0.348220	125.00
0.348240	125.00
0.348260	125.00
0.348280	125.00
0.348300	125.00
0.348320	125.00
0.348340	125.00
0.348360	125.00
0.348380	126.00
0.348400	126.00
0.348420	126.00
0.348440	126.00
0.348460	126.00
0.348480	125.00
0.348500	125.00
0.348520	124.00
0.348540	124.00
0.348560	124.00
0.348580	124.00
0.348600	124.00
0.348620	124.00
0.348640	124.00
0.348660	124.00
0.348680	124.00
0.348700	124.00
0.348720	124.00
0.348740	125.00
0.348760	125.00
0.348780	126.00
0.348800	126.00
0.348820	125.00
0.348840	125.00
0.348860	125.00
0.348880	125.00
0.348900	124.00
0.348920	124.00
0.348940	124.00
0.348960	124.00
0.348980	125.00
0.349000	125.00
0.349020	125.00
0.349040	124.00
0.349060	124.00
0.349080	124.00
0.349100	125.00
0.349120	125.00
0.349140	126.00
0.349160	126.00
0.349180	126.00
0.349200	125.00
0.349220	125.00
0.349240	125.00
0.349260	125.00
0.349280	124.00
0.349300	124.00
0.349320	124.00
0.349340	124.00
0.349360	124.00
0.349380	124.00
0.349400	124.00
0.349420	124.00
0.349440	125.00
0.349460	125.00
0.349480	125.00
0.349500	125.00
0.349520	125.00
0.349540	125.00
0.349560	125.00
0.349580	126.00
0.349600	126.00
0.349620	126.00
0.349640	125.00
0.349660	125.00
0.349680	125.00
0.349700	125.00
0.349720	125.00
0.349740	125.00
0.349760	125.00
0.349780	125.00
0.349800	125.00
0.349820	125.00
0.349840	125.00
0.349860	125.00
0.349880	125.00
0.349900	125.00
0.349920	125.00
0.349940	125.00
0.349960	125.00
0.349980	125.00
0.350000	125.00
0.350020	125.00
0.350040	125.00
0.350060	125.00
0.350080	125.00
0.350100	125.00
0.350120	124.00
0.350140	124.00
0.350160	124.00
0.350180	124.00
0.350200	125.00
0.350220	125.00
0.350240	125.00
0.350260	125.00
0.350280	125.00
0.350300	125.00
0.350320	125.00
0.350340	125.00
0.350360	125.00
0.350380	125.00
0.350400	124.00
0.350420	123.00
0.350440	123.00
0.350460	123.00
0.350480	123.00
0.350500	124.00
0.350520	124.00
0.350540	125.00
0.350560	125.00
0.350580	125.00
0.350600	126.00
0.350620	127.00
0.350640	127.00
0.350660	127.00
0.350680	127.00
0.350700	127.00
0.350720	126.00
0.350740	126.00
0.350760	124.00
0.350780	123.00
0.350800	122.00
0.350820	122.00
0.350840	121.00
0.350860	121.00
0.350880	120.00
0.350900	120.00
0.350920	121.00
0.350940	122.00
0.350960	124.00
0.350980	125.00
0.351000	127.00
0.351020	129.00
0.351040	130.00
0.351060	132.00
0.351080	133.00
0.351100	133.00
0.351120	133.00
0.351140	131.00
0.351160	128.00
0.351180	125.00
0.351200	122.00
0.351220	119.00
0.351240	116.00
0.351260	114.00
0.351280	113.00
0.351300	112.00
0.351320	113.00
0.351340	116.00
0.351360	119.00
0.351380	123.00
0.351400	127.00
0.351420	131.00
0.351440	135.00
0.351460	139.00
0.351480	141.00
0.351500	141.00
0.351520	140.00
0.351540	138.00
0.351560	134.00
0.351580	130.00
0.351600	125.00
0.351620	120.00
0.351640	115.00
0.351660	111.00
0.351680	108.00
0.351700	107.00
0.351720	107.00
0.351740	109.00
0.351760	113.00
0.351780	117.00
0.351800	122.00
0.351820	127.00
0.351840	132.00
0.351860	136.00
0.351880	139.00
0.351900	140.00
0.351920	140.00
0.351940	139.00
0.351960	137.00
0.351980	133.00
0.352000	129.00
0.352020	125.00
0.352040	121.00
0.352060	118.00
0.352080	115.00
0.352100	113.00
0.352120	112.00
0.352140	113.00
0.352160	115.00
0.352180	117.00
0.352200	120.00
0.352220	123.00
0.352240	127.00
0.352260	130.00
0.352280	133.00
0.352300	134.00
0.352320	134.00
0.352340	134.00
0.352360	133.00
0.352380	131.00
0.352400	129.00
0.352420	127.00
0.352440	124.00
0.352460	122.00
0.352480	120.00
0.352500	119.00
0.352520	119.00
0.352540	119.00
0.352560	119.00
0.352580	120.00
0.352600	122.00
0.352620	123.00
0.352640	125.00
0.352660	126.00
0.352680	128.00
0.352700	128.00
0.352720	128.00
0.352740	128.00
0.352760	128.00
0.352780	128.00
0.352800	127.00
0.352820	126.00
0.352840	125.00
0.352860	124.00
0.352880	123.00
0.352900	123.00
0.352920	122.00
0.352940	123.00
0.352960	123.00
0.352980	123.00
0.353000	124.00
0.353020	124.00
0.353040	124.00
0.353060	125.00
0.353080	126.00
0.353100	126.00
0.353120	127.00
0.353140	127.00
0.353160	127.00
0.353180	126.00
0.353200	126.00
0.353220	126.00
0.353240	126.00
0.353260	125.00
0.353280	125.00
0.353300	124.00
0.353320	124.00
0.353340	124.00
0.353360	124.00
0.353380	124.00
0.353400	124.00
0.353420	124.00
0.353440	124.00
0.353460	124.00
0.353480	125.00
0.353500	125.00
0.353520	125.00
0.353540	125.00
0.353560	125.00
0.353580	125.00
0.353600	125.00
0.353620	125.00
0.353640	125.00
0.353660	125.00
0.353680	125.00
0.353700	125.00
0.353720	125.00
0.353740	125.00
0.353760	125.00
0.353780	124.00
0.353800	124.00
0.353820	124.00
0.353840	124.00
0.353860	124.00
0.353880	124.00
0.353900	124.00
0.353920	124.00
0.353940	125.00
0.353960	125.00
0.353980	125.00
0.354000	124.00
0.354020	124.00
0.354040	124.00
0.354060	125.00
0.354080	125.00
0.354100	125.00
0.354120	125.00
0.354140	125.00
0.354160	125.00
0.354180	125.00
0.354200	125.00
0.354220	125.00
0.354240	125.00
0.354260	125.00
0.354280	125.00
0.354300	125.00
0.354320	125.00
0.354340	124.00
0.354360	124.00
0.354380	124.00
0.354400	124.00
0.354420	124.00
0.354440	124.00
0.354460	124.00
0.354480	124.00
0.354500	124.00
0.354520	124.00
0.354540	124.00
0.354560	125.00
0.354580	125.00
0.354600	125.00
0.354620	125.00
0.354640	125.00
0.354660	126.00
0.354680	126.00
0.354700	126.00
0.354720	126.00
0.354740	126.00
0.354760	126.00
0.354780	126.00
0.354800	126.00
0.354820	125.00
0.354840	124.00
0.354860	124.00
0.354880	124.00
0.354900	124.00
0.354920	124.00
0.354940	124.00
0.354960	125.00
0.354980	125.00
0.355000	124.00
0.355020	124.00
0.355040	124.00
0.355060	124.00
0.355080	125.00
0.355100	126.00
0.355120	126.00
0.355140	125.00
0.355160	125.00
0.355180	125.00
0.355200	125.00
0.355220	126.00
0.355240	126.00
0.355260	126.00
0.355280	126.00
0.355300	125.00
0.355320	124.00
0.355340	124.00
0.355360	124.00
0.355380	124.00
0.355400	124.00
0.355420	123.00
0.355440	123.00
0.355460	123.00
0.355480	124.00
0.355500	124.00
0.355520	124.00
0.355540	124.00
0.355560	125.00
0.355580	125.00
0.355600	126.00
0.355620	126.00
0.355640	127.00
0.355660	127.00
0.355680	126.00
0.355700	126.00
0.355720	126.00
0.355740	126.00
0.355760	126.00
0.355780	126.00
0.355800	125.00
0.355820	124.00
0.355840	124.00
0.355860	123.00
0.355880	123.00
0.355900	124.00
0.355920	124.00
0.355940	124.00
0.355960	124.00
0.355980	125.00
0.356000	125.00
0.356020	125.00
0.356040	125.00
0.356060	126.00
0.356080	126.00
0.356100	126.00
0.356120	126.00
0.356140	126.00
0.356160	126.00
0.356180	126.00
0.356200	126.00
0.356220	125.00
0.356240	125.00
0.356260	125.00
0.356280	125.00
0.356300	124.00
0.356320	124.00
0.356340	124.00
0.356360	124.00
0.356380	124.00
0.356400	124.00
0.356420	124.00
0.356440	124.00
0.356460	125.00
0.356480	126.00
0.356500	126.00
0.356520	126.00
0.356540	126.00
0.356560	125.00
0.356580	125.00
0.356600	125.00
0.356620	125.00
0.356640	124.00
0.356660	124.00
0.356680	124.00
0.356700	124.00
0.356720	125.00
0.356740	125.00
0.356760	125.00
0.356780	126.00
0.356800	126.00
0.356820	127.00
0.356840	127.00
0.356860	127.00
0.356880	127.00
0.356900	127.00
0.356920	127.00
0.356940	126.00
0.356960	125.00
0.356980	124.00
0.357000	123.00
0.357020	123.00
0.357040	122.00
0.357060	122.00
0.357080	121.00
0.357100	121.00
0.357120	122.00
0.357140	123.00
0.357160	124.00
0.357180	125.00
0.357200	126.00
0.357220	127.00
0.357240	128.00
0.357260	130.00
0.357280	130.00
0.357300	130.00
0.357320	129.00
0.357340	128.00
0.357360	127.00
0.357380	125.00
0.357400	123.00
0.357420	121.00
0.357440	119.00
0.357460	118.00
0.357480	118.00
0.357500	118.00
0.357520	118.00
0.357540	119.00
0.357560	121.00
0.357580	123.00
0.357600	126.00
0.357620	129.00
0.357640	131.00
0.357660	133.00
0.357680	135.00
0.357700	136.00
0.357720	135.00
0.357740	133.00
0.357760	130.00
0.357780	127.00
0.357800	125.00
0.357820	122.00
0.357840	120.00
0.357860	118.00
0.357880	116.00
0.357900	115.00
0.357920	115.00
0.357940	116.00
0.357960	118.00
0.357980	121.00
0.358000	123.00
0.358020	126.00
0.358040	128.00
0.358060	130.00
0.358080	132.00
0.358100	133.00
0.358120	133.00
0.358140	132.00
0.358160	131.00
0.358180	129.00
0.358200	127.00
0.358220	126.00
0.358240	124.00
0.358260	122.00
0.358280	121.00
0.358300	120.00
0.358320	120.00
0.358340	120.00
0.358360	121.00
0.358380	122.00
0.358400	123.00
0.358420	124.00
0.358440	125.00
0.358460	126.00
0.358480	127.00
0.358500	127.00
0.358520	127.00
0.358540	127.00
0.358560	126.00
0.358580	127.00
0.358600	126.00
0.358620	126.00
0.358640	125.00
0.358660	125.00
0.358680	124.00
0.358700	124.00
0.358720	124.00
0.358740	124.00
0.358760	124.00
0.358780	125.00
0.358800	125.00
0.358820	125.00
0.358840	125.00
0.358860	125.00
0.358880	125.00
0.358900	125.00
0.358920	125.00
0.358940	125.00
0.358960	124.00
0.358980	124.00
0.359000	124.00
0.359020	124.00
0.359040	124.00
0.359060	124.00
0.359080	124.00
0.359100	125.00
0.359120	126.00
0.359140	126.00
0.359160	126.00
0.359180	126.00
0.359200	125.00
0.359220	125.00
0.359240	125.00
0.359260	125.00
0.359280	125.00
0.359300	125.00
0.359320	125.00
0.359340	125.00
0.359360	125.00
0.359380	125.00
0.359400	124.00
0.359420	124.00
0.359440	124.00
0.359460	124.00
0.359480	124.00
0.359500	124.00
0.359520	124.00
0.359540	124.00
0.359560	125.00
0.359580	125.00
0.359600	126.00
0.359620	126.00
0.359640	126.00
0.359660	126.00
0.359680	126.00
0.359700	126.00
0.359720	126.00
0.359740	126.00
0.359760	125.00
0.359780	125.00
0.359800	125.00
0.359820	124.00
0.359840	124.00
0.359860	125.00
0.359880	125.00
0.359900	125.00
0.359920	125.00
0.359940	124.00
0.359960	125.00
0.359980	126.00
