0.320000	101.00
0.320020	49.00
0.320040	101.00
0.320060	140.00
0.320080	144.00
0.320100	126.00
0.320120	113.00
0.320140	119.00
0.320160	131.00
0.320180	134.00
0.320200	125.00
0.320220	118.00
0.320240	120.00
0.320260	128.00
0.320280	130.00
0.320300	125.00
0.320320	120.00
0.320340	123.00
0.320360	128.00
0.320380	129.00
0.320400	125.00
0.320420	121.00
0.320440	122.00
0.320460	126.00
0.320480	127.00
0.320500	124.00
0.320520	121.00
0.320540	122.00
0.320560	126.00
0.320580	127.00
0.320600	124.00
0.320620	122.00
0.320640	123.00
0.320660	126.00
0.320680	127.00
0.320700	124.00
0.320720	122.00
0.320740	123.00
0.320760	125.00
0.320780	126.00
0.320800	124.00
0.320820	122.00
0.320840	123.00
0.320860	125.00
0.320880	126.00
0.320900	124.00
0.320920	123.00
0.320940	123.00
0.320960	125.00
0.320980	126.00
0.321000	124.00
0.321020	123.00
0.321040	124.00
0.321060	126.00
0.321080	127.00
0.321100	125.00
0.321120	124.00
0.321140	124.00
0.321160	126.00
0.321180	126.00
0.321200	124.00
0.321220	123.00
0.321240	124.00
0.321260	126.00
0.321280	127.00
0.321300	125.00
0.321320	124.00
0.321340	124.00
0.321360	126.00
0.321380	126.00
0.321400	125.00
0.321420	124.00
0.321440	124.00
0.321460	126.00
0.321480	126.00
0.321500	125.00
0.321520	124.00
0.321540	124.00
0.321560	125.00
0.321580	126.00
0.321600	125.00
0.321620	124.00
0.321640	124.00
0.321660	125.00
0.321680	125.00
0.321700	124.00
0.321720	123.00
0.321740	124.00
0.321760	125.00
0.321780	126.00
0.321800	125.00
0.321820	124.00
0.321840	125.00
0.321860	126.00
0.321880	126.00
0.321900	125.00
0.321920	124.00
0.321940	124.00
0.321960	124.00
0.321980	125.00
0.322000	125.00
0.322020	124.00
0.322040	124.00
0.322060	125.00
0.322080	125.00
0.322100	125.00
0.322120	124.00
0.322140	125.00
0.322160	125.00
0.322180	126.00
0.322200	125.00
0.322220	124.00
0.322240	124.00
0.322260	126.00
0.322280	126.00
0.322300	125.00
0.322320	125.00
0.322340	125.00
0.322360	125.00
0.322380	125.00
0.322400	124.00
0.322420	123.00
0.322440	124.00
0.322460	125.00
0.322480	125.00
0.322500	125.00
0.322520	125.00
0.322540	125.00
0.322560	125.00
0.322580	125.00
0.322600	124.00
0.322620	124.00
0.322640	124.00
0.322660	125.00
0.322680	125.00
0.322700	124.00
0.322720	123.00
0.322740	124.00
0.322760	125.00
0.322780	126.00
0.322800	125.00
0.322820	124.00
0.322840	124.00
0.322860	125.00
0.322880	126.00
0.322900	125.00
0.322920	125.00
0.322940	124.00
0.322960	124.00
0.322980	125.00
0.323000	125.00
0.323020	125.00
0.323040	125.00
0.323060	126.00
0.323080	126.00
0.323100	125.00
0.323120	124.00
0.323140	124.00
0.323160	125.00
0.323180	125.00
0.323200	125.00
0.323220	124.00
0.323240	124.00
0.323260	124.00
0.323280	125.00
0.323300	124.00
0.323320	124.00
0.323340	124.00
0.323360	125.00
0.323380	126.00
0.323400	125.00
0.323420	125.00
0.323440	125.00
0.323460	125.00
0.323480	125.00
0.323500	125.00
0.323520	125.00
0.323540	125.00
0.323560	125.00
0.323580	126.00
0.323600	125.00
0.323620	125.00
0.323640	125.00
0.323660	125.00
0.323680	125.00
0.323700	125.00
0.323720	124.00
0.323740	124.00
0.323760	125.00
0.323780	125.00
0.323800	125.00
0.323820	124.00
0.323840	125.00
0.323860	126.00
0.323880	126.00
0.323900	126.00
0.323920	125.00
0.323940	124.00
0.323960	125.00
0.323980	125.00
0.324000	124.00
0.324020	124.00
0.324040	124.00
0.324060	125.00
0.324080	125.00
0.324100	125.00
0.324120	125.00
0.324140	125.00
0.324160	125.00
0.324180	125.00
0.324200	125.00
0.324220	125.00
0.324240	125.00
0.324260	125.00
0.324280	125.00
0.324300	124.00
0.324320	124.00
0.324340	124.00
0.324360	125.00
0.324380	125.00
0.324400	124.00
0.324420	124.00
0.324440	124.00
0.324460	125.00
0.324480	125.00
0.324500	125.00
0.324520	124.00
0.324540	124.00
0.324560	125.00
0.324580	126.00
0.324600	125.00
0.324620	125.00
0.324640	124.00
0.324660	125.00
0.324680	125.00
0.324700	125.00
0.324720	124.00
0.324740	124.00
0.324760	125.00
0.324780	125.00
0.324800	125.00
0.324820	124.00
0.324840	124.00
0.324860	125.00
0.324880	125.00
0.324900	125.00
0.324920	125.00
0.324940	125.00
0.324960	125.00
0.324980	126.00
0.325000	125.00
0.325020	125.00
0.325040	124.00
0.325060	125.00
0.325080	125.00
0.325100	125.00
0.325120	124.00
0.325140	124.00
0.325160	124.00
0.325180	125.00
0.325200	125.00
0.325220	124.00
0.325240	124.00
0.325260	125.00
0.325280	126.00
0.325300	126.00
0.325320	125.00
0.325340	124.00
0.325360	123.00
0.325380	123.00
0.325400	121.00
0.325420	120.00
0.325440	120.00
0.325460	121.00
0.325480	122.00
0.325500	124.00
0.325520	126.00
0.325540	129.00
0.325560	133.00
0.325580	138.00
0.325600	142.00
0.325620	144.00
0.325640	146.00
0.325660	145.00
0.325680	142.00
0.325700	134.00
0.325720	124.00
0.325740	113.00
0.325760	103.00
0.325780	95.00
0.325800	87.00
0.325820	81.00
0.325840	78.00
0.325860	79.00
0.325880	85.00
0.325900	94.00
0.325920	108.00
0.325940	126.00
0.325960	145.00
0.325980	163.00
0.326000	177.00
0.326020	186.00
0.326040	192.00
0.326060	195.00
0.326080	193.00
0.326100	186.00
0.326120	171.00
0.326140	150.00
0.326160	124.00
0.326180	94.00
0.326200	64.00
0.326220	36.00
0.326240	15.00
0.326260	3.00
0.326280	2.00
0.326300	11.00
0.326320	30.00
0.326340	61.00
0.326360	104.00
0.326380	152.00
0.326400	197.00
0.326420	231.00
0.326440	250.00
0.326460	255.00
0.326480	255.00
0.326500	251.00
0.326520	236.00
0.326540	207.00
0.326560	160.00
0.326580	102.00
0.326600	46.00
0.326620	7.00
0.326640	0.00
0.326660	0.00
0.326680	7.00
0.326700	5.00
0.326720	0.00
0.326740	0.00
0.326760	20.00
0.326780	76.00
0.326800	147.00
0.326820	209.00
0.326840	246.00
0.326860	255.00
0.326880	255.00
0.326900	255.00
0.326920	255.00
0.326940	252.00
0.326960	235.00
0.326980	198.00
0.327000	144.00
0.327020	84.00
0.327040	34.00
0.327060	4.00
0.327080	0.00
0.327100	1.00
0.327120	4.00
0.327140	1.00
0.327160	0.00
0.327180	7.00
0.327200	40.00
0.327220	92.00
0.327240	148.00
0.327260	195.00
0.327280	225.00
0.327300	240.00
0.327320	247.00
0.327340	246.00
0.327360	239.00
0.327380	224.00
0.327400	200.00
0.327420	171.00
0.327440	137.00
0.327460	102.00
0.327480	68.00
0.327500	42.00
0.327520	24.00
0.327540	16.00
0.327560	18.00
0.327580	28.00
0.327600	44.00
0.327620	67.00
0.327640	94.00
0.327660	121.00
0.327680	146.00
0.327700	166.00
0.327720	182.00
0.327740	191.00
0.327760	195.00
0.327780	192.00
0.327800	184.00
0.327820	172.00
0.327840	157.00
0.327860	140.00
0.327880	123.00
0.327900	107.00
0.327920	94.00
0.327940	85.00
0.327960	80.00
0.327980	78.00
0.328000	81.00
0.328020	88.00
0.328040	97.00
0.328060	108.00
0.328080	118.00
0.328100	129.00
0.328120	138.00
0.328140	146.00
0.328160	152.00
0.328180	155.00
0.328200	154.00
0.328220	152.00
0.328240	148.00
0.328260	141.00
0.328280	134.00
0.328300	127.00
0.328320	120.00
0.328340	115.00
0.328360	111.00
0.328380	108.00
0.328400	106.00
0.328420	107.00
0.328440	109.00
0.328460	112.00
0.328480	116.00
0.328500	120.00
0.328520	124.00
0.328540	128.00
0.328560	131.00
0.328580	133.00
0.328600	134.00
0.328620	135.00
0.328640	136.00
0.328660	135.00
0.328680	134.00
0.328700	131.00
0.328720	128.00
0.328740	125.00
0.328760	123.00
0.328780	122.00
0.328800	120.00
0.328820	119.00
0.328840	118.00
0.328860	118.00
0.328880	118.00
0.328900	119.00
0.328920	121.00
0.328940	123.00
0.328960	125.00
0.328980	126.00
0.329000	127.00
0.329020	128.00
0.329040	129.00
0.329060	130.00
0.329080	129.00
0.329100	128.00
0.329120	127.00
0.329140	126.00
0.329160	126.00
0.329180	125.00
0.329200	124.00
0.329220	123.00
0.329240	123.00
0.329260	123.00
0.329280	123.00
0.329300	123.00
0.329320	123.00
0.329340	123.00
0.329360	124.00
0.329380	124.00
0.329400	125.00
0.329420	126.00
0.329440	126.00
0.329460	127.00
0.329480	126.00
0.329500	126.00
0.329520	126.00
0.329540	126.00
0.329560	127.00
0.329580	126.00
0.329600	125.00
0.329620	124.00
0.329640	124.00
0.329660	124.00
0.329680	124.00
0.329700	124.00
0.329720	124.00
0.329740	124.00
0.329760	124.00
0.329780	125.00
0.329800	125.00
0.329820	125.00
0.329840	125.00
0.329860	125.00
0.329880	126.00
0.329900	126.00
0.329920	126.00
0.329940	126.00
0.329960	126.00
0.329980	126.00
0.330000	125.00
0.330020	125.00
0.330040	125.00
0.330060	125.00
0.330080	125.00
0.330100	124.00
0.330120	124.00
0.330140	124.00
0.330160	124.00
0.330180	124.00
0.330200	124.00
0.330220	124.00
0.330240	125.00
0.330260	125.00
0.330280	125.00
0.330300	126.00
0.330320	126.00
0.330340	126.00
0.330360	126.00
0.330380	125.00
0.330400	125.00
0.330420	125.00
0.330440	125.00
0.330460	125.00
0.330480	125.00
0.330500	125.00
0.330520	125.00
0.330540	125.00
0.330560	125.00
0.330580	126.00
0.330600	125.00
0.330620	125.00
0.330640	124.00
0.330660	124.00
0.330680	124.00
0.330700	124.00
0.330720	124.00
0.330740	125.00
0.330760	125.00
0.330780	125.00
0.330800	125.00
0.330820	125.00
0.330840	125.00
0.330860	125.00
0.330880	125.00
0.330900	124.00
0.330920	124.00
0.330940	124.00
0.330960	125.00
0.330980	125.00
0.331000	125.00
0.331020	126.00
0.331040	126.00
0.331060	126.00
0.331080	125.00
0.331100	125.00
0.331120	125.00
0.331140	125.00
0.331160	126.00
0.331180	125.00
0.331200	125.00
0.331220	124.00
0.331240	125.00
0.331260	125.00
0.331280	125.00
0.331300	125.00
0.331320	125.00
0.331340	125.00
0.331360	126.00
0.331380	126.00
0.331400	126.00
0.331420	126.00
0.331440	125.00
0.331460	125.00
0.331480	125.00
0.331500	125.00
0.331520	125.00
0.331540	126.00
0.331560	126.00
0.331580	125.00
0.331600	125.00
0.331620	125.00
0.331640	125.00
0.331660	126.00
0.331680	125.00
0.331700	125.00
0.331720	124.00
0.331740	124.00
0.331760	123.00
0.331780	122.00
0.331800	121.00
0.331820	120.00
0.331840	120.00
0.331860	120.00
0.331880	122.00
0.331900	123.00
0.331920	125.00
0.331940	127.00
0.331960	130.00
0.331980	132.00
0.332000	134.00
0.332020	135.00
0.332040	136.00
0.332060	135.00
0.332080	134.00
0.332100	132.00
0.332120	129.00
0.332140	125.00
0.332160	121.00
0.332180	117.00
0.332200	114.00
0.332220	111.00
0.332240	109.00
0.332260	108.00
0.332280	108.00
0.332300	110.00
0.332320	113.00
0.332340	117.00
0.332360	124.00
0.332380	131.00
0.332400	138.00
0.332420	145.00
0.332440	150.00
0.332460	154.00
0.332480	155.00
0.332500	154.00
0.332520	149.00
0.332540	142.00
0.332560	133.00
0.332580	121.00
0.332600	109.00
0.332620	98.00
0.332640	88.00
0.332660	81.00
0.332680	78.00
0.332700	80.00
0.332720	86.00
0.332740	96.00
0.332760	110.00
0.332780	126.00
0.332800	141.00
0.332820	156.00
0.332840	168.00
0.332860	177.00
0.332880	182.00
0.332900	182.00
0.332920	176.00
0.332940	166.00
0.332960	152.00
0.332980	136.00
0.333000	118.00
0.333020	101.00
0.333040	86.00
0.333060	74.00
0.333080	67.00
0.333100	64.00
0.333120	67.00
0.333140	75.00
0.333160	86.00
0.333180	101.00
0.333200	118.00
0.333220	134.00
0.333240	149.00
0.333260	161.00
0.333280	170.00
0.333300	175.00
0.333320	175.00
0.333340	171.00
0.333360	163.00
0.333380	153.00
0.333400	140.00
0.333420	127.00
0.333440	114.00
0.333460	104.00
0.333480	95.00
0.333500	89.00
0.333520	87.00
0.333540	88.00
0.333560	92.00
0.333580	99.00
0.333600	107.00
0.333620	116.00
0.333640	126.00
0.333660	135.00
0.333680	142.00
0.333700	147.00
0.333720	150.00
0.333740	151.00
0.333760	150.00
0.333780	147.00
0.333800	141.00
0.333820	135.00
0.333840	128.00
0.333860	122.00
0.333880	117.00
0.333900	112.00
0.333920	109.00
0.333940	108.00
0.333960	108.00
0.333980	110.00
0.334000	113.00
0.334020	116.00
0.334040	120.00
0.334060	124.00
0.334080	128.00
0.334100	131.00
0.334120	134.00
0.334140	136.00
0.334160	136.00
0.334180	136.00
0.334200	134.00
0.334220	132.00
0.334240	130.00
0.334260	127.00
0.334280	125.00
0.334300	122.00
0.334320	120.00
0.334340	119.00
0.334360	118.00
0.334380	118.00
0.334400	118.00
0.334420	119.00
0.334440	120.00
0.334460	122.00
0.334480	124.00
0.334500	125.00
0.334520	127.00
0.334540	128.00
0.334560	129.00
0.334580	130.00
0.334600	130.00
0.334620	130.00
0.334640	129.00
0.334660	128.00
0.334680	127.00
0.334700	126.00
0.334720	124.00
0.334740	123.00
0.334760	122.00
0.334780	122.00
0.334800	122.00
0.334820	122.00
0.334840	122.00
0.334860	123.00
0.334880	123.00
0.334900	124.00
0.334920	124.00
0.334940	125.00
0.334960	126.00
0.334980	126.00
0.335000	127.00
0.335020	127.00
0.335040	127.00
0.335060	127.00
0.335080	127.00
0.335100	126.00
0.335120	126.00
0.335140	126.00
0.335160	125.00
0.335180	125.00
0.335200	125.00
0.335220	125.00
0.335240	124.00
0.335260	124.00
0.335280	124.00
0.335300	124.00
0.335320	124.00
0.335340	124.00
0.335360	125.00
0.335380	125.00
0.335400	125.00
0.335420	125.00
0.335440	126.00
0.335460	126.00
0.335480	126.00
0.335500	126.00
0.335520	126.00
0.335540	126.00
0.335560	126.00
0.335580	125.00
0.335600	125.00
0.335620	124.00
0.335640	124.00
0.335660	124.00
0.335680	124.00
0.335700	124.00
0.335720	124.00
0.335740	124.00
0.335760	125.00
0.335780	125.00
0.335800	125.00
0.335820	125.00
0.335840	125.00
0.335860	125.00
0.335880	125.00
0.335900	125.00
0.335920	125.00
0.335940	125.00
0.335960	125.00
0.335980	125.00
0.336000	125.00
0.336020	125.00
0.336040	125.00
0.336060	125.00
0.336080	126.00
0.336100	125.00
0.336120	125.00
0.336140	124.00
0.336160	124.00
0.336180	125.00
0.336200	125.00
0.336220	125.00
0.336240	125.00
0.336260	125.00
0.336280	124.00
0.336300	124.00
0.336320	124.00
0.336340	125.00
0.336360	125.00
0.336380	125.00
0.336400	125.00
0.336420	124.00
0.336440	124.00
0.336460	125.00
0.336480	125.00
0.336500	125.00
0.336520	125.00
0.336540	125.00
0.336560	125.00
0.336580	125.00
0.336600	125.00
0.336620	125.00
0.336640	125.00
0.336660	125.00
0.336680	126.00
0.336700	126.00
0.336720	125.00
0.336740	125.00
0.336760	125.00
0.336780	125.00
0.336800	125.00
0.336820	124.00
0.336840	124.00
0.336860	124.00
0.336880	125.00
0.336900	125.00
0.336920	125.00
0.336940	126.00
0.336960	126.00
0.336980	126.00
0.337000	126.00
0.337020	126.00
0.337040	126.00
0.337060	125.00
0.337080	125.00
0.337100	125.00
0.337120	124.00
0.337140	124.00
0.337160	124.00
0.337180	125.00
0.337200	125.00
0.337220	124.00
0.337240	124.00
0.337260	124.00
0.337280	124.00
0.337300	125.00
0.337320	125.00
0.337340	125.00
0.337360	125.00
0.337380	125.00
0.337400	125.00
0.337420	124.00
0.337440	124.00
0.337460	125.00
0.337480	125.00
0.337500	125.00
0.337520	125.00
0.337540	125.00
0.337560	124.00
0.337580	124.00
0.337600	124.00
0.337620	124.00
0.337640	125.00
0.337660	125.00
0.337680	125.00
0.337700	125.00
0.337720	125.00
0.337740	124.00
0.337760	125.00
0.337780	125.00
0.337800	126.00
0.337820	126.00
0.337840	126.00
0.337860	126.00
0.337880	126.00
0.337900	126.00
0.337920	126.00
0.337940	125.00
0.337960	124.00
0.337980	124.00
0.338000	123.00
0.338020	122.00
0.338040	121.00
0.338060	121.00
0.338080	122.00
0.338100	123.00
0.338120	124.00
0.338140	125.00
0.338160	127.00
0.338180	129.00
0.338200	130.00
0.338220	131.00
0.338240	131.00
0.338260	131.00
0.338280	131.00
0.338300	130.00
0.338320	128.00
0.338340	126.00
0.338360	123.00
0.338380	121.00
0.338400	118.00
0.338420	117.00
0.338440	115.00
0.338460	115.00
0.338480	114.00
0.338500	114.00
0.338520	116.00
0.338540	118.00
0.338560	122.00
0.338580	127.00
0.338600	131.00
0.338620	135.00
0.338640	139.00
0.338660	142.00
0.338680	143.00
0.338700	143.00
0.338720	141.00
0.338740	137.00
0.338760	132.00
0.338780	125.00
0.338800	118.00
0.338820	111.00
0.338840	105.00
0.338860	100.00
0.338880	97.00
0.338900	97.00
0.338920	99.00
0.338940	104.00
0.338960	111.00
0.338980	120.00
0.339000	130.00
0.339020	139.00
0.339040	148.00
0.339060	155.00
0.339080	159.00
0.339100	161.00
0.339120	159.00
0.339140	154.00
0.339160	147.00
0.339180	137.00
0.339200	127.00
0.339220	117.00
0.339240	107.00
0.339260	99.00
0.339280	93.00
0.339300	90.00
0.339320	89.00
0.339340	92.00
0.339360	97.00
0.339380	104.00
0.339400	113.00
0.339420	123.00
0.339440	133.00
0.339460	141.00
0.339480	148.00
0.339500	153.00
0.339520	155.00
0.339540	155.00
0.339560	153.00
0.339580	148.00
0.339600	142.00
0.339620	135.00
0.339640	127.00
0.339660	119.00
0.339680	113.00
0.339700	107.00
0.339720	103.00
0.339740	101.00
0.339760	102.00
0.339780	103.00
0.339800	107.00
0.339820	111.00
0.339840	117.00
0.339860	122.00
0.339880	127.00
0.339900	132.00
0.339920	136.00
0.339940	139.00
0.339960	141.00
0.339980	141.00
0.340000	140.00
0.340020	138.00
0.340040	135.00
0.340060	132.00
0.340080	128.00
0.340100	124.00
0.340120	121.00
0.340140	118.00
0.340160	116.00
0.340180	115.00
0.340200	115.00
0.340220	115.00
0.340240	116.00
0.340260	118.00
0.340280	120.00
0.340300	123.00
0.340320	125.00
0.340340	127.00
0.340360	129.00
0.340380	131.00
0.340400	131.00
0.340420	131.00
0.340440	131.00
0.340460	130.00
0.340480	130.00
0.340500	128.00
0.340520	127.00
0.340540	125.00
0.340560	124.00
0.340580	123.00
0.340600	122.00
0.340620	122.00
0.340640	121.00
0.340660	122.00
0.340680	122.00
0.340700	122.00
0.340720	123.00
0.340740	124.00
0.340760	125.00
0.340780	126.00
0.340800	126.00
0.340820	126.00
0.340840	126.00
0.340860	126.00
0.340880	126.00
0.340900	126.00
0.340920	126.00
0.340940	126.00
0.340960	125.00
0.340980	125.00
0.341000	125.00
0.341020	124.00
0.341040	124.00
0.341060	124.00
0.341080	124.00
0.341100	124.00
0.341120	124.00
0.341140	124.00
0.341160	125.00
0.341180	125.00
0.341200	125.00
0.341220	125.00
0.341240	125.00
0.341260	125.00
0.341280	126.00
0.341300	126.00
0.341320	126.00
0.341340	126.00
0.341360	125.00
0.341380	125.00
0.341400	125.00
0.341420	124.00
0.341440	124.00
0.341460	124.00
0.341480	124.00
0.341500	124.00
0.341520	124.00
0.341540	124.00
0.341560	124.00
0.341580	124.00
0.341600	124.00
0.341620	125.00
0.341640	125.00
0.341660	125.00
0.341680	125.00
0.341700	125.00
0.341720	125.00
0.341740	125.00
0.341760	125.00
0.341780	125.00
0.341800	125.00
0.341820	125.00
0.341840	125.00
0.341860	125.00
0.341880	126.00
0.341900	125.00
0.341920	125.00
0.341940	124.00
0.341960	124.00
0.341980	124.00
0.342000	124.00
0.342020	124.00
0.342040	124.00
0.342060	124.00
0.342080	124.00
0.342100	124.00
0.342120	124.00
0.342140	125.00
0.342160	126.00
0.342180	126.00
0.342200	126.00
0.342220	126.00
0.342240	126.00
0.342260	126.00
0.342280	126.00
0.342300	126.00
0.342320	126.00
0.342340	125.00
0.342360	125.00
0.342380	124.00
0.342400	124.00
0.342420	124.00
0.342440	124.00
0.342460	124.00
0.342480	124.00
0.342500	124.00
0.342520	125.00
0.342540	125.00
0.342560	125.00
0.342580	125.00
0.342600	125.00
0.342620	125.00
0.342640	125.00
0.342660	125.00
0.342680	126.00
0.342700	126.00
0.342720	125.00
0.342740	125.00
0.342760	125.00
0.342780	125.00
0.342800	125.00
0.342820	125.00
0.342840	125.00
0.342860	124.00
0.342880	124.00
0.342900	124.00
0.342920	124.00
0.342940	124.00
0.342960	124.00
0.342980	125.00
0.343000	126.00
0.343020	126.00
0.343040	126.00
0.343060	126.00
0.343080	126.00
0.343100	125.00
0.343120	125.00
0.343140	125.00
0.343160	125.00
0.343180	125.00
0.343200	124.00
0.343220	124.00
0.343240	124.00
0.343260	124.00
0.343280	125.00
0.343300	125.00
0.343320	125.00
0.343340	125.00
0.343360	126.00
0.343380	126.00
0.343400	126.00
0.343420	126.00
0.343440	126.00
0.343460	126.00
0.343480	125.00
0.343500	125.00
0.343520	125.00
0.343540	125.00
0.343560	125.00
0.343580	124.00
0.343600	124.00
0.343620	124.00
0.343640	124.00
0.343660	124.00
0.343680	124.00
0.343700	124.00
0.343720	124.00
0.343740	125.00
0.343760	126.00
0.343780	126.00
0.343800	126.00
0.343820	126.00
0.343840	125.00
0.343860	125.00
0.343880	125.00
0.343900	125.00
0.343920	125.00
0.343940	125.00
0.343960	125.00
0.343980	125.00
0.344000	125.00
0.344020	125.00
0.344040	125.00
0.344060	125.00
0.344080	125.00
0.344100	125.00
0.344120	125.00
0.344140	125.00
0.344160	125.00
0.344180	125.00
0.344200	124.00
0.344220	124.00
0.344240	124.00
0.344260	123.00
0.344280	123.00
0.344300	124.00
0.344320	125.00
0.344340	126.00
0.344360	127.00
0.344380	127.00
0.344400	128.00
0.344420	128.00
0.344440	129.00
0.344460	129.00
0.344480	129.00
0.344500	128.00
0.344520	127.00
0.344540	126.00
0.344560	124.00
0.344580	123.00
0.344600	121.00
0.344620	120.00
0.344640	119.00
0.344660	118.00
0.344680	118.00
0.344700	118.00
0.344720	119.00
0.344740	120.00
0.344760	123.00
0.344780	126.00
0.344800	128.00
0.344820	131.00
0.344840	133.00
0.344860	136.00
0.344880	137.00
0.344900	137.00
0.344920	136.00
0.344940	134.00
0.344960	131.00
0.344980	127.00
0.345000	122.00
0.345020	116.00
0.345040	112.00
0.345060	108.00
0.345080	106.00
0.345100	106.00
0.345120	107.00
0.345140	110.00
0.345160	115.00
0.345180	120.00
0.345200	126.00
0.345220	133.00
0.345240	139.00
0.345260	145.00
0.345280	149.00
0.345300	150.00
0.345320	149.00
0.345340	147.00
0.345360	142.00
0.345380	135.00
0.345400	128.00
0.345420	120.00
0.345440	113.00
0.345460	106.00
0.345480	101.00
0.345500	98.00
0.345520	97.00
0.345540	99.00
0.345560	103.00
0.345580	109.00
0.345600	116.00
0.345620	124.00
0.345640	132.00
0.345660	139.00
0.345680	144.00
0.345700	148.00
0.345720	150.00
0.345740	150.00
0.345760	147.00
0.345780	142.00
0.345800	136.00
0.345820	129.00
0.345840	122.00
0.345860	116.00
0.345880	110.00
0.345900	106.00
0.345920	104.00
0.345940	104.00
0.345960	105.00
0.345980	108.00
0.346000	112.00
0.346020	117.00
0.346040	123.00
0.346060	128.00
0.346080	133.00
0.346100	137.00
0.346120	140.00
0.346140	141.00
0.346160	141.00
0.346180	139.00
0.346200	136.00
0.346220	133.00
0.346240	129.00
0.346260	124.00
0.346280	120.00
0.346300	117.00
0.346320	115.00
0.346340	114.00
0.346360	113.00
0.346380	114.00
0.346400	116.00
0.346420	118.00
0.346440	121.00
0.346460	123.00
0.346480	126.00
0.346500	128.00
0.346520	130.00
0.346540	132.00
0.346560	133.00
0.346580	133.00
0.346600	133.00
0.346620	132.00
0.346640	130.00
0.346660	128.00
0.346680	126.00
0.346700	123.00
0.346720	121.00
0.346740	120.00
0.346760	119.00
0.346780	119.00
0.346800	119.00
0.346820	120.00
0.346840	121.00
0.346860	123.00
0.346880	124.00
0.346900	125.00
0.346920	126.00
0.346940	127.00
0.346960	127.00
0.346980	128.00
0.347000	128.00
0.347020	128.00
0.347040	128.00
0.347060	127.00
0.347080	127.00
0.347100	126.00
0.347120	125.00
0.347140	124.00
0.347160	124.00
0.347180	123.00
0.347200	123.00
0.347220	123.00
0.347240	123.00
0.347260	123.00
0.347280	124.00
0.347300	124.00
0.347320	125.00
0.347340	125.00
0.347360	125.00
0.347380	126.00
0.347400	127.00
0.347420	127.00
0.347440	127.00
0.347460	127.00
0.347480	126.00
0.347500	126.00
0.347520	126.00
0.347540	126.00
0.347560	126.00
0.347580	125.00
0.347600	124.00
0.347620	124.00
0.347640	124.00
0.347660	124.00
0.347680	124.00
0.347700	124.00
0.347720	124.00
0.347740	125.00
0.347760	125.00
0.347780	125.00
0.347800	125.00
0.347820	125.00
0.347840	125.00
0.347860	125.00
0.347880	125.00
0.347900	125.00
0.347920	125.00
0.347940	125.00
0.347960	125.00
0.347980	125.00
0.348000	125.00
0.348020	125.00
0.348040	124.00
0.348060	125.00
0.348080	125.00
0.348100	125.00
0.348120	125.00
0.348140	125.00
0.348160	125.00
0.348180	125.00
0.348200	125.00
0.348220	124.00
0.348240	124.00
0.348260	124.00
0.348280	124.00
0.348300	124.00
0.348320	125.00
0.348340	125.00
0.348360	125.00
0.348380	125.00
0.348400	125.00
0.348420	125.00
0.348440	125.00
0.348460	125.00
0.348480	125.00
0.348500	125.00
0.348520	125.00
0.348540	125.00
0.348560	124.00
0.348580	124.00
0.348600	124.00
0.348620	125.00
0.348640	125.00
0.348660	125.00
0.348680	125.00
0.348700	124.00
0.348720	124.00
0.348740	125.00
0.348760	125.00
0.348780	125.00
0.348800	125.00
0.348820	125.00
0.348840	125.00
0.348860	125.00
0.348880	125.00
0.348900	125.00
0.348920	125.00
0.348940	125.00
0.348960	125.00
0.348980	125.00
0.349000	125.00
0.349020	125.00
0.349040	126.00
0.349060	126.00
0.349080	125.00
0.349100	125.00
0.349120	124.00
0.349140	124.00
0.349160	124.00
0.349180	124.00
0.349200	124.00
0.349220	124.00
0.349240	124.00
0.349260	124.00
0.349280	124.00
0.349300	124.00
0.349320	125.00
0.349340	125.00
0.349360	125.00
0.349380	125.00
0.349400	125.00
0.349420	125.00
0.349440	126.00
0.349460	126.00
0.349480	125.00
0.349500	125.00
0.349520	125.00
0.349540	125.00
0.349560	125.00
0.349580	125.00
0.349600	125.00
0.349620	125.00
0.349640	125.00
0.349660	125.00
0.349680	125.00
0.349700	125.00
0.349720	124.00
0.349740	124.00
0.349760	124.00
0.349780	125.00
0.349800	125.00
0.349820	125.00
0.349840	125.00
0.349860	125.00
0.349880	125.00
0.349900	124.00
0.349920	124.00
0.349940	124.00
0.349960	125.00
0.349980	125.00
0.350000	124.00
0.350020	124.00
0.350040	124.00
0.350060	125.00
0.350080	125.00
0.350100	125.00
0.350120	125.00
0.350140	125.00
0.350160	125.00
0.350180	125.00
0.350200	125.00
0.350220	125.00
0.350240	125.00
0.350260	125.00
0.350280	125.00
0.350300	125.00
0.350320	125.00
0.350340	124.00
0.350360	124.00
0.350380	124.00
0.350400	124.00
0.350420	124.00
0.350440	123.00
0.350460	123.00
0.350480	124.00
0.350500	125.00
0.350520	125.00
0.350540	125.00
0.350560	126.00
0.350580	126.00
0.350600	126.00
0.350620	127.00
0.350640	128.00
0.350660	128.00
0.350680	128.00
0.350700	127.00
0.350720	127.00
0.350740	126.00
0.350760	125.00
0.350780	124.00
0.350800	123.00
0.350820	122.00
0.350840	121.00
0.350860	120.00
0.350880	120.00
0.350900	120.00
0.350920	121.00
0.350940	122.00
0.350960	123.00
0.350980	125.00
0.351000	127.00
0.351020	128.00
0.351040	130.00
0.351060	131.00
0.351080	133.00
0.351100	133.00
0.351120	133.00
0.351140	132.00
0.351160	130.00
0.351180	127.00
0.351200	124.00
0.351220	120.00
0.351240	117.00
0.351260	115.00
0.351280	113.00
0.351300	112.00
0.351320	113.00
0.351340	115.00
0.351360	118.00
0.351380	122.00
0.351400	126.00
0.351420	130.00
0.351440	134.00
0.351460	137.00
0.351480	139.00
0.351500	140.00
0.351520	140.00
0.351540	138.00
0.351560	135.00
0.351580	131.00
0.351600	127.00
0.351620	122.00
0.351640	117.00
0.351660	113.00
0.351680	110.00
0.351700	109.00
0.351720	109.00
0.351740	110.00
0.351760	113.00
0.351780	117.00
0.351800	121.00
0.351820	126.00
0.351840	131.00
0.351860	134.00
0.351880	136.00
0.351900	138.00
0.351920	138.00
0.351940	137.00
0.351960	135.00
0.351980	132.00
0.352000	129.00
0.352020	125.00
0.352040	122.00
0.352060	119.00
0.352080	117.00
0.352100	116.00
0.352120	115.00
0.352140	116.00
0.352160	117.00
0.352180	119.00
0.352200	121.00
0.352220	124.00
0.352240	126.00
0.352260	129.00
0.352280	130.00
0.352300	131.00
0.352320	131.00
0.352340	131.00
0.352360	130.00
0.352380	129.00
0.352400	128.00
0.352420	126.00
0.352440	125.00
0.352460	124.00
0.352480	123.00
0.352500	121.00
0.352520	121.00
0.352540	121.00
0.352560	122.00
0.352580	122.00
0.352600	123.00
0.352620	124.00
0.352640	125.00
0.352660	126.00
0.352680	126.00
0.352700	127.00
0.352720	127.00
0.352740	127.00
0.352760	127.00
0.352780	127.00
0.352800	126.00
0.352820	126.00
0.352840	125.00
0.352860	125.00
0.352880	124.00
0.352900	124.00
0.352920	124.00
0.352940	123.00
0.352960	123.00
0.352980	123.00
0.353000	124.00
0.353020	124.00
0.353040	125.00
0.353060	125.00
0.353080	125.00
0.353100	125.00
0.353120	125.00
0.353140	125.00
0.353160	126.00
0.353180	126.00
0.353200	126.00
0.353220	125.00
0.353240	125.00
0.353260	125.00
0.353280	125.00
0.353300	125.00
0.353320	125.00
0.353340	124.00
0.353360	124.00
0.353380	124.00
0.353400	124.00
0.353420	124.00
0.353440	125.00
0.353460	125.00
0.353480	125.00
0.353500	125.00
0.353520	125.00
0.353540	125.00
0.353560	125.00
0.353580	125.00
0.353600	125.00
0.353620	125.00
0.353640	125.00
0.353660	125.00
0.353680	125.00
0.353700	125.00
0.353720	124.00
0.353740	124.00
0.353760	124.00
0.353780	124.00
0.353800	124.00
0.353820	124.00
0.353840	124.00
0.353860	124.00
0.353880	125.00
0.353900	125.00
0.353920	125.00
0.353940	126.00
0.353960	126.00
0.353980	125.00
0.354000	125.00
0.354020	125.00
0.354040	125.00
0.354060	125.00
0.354080	125.00
0.354100	125.00
0.354120	124.00
0.354140	124.00
0.354160	124.00
0.354180	125.00
0.354200	125.00
0.354220	125.00
0.354240	125.00
0.354260	125.00
0.354280	125.00
0.354300	125.00
0.354320	125.00
0.354340	125.00
0.354360	124.00
0.354380	124.00
0.354400	124.00
0.354420	124.00
0.354440	124.00
0.354460	124.00
0.354480	124.00
0.354500	124.00
0.354520	124.00
0.354540	124.00
0.354560	124.00
0.354580	124.00
0.354600	125.00
0.354620	125.00
0.354640	125.00
0.354660	125.00
0.354680	125.00
0.354700	125.00
0.354720	126.00
0.354740	126.00
0.354760	127.00
0.354780	126.00
0.354800	126.00
0.354820	125.00
0.354840	125.00
0.354860	125.00
0.354880	125.00
0.354900	124.00
0.354920	124.00
0.354940	123.00
0.354960	123.00
0.354980	123.00
0.355000	124.00
0.355020	124.00
0.355040	125.00
0.355060	126.00
0.355080	126.00
0.355100	126.00
0.355120	126.00
0.355140	126.00
0.355160	126.00
0.355180	126.00
0.355200	126.00
0.355220	126.00
0.355240	126.00
0.355260	126.00
0.355280	125.00
0.355300	124.00
0.355320	124.00
0.355340	124.00
0.355360	123.00
0.355380	123.00
0.355400	123.00
0.355420	123.00
0.355440	124.00
0.355460	124.00
0.355480	124.00
0.355500	125.00
0.355520	125.00
0.355540	125.00
0.355560	126.00
0.355580	127.00
0.355600	127.00
0.355620	127.00
0.355640	127.00
0.355660	127.00
0.355680	126.00
0.355700	126.00
0.355720	126.00
0.355740	125.00
0.355760	124.00
0.355780	124.00
0.355800	124.00
0.355820	124.00
0.355840	124.00
0.355860	123.00
0.355880	123.00
0.355900	123.00
0.355920	123.00
0.355940	124.00
0.355960	125.00
0.355980	125.00
0.356000	126.00
0.356020	126.00
0.356040	126.00
0.356060	126.00
0.356080	126.00
0.356100	126.00
0.356120	126.00
0.356140	126.00
0.356160	126.00
0.356180	125.00
0.356200	125.00
0.356220	125.00
0.356240	124.00
0.356260	124.00
0.356280	124.00
0.356300	124.00
0.356320	123.00
0.356340	123.00
0.356360	123.00
0.356380	124.00
0.356400	125.00
0.356420	125.00
0.356440	125.00
0.356460	125.00
0.356480	126.00
0.356500	126.00
0.356520	126.00
0.356540	126.00
0.356560	126.00
0.356580	125.00
0.356600	124.00
0.356620	124.00
0.356640	124.00
0.356660	124.00
0.356680	124.00
0.356700	124.00
0.356720	124.00
0.356740	124.00
0.356760	124.00
0.356780	125.00
0.356800	125.00
0.356820	126.00
0.356840	126.00
0.356860	127.00
0.356880	127.00
0.356900	127.00
0.356920	127.00
0.356940	126.00
0.356960	125.00
0.356980	124.00
0.357000	124.00
0.357020	123.00
0.357040	122.00
0.357060	121.00
0.357080	121.00
0.357100	121.00
0.357120	122.00
0.357140	123.00
0.357160	124.00
0.357180	124.00
0.357200	125.00
0.357220	126.00
0.357240	127.00
0.357260	129.00
0.357280	130.00
0.357300	130.00
0.357320	130.00
0.357340	130.00
0.357360	128.00
0.357380	127.00
0.357400	125.00
0.357420	123.00
0.357440	121.00
0.357460	119.00
0.357480	118.00
0.357500	117.00
0.357520	117.00
0.357540	118.00
0.357560	120.00
0.357580	122.00
0.357600	125.00
0.357620	127.00
0.357640	129.00
0.357660	131.00
0.357680	133.00
0.357700	134.00
0.357720	134.00
0.357740	133.00
0.357760	132.00
0.357780	129.00
0.357800	127.00
0.357820	124.00
0.357840	122.00
0.357860	119.00
0.357880	118.00
0.357900	117.00
0.357920	116.00
0.357940	117.00
0.357960	118.00
0.357980	119.00
0.358000	121.00
0.358020	123.00
0.358040	125.00
0.358060	127.00
0.358080	129.00
0.358100	130.00
0.358120	131.00
0.358140	131.00
0.358160	131.00
0.358180	130.00
0.358200	128.00
0.358220	127.00
0.358240	126.00
0.358260	124.00
0.358280	123.00
0.358300	122.00
0.358320	122.00
0.358340	121.00
0.358360	121.00
0.358380	121.00
0.358400	121.00
0.358420	122.00
0.358440	122.00
0.358460	123.00
0.358480	124.00
0.358500	125.00
0.358520	125.00
0.358540	126.00
0.358560	127.00
0.358580	127.00
0.358600	127.00
0.358620	127.00
0.358640	127.00
0.358660	127.00
0.358680	126.00
0.358700	126.00
0.358720	125.00
0.358740	125.00
0.358760	124.00
0.358780	124.00
0.358800	124.00
0.358820	124.00
0.358840	123.00
0.358860	123.00
0.358880	122.00
0.358900	122.00
0.358920	123.00
0.358940	123.00
0.358960	123.00
0.358980	124.00
0.359000	124.00
0.359020	125.00
0.359040	126.00
0.359060	126.00
0.359080	126.00
0.359100	126.00
0.359120	126.00
0.359140	127.00
0.359160	127.00
0.359180	126.00
0.359200	126.00
0.359220	125.00
0.359240	125.00
0.359260	125.00
0.359280	124.00
0.359300	123.00
0.359320	123.00
0.359340	123.00
0.359360	123.00
0.359380	123.00
0.359400	123.00
0.359420	123.00
0.359440	124.00
0.359460	125.00
0.359480	125.00
0.359500	125.00
0.359520	125.00
0.359540	125.00
0.359560	125.00
0.359580	126.00
0.359600	126.00
0.359620	126.00
0.359640	126.00
0.359660	125.00
0.359680	125.00
0.359700	125.00
0.359720	124.00
0.359740	124.00
0.359760	124.00
0.359780	124.00
0.359800	124.00
0.359820	124.00
0.359840	124.00
0.359860	124.00
0.359880	125.00
0.359900	125.00
0.359920	125.00
0.359940	124.00
0.359960	125.00
0.359980	126.00
