0.310000	101.00
0.310020	49.00
0.310040	101.00
0.310060	139.00
0.310080	142.00
0.310100	123.00
0.310120	112.00
0.310140	118.00
0.310160	131.00
0.310180	134.00
0.310200	125.00
0.310220	118.00
0.310240	121.00
0.310260	128.00
0.310280	130.00
0.310300	125.00
0.310320	121.00
0.310340	124.00
0.310360	129.00
0.310380	130.00
0.310400	125.00
0.310420	121.00
0.310440	123.00
0.310460	126.00
0.310480	127.00
0.310500	123.00
0.310520	121.00
0.310540	123.00
0.310560	127.00
0.310580	128.00
0.310600	125.00
0.310620	122.00
0.310640	122.00
0.310660	125.00
0.310680	126.00
0.310700	124.00
0.310720	122.00
0.310740	124.00
0.310760	126.00
0.310780	127.00
0.310800	125.00
0.310820	123.00
0.310840	124.00
0.310860	126.00
0.310880	127.00
0.310900	124.00
0.310920	123.00
0.310940	124.00
0.310960	126.00
0.310980	128.00
0.311000	126.00
0.311020	125.00
0.311040	124.00
0.311060	125.00
0.311080	126.00
0.311100	124.00
0.311120	123.00
0.311140	124.00
0.311160	126.00
0.311180	126.00
0.311200	124.00
0.311220	123.00
0.311240	124.00
0.311260	126.00
0.311280	127.00
0.311300	126.00
0.311320	124.00
0.311340	124.00
0.311360	125.00
0.311380	126.00
0.311400	125.00
0.311420	124.00
0.311440	124.00
0.311460	125.00
0.311480	125.00
0.311500	125.00
0.311520	125.00
0.311540	126.00
0.311560	128.00
0.311580	127.00
0.311600	126.00
0.311620	124.00
0.311640	124.00
0.311660	126.00
0.311680	126.00
0.311700	125.00
0.311720	124.00
0.311740	124.00
0.311760	125.00
0.311780	125.00
0.311800	124.00
0.311820	123.00
0.311840	123.00
0.311860	124.00
0.311880	125.00
0.311900	125.00
0.311920	125.00
0.311940	126.00
0.311960	127.00
0.311980	127.00
0.312000	126.00
0.312020	125.00
0.312040	125.00
0.312060	126.00
0.312080	126.00
0.312100	126.00
0.312120	125.00
0.312140	125.00
0.312160	125.00
0.312180	124.00
0.312200	123.00
0.312220	123.00
0.312240	124.00
0.312260	125.00
0.312280	126.00
0.312300	125.00
0.312320	123.00
0.312340	124.00
0.312360	125.00
0.312380	125.00
0.312400	125.00
0.312420	124.00
0.312440	123.00
0.312460	124.00
0.312480	125.00
0.312500	125.00
0.312520	124.00
0.312540	124.00
0.312560	125.00
0.312580	125.00
0.312600	124.00
0.312620	123.00
0.312640	123.00
0.312660	124.00
0.312680	125.00
0.312700	125.00
0.312720	125.00
0.312740	125.00
0.312760	126.00
0.312780	126.00
0.312800	126.00
0.312820	126.00
0.312840	126.00
0.312860	126.00
0.312880	126.00
0.312900	125.00
0.312920	125.00
0.312940	125.00
0.312960	125.00
0.312980	125.00
0.313000	124.00
0.313020	124.00
0.313040	124.00
0.313060	125.00
0.313080	125.00
0.313100	124.00
0.313120	124.00
0.313140	125.00
0.313160	126.00
0.313180	127.00
0.313200	126.00
0.313220	125.00
0.313240	125.00
0.313260	124.00
0.313280	124.00
0.313300	124.00
0.313320	124.00
0.313340	124.00
0.313360	124.00
0.313380	124.00
0.313400	124.00
0.313420	125.00
0.313440	126.00
0.313460	127.00
0.313480	127.00
0.313500	126.00
0.313520	126.00
0.313540	126.00
0.313560	126.00
0.313580	126.00
0.313600	125.00
0.313620	125.00
0.313640	125.00
0.313660	125.00
0.313680	125.00
0.313700	125.00
0.313720	125.00
0.313740	126.00
0.313760	126.00
0.313780	125.00
0.313800	124.00
0.313820	124.00
0.313840	124.00
0.313860	124.00
0.313880	124.00
0.313900	123.00
0.313920	123.00
0.313940	124.00
0.313960	125.00
0.313980	125.00
0.314000	124.00
0.314020	123.00
0.314040	123.00
0.314060	125.00
0.314080	125.00
0.314100	125.00
0.314120	124.00
0.314140	124.00
0.314160	125.00
0.314180	126.00
0.314200	126.00
0.314220	125.00
0.314240	125.00
0.314260	125.00
0.314280	125.00
0.314300	124.00
0.314320	125.00
0.314340	125.00
0.314360	125.00
0.314380	125.00
0.314400	124.00
0.314420	124.00
0.314440	125.00
0.314460	126.00
0.314480	125.00
0.314500	124.00
0.314520	123.00
0.314540	124.00
0.314560	124.00
0.314580	125.00
0.314600	125.00
0.314620	126.00
0.314640	127.00
0.314660	128.00
0.314680	127.00
0.314700	126.00
0.314720	125.00
0.314740	125.00
0.314760	125.00
0.314780	125.00
0.314800	125.00
0.314820	124.00
0.314840	124.00
0.314860	125.00
0.314880	125.00
0.314900	125.00
0.314920	124.00
0.314940	124.00
0.314960	124.00
0.314980	125.00
0.315000	125.00
0.315020	125.00
0.315040	125.00
0.315060	125.00
0.315080	125.00
0.315100	124.00
0.315120	124.00
0.315140	124.00
0.315160	125.00
0.315180	126.00
0.315200	125.00
0.315220	125.00
0.315240	126.00
0.315260	126.00
0.315280	126.00
0.315300	125.00
0.315320	125.00
0.315340	124.00
0.315360	125.00
0.315380	125.00
0.315400	124.00
0.315420	124.00
0.315440	125.00
0.315460	126.00
0.315480	127.00
0.315500	126.00
0.315520	125.00
0.315540	124.00
0.315560	125.00
0.315580	125.00
0.315600	125.00
0.315620	124.00
0.315640	124.00
0.315660	124.00
0.315680	124.00
0.315700	123.00
0.315720	123.00
0.315740	123.00
0.315760	124.00
0.315780	124.00
0.315800	124.00
0.315820	123.00
0.315840	123.00
0.315860	123.00
0.315880	125.00
0.315900	125.00
0.315920	125.00
0.315940	124.00
0.315960	124.00
0.315980	125.00
0.316000	125.00
0.316020	125.00
0.316040	125.00
0.316060	125.00
0.316080	124.00
0.316100	124.00
0.316120	124.00
0.316140	124.00
0.316160	124.00
0.316180	124.00
0.316200	124.00
0.316220	124.00
0.316240	124.00
0.316260	125.00
0.316280	126.00
0.316300	126.00
0.316320	125.00
0.316340	126.00
0.316360	126.00
0.316380	126.00
0.316400	125.00
0.316420	125.00
0.316440	125.00
0.316460	125.00
0.316480	125.00
0.316500	125.00
0.316520	125.00
0.316540	125.00
0.316560	125.00
0.316580	125.00
0.316600	124.00
0.316620	124.00
0.316640	124.00
0.316660	124.00
0.316680	125.00
0.316700	125.00
0.316720	125.00
0.316740	125.00
0.316760	125.00
0.316780	125.00
0.316800	124.00
0.316820	123.00
0.316840	122.00
0.316860	123.00
0.316880	123.00
0.316900	124.00
0.316920	124.00
0.316940	125.00
0.316960	125.00
0.316980	125.00
0.317000	125.00
0.317020	125.00
0.317040	125.00
0.317060	125.00
0.317080	125.00
0.317100	125.00
0.317120	126.00
0.317140	126.00
0.317160	126.00
0.317180	125.00
0.317200	125.00
0.317220	125.00
0.317240	126.00
0.317260	126.00
0.317280	125.00
0.317300	124.00
0.317320	123.00
0.317340	124.00
0.317360	124.00
0.317380	125.00
0.317400	125.00
0.317420	125.00
0.317440	125.00
0.317460	125.00
0.317480	124.00
0.317500	124.00
0.317520	124.00
0.317540	124.00
0.317560	124.00
0.317580	124.00
0.317600	124.00
0.317620	125.00
0.317640	125.00
0.317660	126.00
0.317680	125.00
0.317700	125.00
0.317720	125.00
0.317740	126.00
0.317760	126.00
0.317780	126.00
0.317800	125.00
0.317820	124.00
0.317840	124.00
0.317860	125.00
0.317880	125.00
0.317900	124.00
0.317920	124.00
0.317940	125.00
0.317960	125.00
0.317980	124.00
0.318000	124.00
0.318020	124.00
0.318040	125.00
0.318060	125.00
0.318080	125.00
0.318100	124.00
0.318120	124.00
0.318140	125.00
0.318160	126.00
0.318180	126.00
0.318200	125.00
0.318220	124.00
0.318240	124.00
0.318260	124.00
0.318280	124.00
0.318300	124.00
0.318320	124.00
0.318340	124.00
0.318360	125.00
0.318380	125.00
0.318400	125.00
0.318420	125.00
0.318440	125.00
0.318460	123.00
0.318480	121.00
0.318500	119.00
0.318520	118.00
0.318540	119.00
0.318560	122.00
0.318580	126.00
0.318600	130.00
0.318620	135.00
0.318640	140.00
0.318660	144.00
0.318680	147.00
0.318700	148.00
0.318720	147.00
0.318740	145.00
0.318760	140.00
0.318780	131.00
0.318800	118.00
0.318820	105.00
0.318840	93.00
0.318860	85.00
0.318880	80.00
0.318900	77.00
0.318920	79.00
0.318940	84.00
0.318960	93.00
0.318980	104.00
0.319000	118.00
0.319020	133.00
0.319040	149.00
0.319060	166.00
0.319080	181.00
0.319100	192.00
0.319120	199.00
0.319140	200.00
0.319160	195.00
0.319180	183.00
0.319200	163.00
0.319220	138.00
0.319240	108.00
0.319260	75.00
0.319280	43.00
0.319300	18.00
0.319320	3.00
0.319340	0.00
0.319360	2.00
0.319380	17.00
0.319400	45.00
0.319420	87.00
0.319440	139.00
0.319460	190.00
0.319480	228.00
0.319500	250.00
0.319520	255.00
0.319540	255.00
0.319560	255.00
0.319580	245.00
0.319600	223.00
0.319620	181.00
0.319640	124.00
0.319660	63.00
0.319680	17.00
0.319700	0.00
0.319720	0.00
0.319740	5.00
0.319760	7.00
0.319780	0.00
0.319800	0.00
0.319820	8.00
0.319840	55.00
0.319860	122.00
0.319880	189.00
0.319900	235.00
0.319920	255.00
0.319940	255.00
0.319960	255.00
0.319980	255.00
0.320000	253.00
0.320020	241.00
0.320040	212.00
0.320060	164.00
0.320080	105.00
0.320100	49.00
0.320120	11.00
0.320140	0.00
0.320160	0.00
0.320180	3.00
0.320200	2.00
0.320220	0.00
0.320240	6.00
0.320260	35.00
0.320280	82.00
0.320300	134.00
0.320320	179.00
0.320340	211.00
0.320360	231.00
0.320380	242.00
0.320400	245.00
0.320420	239.00
0.320440	224.00
0.320460	203.00
0.320480	177.00
0.320500	146.00
0.320520	114.00
0.320540	84.00
0.320560	59.00
0.320580	42.00
0.320600	33.00
0.320620	31.00
0.320640	36.00
0.320660	49.00
0.320680	68.00
0.320700	89.00
0.320720	112.00
0.320740	133.00
0.320760	152.00
0.320780	168.00
0.320800	179.00
0.320820	183.00
0.320840	182.00
0.320860	177.00
0.320880	169.00
0.320900	158.00
0.320920	145.00
0.320940	130.00
0.320960	117.00
0.320980	105.00
0.321000	97.00
0.321020	91.00
0.321040	88.00
0.321060	88.00
0.321080	92.00
0.321100	98.00
0.321120	106.00
0.321140	114.00
0.321160	123.00
0.321180	131.00
0.321200	139.00
0.321220	144.00
0.321240	148.00
0.321260	149.00
0.321280	149.00
0.321300	146.00
0.321320	142.00
0.321340	136.00
0.321360	130.00
0.321380	126.00
0.321400	121.00
0.321420	117.00
0.321440	114.00
0.321460	111.00
0.321480	110.00
0.321500	111.00
0.321520	112.00
0.321540	114.00
0.321560	117.00
0.321580	121.00
0.321600	125.00
0.321620	128.00
0.321640	130.00
0.321660	131.00
0.321680	132.00
0.321700	133.00
0.321720	133.00
0.321740	132.00
0.321760	131.00
0.321780	129.00
0.321800	127.00
0.321820	124.00
0.321840	123.00
0.321860	121.00
0.321880	120.00
0.321900	120.00
0.321920	119.00
0.321940	119.00
0.321960	120.00
0.321980	121.00
0.322000	122.00
0.322020	123.00
0.322040	125.00
0.322060	126.00
0.322080	127.00
0.322100	127.00
0.322120	127.00
0.322140	128.00
0.322160	128.00
0.322180	128.00
0.322200	127.00
0.322220	126.00
0.322240	125.00
0.322260	125.00
0.322280	125.00
0.322300	125.00
0.322320	125.00
0.322340	124.00
0.322360	123.00
0.322380	123.00
0.322400	123.00
0.322420	123.00
0.322440	124.00
0.322460	124.00
0.322480	124.00
0.322500	124.00
0.322520	124.00
0.322540	124.00
0.322560	125.00
0.322580	126.00
0.322600	127.00
0.322620	127.00
0.322640	127.00
0.322660	127.00
0.322680	127.00
0.322700	126.00
0.322720	125.00
0.322740	125.00
0.322760	126.00
0.322780	126.00
0.322800	125.00
0.322820	124.00
0.322840	123.00
0.322860	124.00
0.322880	124.00
0.322900	124.00
0.322920	124.00
0.322940	123.00
0.322960	123.00
0.322980	124.00
0.323000	124.00
0.323020	124.00
0.323040	124.00
0.323060	125.00
0.323080	126.00
0.323100	127.00
0.323120	126.00
0.323140	126.00
0.323160	126.00
0.323180	126.00
0.323200	127.00
0.323220	127.00
0.323240	127.00
0.323260	127.00
0.323280	126.00
0.323300	126.00
0.323320	125.00
0.323340	124.00
0.323360	123.00
0.323380	123.00
0.323400	123.00
0.323420	124.00
0.323440	124.00
0.323460	124.00
0.323480	124.00
0.323500	125.00
0.323520	125.00
0.323540	125.00
0.323560	126.00
0.323580	126.00
0.323600	126.00
0.323620	125.00
0.323640	125.00
0.323660	125.00
0.323680	125.00
0.323700	126.00
0.323720	126.00
0.323740	125.00
0.323760	124.00
0.323780	124.00
0.323800	124.00
0.323820	124.00
0.323840	123.00
0.323860	122.00
0.323880	122.00
0.323900	123.00
0.323920	124.00
0.323940	125.00
0.323960	125.00
0.323980	125.00
0.324000	125.00
0.324020	125.00
0.324040	125.00
0.324060	125.00
0.324080	125.00
0.324100	124.00
0.324120	124.00
0.324140	124.00
0.324160	124.00
0.324180	124.00
0.324200	124.00
0.324220	124.00
0.324240	125.00
0.324260	126.00
0.324280	126.00
0.324300	127.00
0.324320	126.00
0.324340	126.00
0.324360	126.00
0.324380	126.00
0.324400	126.00
0.324420	126.00
0.324440	126.00
0.324460	125.00
0.324480	125.00
0.324500	125.00
0.324520	125.00
0.324540	126.00
0.324560	126.00
0.324580	126.00
0.324600	126.00
0.324620	124.00
0.324640	124.00
0.324660	124.00
0.324680	125.00
0.324700	126.00
0.324720	126.00
0.324740	125.00
0.324760	124.00
0.324780	124.00
0.324800	125.00
0.324820	124.00
0.324840	124.00
0.324860	124.00
0.324880	124.00
0.324900	125.00
0.324920	125.00
0.324940	125.00
0.324960	124.00
0.324980	124.00
0.325000	124.00
0.325020	124.00
0.325040	124.00
0.325060	124.00
0.325080	125.00
0.325100	126.00
0.325120	126.00
0.325140	126.00
0.325160	126.00
0.325180	125.00
0.325200	125.00
0.325220	126.00
0.325240	126.00
0.325260	126.00
0.325280	126.00
0.325300	126.00
0.325320	126.00
0.325340	125.00
0.325360	125.00
0.325380	124.00
0.325400	124.00
0.325420	124.00
0.325440	124.00
0.325460	124.00
0.325480	124.00
0.325500	124.00
0.325520	125.00
0.325540	126.00
0.325560	127.00
0.325580	127.00
0.325600	127.00
0.325620	127.00
0.325640	128.00
0.325660	128.00
0.325680	127.00
0.325700	126.00
0.325720	125.00
0.325740	124.00
0.325760	123.00
0.325780	122.00
0.325800	121.00
0.325820	120.00
0.325840	120.00
0.325860	120.00
0.325880	121.00
0.325900	122.00
0.325920	122.00
0.325940	123.00
0.325960	125.00
0.325980	126.00
0.326000	127.00
0.326020	128.00
0.326040	129.00
0.326060	130.00
0.326080	130.00
0.326100	129.00
0.326120	128.00
0.326140	127.00
0.326160	126.00
0.326180	125.00
0.326200	125.00
0.326220	123.00
0.326240	122.00
0.326260	121.00
0.326280	121.00
0.326300	122.00
0.326320	123.00
0.326340	123.00
0.326360	123.00
0.326380	123.00
0.326400	124.00
0.326420	124.00
0.326440	125.00
0.326460	126.00
0.326480	125.00
0.326500	125.00
0.326520	124.00
0.326540	123.00
0.326560	123.00
0.326580	124.00
0.326600	125.00
0.326620	125.00
0.326640	126.00
0.326660	126.00
0.326680	126.00
0.326700	127.00
0.326720	127.00
0.326740	126.00
0.326760	126.00
0.326780	127.00
0.326800	127.00
0.326820	127.00
0.326840	127.00
0.326860	126.00
0.326880	125.00
0.326900	124.00
0.326920	123.00
0.326940	123.00
0.326960	123.00
0.326980	123.00
0.327000	123.00
0.327020	123.00
0.327040	123.00
0.327060	123.00
0.327080	123.00
0.327100	124.00
0.327120	125.00
0.327140	125.00
0.327160	126.00
0.327180	126.00
0.327200	126.00
0.327220	126.00
0.327240	126.00
0.327260	126.00
0.327280	126.00
0.327300	126.00
0.327320	126.00
0.327340	125.00
0.327360	125.00
0.327380	126.00
0.327400	126.00
0.327420	126.00
0.327440	125.00
0.327460	124.00
0.327480	124.00
0.327500	125.00
0.327520	125.00
0.327540	125.00
0.327560	125.00
0.327580	124.00
0.327600	124.00
0.327620	124.00
0.327640	124.00
0.327660	124.00
0.327680	124.00
0.327700	125.00
0.327720	125.00
0.327740	125.00
0.327760	125.00
0.327780	125.00
0.327800	125.00
0.327820	125.00
0.327840	125.00
0.327860	125.00
0.327880	125.00
0.327900	126.00
0.327920	127.00
0.327940	128.00
0.327960	128.00
0.327980	127.00
0.328000	126.00
0.328020	125.00
0.328040	125.00
0.328060	124.00
0.328080	124.00
0.328100	124.00
0.328120	124.00
0.328140	125.00
0.328160	126.00
0.328180	126.00
0.328200	125.00
0.328220	124.00
0.328240	123.00
0.328260	123.00
0.328280	123.00
0.328300	124.00
0.328320	124.00
0.328340	125.00
0.328360	125.00
0.328380	125.00
0.328400	126.00
0.328420	126.00
0.328440	127.00
0.328460	127.00
0.328480	127.00
0.328500	126.00
0.328520	126.00
0.328540	125.00
0.328560	125.00
0.328580	124.00
0.328600	124.00
0.328620	123.00
0.328640	124.00
0.328660	124.00
0.328680	124.00
0.328700	125.00
0.328720	125.00
0.328740	126.00
0.328760	126.00
0.328780	126.00
0.328800	126.00
0.328820	126.00
0.328840	126.00
0.328860	126.00
0.328880	126.00
0.328900	125.00
0.328920	125.00
0.328940	125.00
0.328960	125.00
0.328980	126.00
0.329000	125.00
0.329020	125.00
0.329040	124.00
0.329060	124.00
0.329080	124.00
0.329100	124.00
0.329120	124.00
0.329140	124.00
0.329160	124.00
0.329180	125.00
0.329200	125.00
0.329220	126.00
0.329240	126.00
0.329260	126.00
0.329280	126.00
0.329300	125.00
0.329320	125.00
0.329340	125.00
0.329360	125.00
0.329380	125.00
0.329400	125.00
0.329420	124.00
0.329440	124.00
0.329460	123.00
0.329480	123.00
0.329500	123.00
0.329520	123.00
0.329540	123.00
0.329560	123.00
0.329580	122.00
0.329600	122.00
0.329620	122.00
0.329640	123.00
0.329660	124.00
0.329680	125.00
0.329700	125.00
0.329720	126.00
0.329740	126.00
0.329760	127.00
0.329780	127.00
0.329800	127.00
0.329820	126.00
0.329840	126.00
0.329860	126.00
0.329880	126.00
0.329900	126.00
0.329920	126.00
0.329940	125.00
0.329960	124.00
0.329980	124.00
0.330000	124.00
0.330020	125.00
0.330040	125.00
0.330060	124.00
0.330080	124.00
0.330100	123.00
0.330120	124.00
0.330140	124.00
0.330160	125.00
0.330180	126.00
0.330200	126.00
0.330220	127.00
0.330240	127.00
0.330260	127.00
0.330280	126.00
0.330300	126.00
0.330320	126.00
0.330340	126.00
0.330360	127.00
0.330380	126.00
0.330400	126.00
0.330420	125.00
0.330440	124.00
0.330460	124.00
0.330480	124.00
0.330500	124.00
0.330520	124.00
0.330540	124.00
0.330560	124.00
0.330580	123.00
0.330600	124.00
0.330620	124.00
0.330640	125.00
0.330660	126.00
0.330680	125.00
0.330700	125.00
0.330720	124.00
0.330740	124.00
0.330760	124.00
0.330780	125.00
0.330800	126.00
0.330820	126.00
0.330840	126.00
0.330860	126.00
0.330880	125.00
0.330900	125.00
0.330920	124.00
0.330940	124.00
0.330960	124.00
0.330980	124.00
0.331000	124.00
0.331020	124.00
0.331040	124.00
0.331060	124.00
0.331080	123.00
0.331100	123.00
0.331120	124.00
0.331140	124.00
0.331160	126.00
0.331180	126.00
0.331200	127.00
0.331220	126.00
0.331240	126.00
0.331260	126.00
0.331280	127.00
0.331300	127.00
0.331320	127.00
0.331340	126.00
0.331360	126.00
0.331380	125.00
0.331400	124.00
0.331420	124.00
0.331440	124.00
0.331460	124.00
0.331480	124.00
0.331500	124.00
0.331520	124.00
0.331540	124.00
0.331560	123.00
0.331580	123.00
0.331600	123.00
0.331620	124.00
0.331640	124.00
0.331660	125.00
0.331680	125.00
0.331700	125.00
0.331720	125.00
0.331740	125.00
0.331760	125.00
0.331780	125.00
0.331800	126.00
0.331820	126.00
0.331840	126.00
0.331860	126.00
0.331880	126.00
0.331900	126.00
0.331920	126.00
0.331940	127.00
0.331960	127.00
0.331980	126.00
0.332000	124.00
0.332020	123.00
0.332040	123.00
0.332060	124.00
0.332080	124.00
0.332100	124.00
0.332120	124.00
0.332140	124.00
0.332160	125.00
0.332180	125.00
0.332200	125.00
0.332220	125.00
0.332240	126.00
0.332260	127.00
0.332280	129.00
0.332300	129.00
0.332320	128.00
0.332340	127.00
0.332360	127.00
0.332380	126.00
0.332400	126.00
0.332420	125.00
0.332440	125.00
0.332460	124.00
0.332480	124.00
0.332500	124.00
0.332520	123.00
0.332540	123.00
0.332560	122.00
0.332580	122.00
0.332600	123.00
0.332620	123.00
0.332640	123.00
0.332660	124.00
0.332680	125.00
0.332700	125.00
0.332720	125.00
0.332740	125.00
0.332760	125.00
0.332780	126.00
0.332800	126.00
0.332820	127.00
0.332840	127.00
0.332860	127.00
0.332880	127.00
0.332900	127.00
0.332920	126.00
0.332940	126.00
0.332960	125.00
0.332980	125.00
0.333000	124.00
0.333020	123.00
0.333040	122.00
0.333060	122.00
0.333080	122.00
0.333100	123.00
0.333120	123.00
0.333140	123.00
0.333160	124.00
0.333180	126.00
0.333200	127.00
0.333220	128.00
0.333240	128.00
0.333260	127.00
0.333280	127.00
0.333300	127.00
0.333320	126.00
0.333340	126.00
0.333360	125.00
0.333380	124.00
0.333400	124.00
0.333420	123.00
0.333440	123.00
0.333460	122.00
0.333480	122.00
0.333500	122.00
0.333520	123.00
0.333540	124.00
0.333560	125.00
0.333580	125.00
0.333600	125.00
0.333620	125.00
0.333640	126.00
0.333660	126.00
0.333680	126.00
0.333700	126.00
0.333720	126.00
0.333740	126.00
0.333760	125.00
0.333780	124.00
0.333800	123.00
0.333820	123.00
0.333840	123.00
0.333860	124.00
0.333880	124.00
0.333900	124.00
0.333920	123.00
0.333940	124.00
0.333960	125.00
0.333980	127.00
0.334000	128.00
0.334020	128.00
0.334040	128.00
0.334060	127.00
0.334080	127.00
0.334100	126.00
0.334120	126.00
0.334140	126.00
0.334160	126.00
0.334180	125.00
0.334200	125.00
0.334220	125.00
0.334240	125.00
0.334260	125.00
0.334280	124.00
0.334300	124.00
0.334320	123.00
0.334340	124.00
0.334360	125.00
0.334380	126.00
0.334400	126.00
0.334420	125.00
0.334440	125.00
0.334460	125.00
0.334480	126.00
0.334500	127.00
0.334520	127.00
0.334540	126.00
0.334560	126.00
0.334580	126.00
0.334600	126.00
0.334620	126.00
0.334640	125.00
0.334660	125.00
0.334680	125.00
0.334700	125.00
0.334720	123.00
0.334740	122.00
0.334760	122.00
0.334780	123.00
0.334800	124.00
0.334820	124.00
0.334840	124.00
0.334860	124.00
0.334880	124.00
0.334900	124.00
0.334920	124.00
0.334940	124.00
0.334960	125.00
0.334980	125.00
0.335000	126.00
0.335020	126.00
0.335040	126.00
0.335060	126.00
0.335080	126.00
0.335100	126.00
0.335120	126.00
0.335140	126.00
0.335160	126.00
0.335180	125.00
0.335200	125.00
0.335220	125.00
0.335240	125.00
0.335260	124.00
0.335280	124.00
0.335300	124.00
0.335320	124.00
0.335340	124.00
0.335360	124.00
0.335380	124.00
0.335400	124.00
0.335420	124.00
0.335440	124.00
0.335460	124.00
0.335480	125.00
0.335500	125.00
0.335520	125.00
0.335540	125.00
0.335560	125.00
0.335580	126.00
0.335600	126.00
0.335620	126.00
0.335640	126.00
0.335660	125.00
0.335680	125.00
0.335700	125.00
0.335720	125.00
0.335740	125.00
0.335760	125.00
0.335780	125.00
0.335800	124.00
0.335820	124.00
0.335840	124.00
0.335860	124.00
0.335880	124.00
0.335900	123.00
0.335920	123.00
0.335940	123.00
0.335960	124.00
0.335980	126.00
0.336000	126.00
0.336020	126.00
0.336040	126.00
0.336060	125.00
0.336080	125.00
0.336100	126.00
0.336120	126.00
0.336140	125.00
0.336160	125.00
0.336180	125.00
0.336200	126.00
0.336220	126.00
0.336240	126.00
0.336260	125.00
0.336280	124.00
0.336300	124.00
0.336320	124.00
0.336340	124.00
0.336360	124.00
0.336380	124.00
0.336400	125.00
0.336420	125.00
0.336440	125.00
0.336460	125.00
0.336480	124.00
0.336500	124.00
0.336520	125.00
0.336540	125.00
0.336560	125.00
0.336580	125.00
0.336600	124.00
0.336620	124.00
0.336640	124.00
0.336660	124.00
0.336680	124.00
0.336700	125.00
0.336720	125.00
0.336740	125.00
0.336760	125.00
0.336780	125.00
0.336800	125.00
0.336820	125.00
0.336840	125.00
0.336860	125.00
0.336880	126.00
0.336900	127.00
0.336920	126.00
0.336940	126.00
0.336960	125.00
0.336980	124.00
0.337000	124.00
0.337020	124.00
0.337040	124.00
0.337060	125.00
0.337080	125.00
0.337100	125.00
0.337120	125.00
0.337140	126.00
0.337160	127.00
0.337180	127.00
0.337200	127.00
0.337220	126.00
0.337240	125.00
0.337260	124.00
0.337280	124.00
0.337300	124.00
0.337320	124.00
0.337340	124.00
0.337360	124.00
0.337380	125.00
0.337400	125.00
0.337420	126.00
0.337440	126.00
0.337460	125.00
0.337480	125.00
0.337500	124.00
0.337520	123.00
0.337540	123.00
0.337560	124.00
0.337580	125.00
0.337600	125.00
0.337620	125.00
0.337640	125.00
0.337660	125.00
0.337680	125.00
0.337700	125.00
0.337720	125.00
0.337740	125.00
0.337760	125.00
0.337780	125.00
0.337800	125.00
0.337820	125.00
0.337840	125.00
0.337860	125.00
0.337880	125.00
0.337900	125.00
0.337920	124.00
0.337940	124.00
0.337960	125.00
0.337980	126.00
0.338000	126.00
0.338020	126.00
0.338040	126.00
0.338060	125.00
0.338080	125.00
0.338100	127.00
0.338120	128.00
0.338140	128.00
0.338160	126.00
0.338180	124.00
0.338200	123.00
0.338220	123.00
0.338240	124.00
0.338260	124.00
0.338280	124.00
0.338300	124.00
0.338320	124.00
0.338340	124.00
0.338360	125.00
0.338380	125.00
0.338400	126.00
0.338420	126.00
0.338440	125.00
0.338460	125.00
0.338480	125.00
0.338500	125.00
0.338520	125.00
0.338540	125.00
0.338560	125.00
0.338580	125.00
0.338600	125.00
0.338620	125.00
0.338640	125.00
0.338660	124.00
0.338680	124.00
0.338700	124.00
0.338720	124.00
0.338740	124.00
0.338760	124.00
0.338780	123.00
0.338800	123.00
0.338820	124.00
0.338840	124.00
0.338860	124.00
0.338880	124.00
0.338900	124.00
0.338920	124.00
0.338940	125.00
0.338960	126.00
0.338980	127.00
0.339000	126.00
0.339020	126.00
0.339040	126.00
0.339060	126.00
0.339080	126.00
0.339100	126.00
0.339120	126.00
0.339140	125.00
0.339160	125.00
0.339180	124.00
0.339200	124.00
0.339220	124.00
0.339240	125.00
0.339260	126.00
0.339280	126.00
0.339300	126.00
0.339320	125.00
0.339340	125.00
0.339360	125.00
0.339380	126.00
0.339400	126.00
0.339420	125.00
0.339440	125.00
0.339460	124.00
0.339480	124.00
0.339500	124.00
0.339520	124.00
0.339540	125.00
0.339560	125.00
0.339580	124.00
0.339600	124.00
0.339620	123.00
0.339640	123.00
0.339660	123.00
0.339680	123.00
0.339700	124.00
0.339720	124.00
0.339740	124.00
0.339760	124.00
0.339780	125.00
0.339800	126.00
0.339820	126.00
0.339840	126.00
0.339860	126.00
0.339880	125.00
0.339900	125.00
0.339920	125.00
0.339940	126.00
0.339960	125.00
0.339980	125.00
0.340000	124.00
0.340020	124.00
0.340040	125.00
0.340060	125.00
0.340080	125.00
0.340100	125.00
0.340120	125.00
0.340140	125.00
0.340160	126.00
0.340180	126.00
0.340200	126.00
0.340220	126.00
0.340240	126.00
0.340260	125.00
0.340280	125.00
0.340300	124.00
0.340320	124.00
0.340340	124.00
0.340360	124.00
0.340380	124.00
0.340400	124.00
0.340420	123.00
0.340440	123.00
0.340460	123.00
0.340480	123.00
0.340500	124.00
0.340520	123.00
0.340540	124.00
0.340560	124.00
0.340580	125.00
0.340600	125.00
0.340620	126.00
0.340640	126.00
0.340660	126.00
0.340680	125.00
0.340700	125.00
0.340720	124.00
0.340740	124.00
0.340760	124.00
0.340780	124.00
0.340800	124.00
0.340820	124.00
0.340840	124.00
0.340860	125.00
0.340880	125.00
0.340900	126.00
0.340920	126.00
0.340940	126.00
0.340960	126.00
0.340980	125.00
0.341000	125.00
0.341020	125.00
0.341040	125.00
0.341060	125.00
0.341080	124.00
0.341100	124.00
0.341120	125.00
0.341140	125.00
0.341160	125.00
0.341180	125.00
0.341200	125.00
0.341220	125.00
0.341240	126.00
0.341260	126.00
0.341280	126.00
0.341300	125.00
0.341320	125.00
0.341340	125.00
0.341360	125.00
0.341380	125.00
0.341400	125.00
0.341420	125.00
0.341440	125.00
0.341460	125.00
0.341480	124.00
0.341500	124.00
0.341520	124.00
0.341540	124.00
0.341560	125.00
0.341580	124.00
0.341600	124.00
0.341620	123.00
0.341640	123.00
0.341660	123.00
0.341680	124.00
0.341700	124.00
0.341720	125.00
0.341740	126.00
0.341760	126.00
0.341780	127.00
0.341800	126.00
0.341820	126.00
0.341840	126.00
0.341860	126.00
0.341880	126.00
0.341900	125.00
0.341920	124.00
0.341940	124.00
0.341960	124.00
0.341980	125.00
0.342000	126.00
0.342020	126.00
0.342040	125.00
0.342060	125.00
0.342080	125.00
0.342100	124.00
0.342120	125.00
0.342140	125.00
0.342160	125.00
0.342180	126.00
0.342200	125.00
0.342220	125.00
0.342240	125.00
0.342260	126.00
0.342280	126.00
0.342300	126.00
0.342320	125.00
0.342340	124.00
0.342360	124.00
0.342380	124.00
0.342400	125.00
0.342420	125.00
0.342440	125.00
0.342460	124.00
0.342480	124.00
0.342500	124.00
0.342520	125.00
0.342540	125.00
0.342560	126.00
0.342580	126.00
0.342600	126.00
0.342620	125.00
0.342640	125.00
0.342660	124.00
0.342680	124.00
0.342700	124.00
0.342720	124.00
0.342740	125.00
0.342760	125.00
0.342780	126.00
0.342800	125.00
0.342820	124.00
0.342840	124.00
0.342860	124.00
0.342880	125.00
0.342900	126.00
0.342920	126.00
0.342940	126.00
0.342960	126.00
0.342980	127.00
0.343000	127.00
0.343020	127.00
0.343040	127.00
0.343060	126.00
0.343080	125.00
0.343100	125.00
0.343120	126.00
0.343140	126.00
0.343160	125.00
0.343180	125.00
0.343200	124.00
0.343220	124.00
0.343240	124.00
0.343260	124.00
0.343280	124.00
0.343300	124.00
0.343320	124.00
0.343340	124.00
0.343360	125.00
0.343380	125.00
0.343400	125.00
0.343420	125.00
0.343440	125.00
0.343460	125.00
0.343480	125.00
0.343500	125.00
0.343520	125.00
0.343540	125.00
0.343560	125.00
0.343580	124.00
0.343600	124.00
0.343620	124.00
0.343640	124.00
0.343660	124.00
0.343680	123.00
0.343700	123.00
0.343720	124.00
0.343740	124.00
0.343760	125.00
0.343780	125.00
0.343800	124.00
0.343820	125.00
0.343840	125.00
0.343860	126.00
0.343880	126.00
0.343900	126.00
0.343920	126.00
0.343940	126.00
0.343960	125.00
0.343980	125.00
0.344000	125.00
0.344020	125.00
0.344040	125.00
0.344060	126.00
0.344080	125.00
0.344100	125.00
0.344120	124.00
0.344140	124.00
0.344160	124.00
0.344180	124.00
0.344200	124.00
0.344220	124.00
0.344240	125.00
0.344260	125.00
0.344280	126.00
0.344300	126.00
0.344320	126.00
0.344340	126.00
0.344360	126.00
0.344380	126.00
0.344400	126.00
0.344420	126.00
0.344440	126.00
0.344460	125.00
0.344480	125.00
0.344500	124.00
0.344520	124.00
0.344540	124.00
0.344560	124.00
0.344580	124.00
0.344600	123.00
0.344620	122.00
0.344640	123.00
0.344660	123.00
0.344680	124.00
0.344700	125.00
0.344720	125.00
0.344740	126.00
0.344760	126.00
0.344780	126.00
0.344800	126.00
0.344820	125.00
0.344840	124.00
0.344860	124.00
0.344880	124.00
0.344900	123.00
0.344920	122.00
0.344940	122.00
0.344960	122.00
0.344980	123.00
0.345000	124.00
0.345020	125.00
0.345040	125.00
0.345060	125.00
0.345080	126.00
0.345100	126.00
0.345120	127.00
0.345140	127.00
0.345160	127.00
0.345180	127.00
0.345200	127.00
0.345220	126.00
0.345240	125.00
0.345260	125.00
0.345280	125.00
0.345300	126.00
0.345320	126.00
0.345340	125.00
0.345360	125.00
0.345380	126.00
0.345400	126.00
0.345420	126.00
0.345440	126.00
0.345460	125.00
0.345480	124.00
0.345500	123.00
0.345520	123.00
0.345540	123.00
0.345560	122.00
0.345580	122.00
0.345600	121.00
0.345620	122.00
0.345640	123.00
0.345660	125.00
0.345680	127.00
0.345700	129.00
0.345720	130.00
0.345740	130.00
0.345760	129.00
0.345780	129.00
0.345800	128.00
0.345820	128.00
0.345840	127.00
0.345860	126.00
0.345880	125.00
0.345900	123.00
0.345920	122.00
0.345940	120.00
0.345960	119.00
0.345980	118.00
0.346000	117.00
0.346020	118.00
0.346040	120.00
0.346060	123.00
0.346080	125.00
0.346100	128.00
0.346120	131.00
0.346140	134.00
0.346160	136.00
0.346180	138.00
0.346200	138.00
0.346220	136.00
0.346240	134.00
0.346260	131.00
0.346280	128.00
0.346300	123.00
0.346320	118.00
0.346340	112.00
0.346360	108.00
0.346380	106.00
0.346400	106.00
0.346420	108.00
0.346440	111.00
0.346460	115.00
0.346480	120.00
0.346500	126.00
0.346520	131.00
0.346540	137.00
0.346560	141.00
0.346580	144.00
0.346600	145.00
0.346620	144.00
0.346640	142.00
0.346660	139.00
0.346680	134.00
0.346700	128.00
0.346720	122.00
0.346740	117.00
0.346760	112.00
0.346780	109.00
0.346800	106.00
0.346820	105.00
0.346840	106.00
0.346860	108.00
0.346880	113.00
0.346900	119.00
0.346920	124.00
0.346940	129.00
0.346960	134.00
0.346980	137.00
0.347000	140.00
0.347020	141.00
0.347040	140.00
0.347060	138.00
0.347080	136.00
0.347100	133.00
0.347120	129.00
0.347140	125.00
0.347160	120.00
0.347180	116.00
0.347200	113.00
0.347220	112.00
0.347240	112.00
0.347260	114.00
0.347280	116.00
0.347300	118.00
0.347320	120.00
0.347340	123.00
0.347360	125.00
0.347380	128.00
0.347400	130.00
0.347420	131.00
0.347440	132.00
0.347460	132.00
0.347480	132.00
0.347500	131.00
0.347520	129.00
0.347540	127.00
0.347560	125.00
0.347580	124.00
0.347600	122.00
0.347620	121.00
0.347640	120.00
0.347660	120.00
0.347680	120.00
0.347700	121.00
0.347720	122.00
0.347740	122.00
0.347760	123.00
0.347780	124.00
0.347800	125.00
0.347820	126.00
0.347840	127.00
0.347860	128.00
0.347880	128.00
0.347900	128.00
0.347920	128.00
0.347940	127.00
0.347960	127.00
0.347980	126.00
0.348000	125.00
0.348020	124.00
0.348040	123.00
0.348060	122.00
0.348080	122.00
0.348100	122.00
0.348120	123.00
0.348140	123.00
0.348160	123.00
0.348180	124.00
0.348200	125.00
0.348220	125.00
0.348240	125.00
0.348260	125.00
0.348280	125.00
0.348300	126.00
0.348320	127.00
0.348340	127.00
0.348360	126.00
0.348380	125.00
0.348400	125.00
0.348420	124.00
0.348440	124.00
0.348460	123.00
0.348480	123.00
0.348500	122.00
0.348520	122.00
0.348540	123.00
0.348560	124.00
0.348580	124.00
0.348600	125.00
0.348620	125.00
0.348640	126.00
0.348660	126.00
0.348680	126.00
0.348700	126.00
0.348720	127.00
0.348740	128.00
0.348760	128.00
0.348780	127.00
0.348800	126.00
0.348820	126.00
0.348840	126.00
0.348860	126.00
0.348880	126.00
0.348900	124.00
0.348920	123.00
0.348940	124.00
0.348960	124.00
0.348980	125.00
0.349000	125.00
0.349020	124.00
0.349040	124.00
0.349060	124.00
0.349080	125.00
0.349100	125.00
0.349120	126.00
0.349140	126.00
0.349160	127.00
0.349180	127.00
0.349200	126.00
0.349220	125.00
0.349240	125.00
0.349260	125.00
0.349280	124.00
0.349300	124.00
0.349320	123.00
0.349340	124.00
0.349360	124.00
0.349380	124.00
0.349400	124.00
0.349420	123.00
0.349440	123.00
0.349460	123.00
0.349480	124.00
0.349500	124.00
0.349520	123.00
0.349540	124.00
0.349560	125.00
0.349580	126.00
0.349600	126.00
0.349620	125.00
0.349640	125.00
0.349660	125.00
0.349680	126.00
0.349700	126.00
0.349720	126.00
0.349740	125.00
0.349760	125.00
0.349780	125.00
0.349800	125.00
0.349820	125.00
0.349840	125.00
0.349860	125.00
0.349880	125.00
0.349900	125.00
0.349920	125.00
0.349940	125.00
0.349960	125.00
0.349980	126.00
