0.320000	101.00
0.320020	49.00
0.320040	101.00
0.320060	140.00
0.320080	143.00
0.320100	124.00
0.320120	112.00
0.320140	118.00
0.320160	130.00
0.320180	133.00
0.320200	125.00
0.320220	117.00
0.320240	120.00
0.320260	128.00
0.320280	131.00
0.320300	125.00
0.320320	120.00
0.320340	122.00
0.320360	127.00
0.320380	129.00
0.320400	125.00
0.320420	121.00
0.320440	122.00
0.320460	126.00
0.320480	127.00
0.320500	124.00
0.320520	121.00
0.320540	122.00
0.320560	126.00
0.320580	127.00
0.320600	124.00
0.320620	122.00
0.320640	123.00
0.320660	125.00
0.320680	127.00
0.320700	125.00
0.320720	123.00
0.320740	123.00
0.320760	126.00
0.320780	127.00
0.320800	125.00
0.320820	123.00
0.320840	124.00
0.320860	126.00
0.320880	127.00
0.320900	125.00
0.320920	123.00
0.320940	124.00
0.320960	125.00
0.320980	126.00
0.321000	125.00
0.321020	123.00
0.321040	124.00
0.321060	126.00
0.321080	127.00
0.321100	126.00
0.321120	124.00
0.321140	124.00
0.321160	125.00
0.321180	125.00
0.321200	124.00
0.321220	123.00
0.321240	124.00
0.321260	125.00
0.321280	126.00
0.321300	125.00
0.321320	124.00
0.321340	124.00
0.321360	126.00
0.321380	126.00
0.321400	125.00
0.321420	124.00
0.321440	124.00
0.321460	125.00
0.321480	125.00
0.321500	124.00
0.321520	123.00
0.321540	123.00
0.321560	125.00
0.321580	125.00
0.321600	125.00
0.321620	124.00
0.321640	124.00
0.321660	125.00
0.321680	125.00
0.321700	124.00
0.321720	123.00
0.321740	124.00
0.321760	125.00
0.321780	125.00
0.321800	125.00
0.321820	124.00
0.321840	125.00
0.321860	126.00
0.321880	126.00
0.321900	125.00
0.321920	124.00
0.321940	124.00
0.321960	125.00
0.321980	125.00
0.322000	124.00
0.322020	124.00
0.322040	124.00
0.322060	125.00
0.322080	125.00
0.322100	124.00
0.322120	124.00
0.322140	124.00
0.322160	126.00
0.322180	126.00
0.322200	125.00
0.322220	125.00
0.322240	125.00
0.322260	125.00
0.322280	125.00
0.322300	125.00
0.322320	124.00
0.322340	124.00
0.322360	125.00
0.322380	125.00
0.322400	124.00
0.322420	124.00
0.322440	125.00
0.322460	126.00
0.322480	126.00
0.322500	125.00
0.322520	124.00
0.322540	124.00
0.322560	124.00
0.322580	125.00
0.322600	124.00
0.322620	124.00
0.322640	125.00
0.322660	126.00
0.322680	126.00
0.322700	125.00
0.322720	124.00
0.322740	125.00
0.322760	125.00
0.322780	125.00
0.322800	125.00
0.322820	124.00
0.322840	124.00
0.322860	125.00
0.322880	125.00
0.322900	125.00
0.322920	125.00
0.322940	125.00
0.322960	126.00
0.322980	125.00
0.323000	125.00
0.323020	124.00
0.323040	124.00
0.323060	126.00
0.323080	126.00
0.323100	125.00
0.323120	125.00
0.323140	125.00
0.323160	126.00
0.323180	126.00
0.323200	125.00
0.323220	124.00
0.323240	124.00
0.323260	124.00
0.323280	125.00
0.323300	124.00
0.323320	124.00
0.323340	124.00
0.323360	125.00
0.323380	126.00
0.323400	125.00
0.323420	124.00
0.323440	124.00
0.323460	125.00
0.323480	125.00
0.323500	125.00
0.323520	125.00
0.323540	125.00
0.323560	125.00
0.323580	126.00
0.323600	125.00
0.323620	124.00
0.323640	124.00
0.323660	125.00
0.323680	125.00
0.323700	125.00
0.323720	125.00
0.323740	124.00
0.323760	124.00
0.323780	125.00
0.323800	124.00
0.323820	124.00
0.323840	124.00
0.323860	124.00
0.323880	125.00
0.323900	125.00
0.323920	125.00
0.323940	125.00
0.323960	125.00
0.323980	125.00
0.324000	125.00
0.324020	124.00
0.324040	124.00
0.324060	125.00
0.324080	126.00
0.324100	125.00
0.324120	124.00
0.324140	124.00
0.324160	124.00
0.324180	125.00
0.324200	125.00
0.324220	125.00
0.324240	125.00
0.324260	125.00
0.324280	126.00
0.324300	125.00
0.324320	125.00
0.324340	125.00
0.324360	125.00
0.324380	126.00
0.324400	125.00
0.324420	124.00
0.324440	124.00
0.324460	124.00
0.324480	125.00
0.324500	124.00
0.324520	124.00
0.324540	124.00
0.324560	124.00
0.324580	125.00
0.324600	125.00
0.324620	124.00
0.324640	124.00
0.324660	124.00
0.324680	125.00
0.324700	125.00
0.324720	124.00
0.324740	124.00
0.324760	124.00
0.324780	125.00
0.324800	125.00
0.324820	124.00
0.324840	124.00
0.324860	125.00
0.324880	125.00
0.324900	125.00
0.324920	125.00
0.324940	125.00
0.324960	125.00
0.324980	126.00
0.325000	125.00
0.325020	125.00
0.325040	124.00
0.325060	124.00
0.325080	125.00
0.325100	124.00
0.325120	124.00
0.325140	124.00
0.325160	124.00
0.325180	125.00
0.325200	124.00
0.325220	124.00
0.325240	124.00
0.325260	125.00
0.325280	125.00
0.325300	125.00
0.325320	124.00
0.325340	123.00
0.325360	123.00
0.325380	123.00
0.325400	122.00
0.325420	121.00
0.325440	120.00
0.325460	120.00
0.325480	121.00
0.325500	123.00
0.325520	125.00
0.325540	127.00
0.325560	131.00
0.325580	136.00
0.325600	140.00
0.325620	144.00
0.325640	146.00
0.325660	147.00
0.325680	144.00
0.325700	139.00
0.325720	130.00
0.325740	119.00
0.325760	108.00
0.325780	99.00
0.325800	91.00
0.325820	84.00
0.325840	80.00
0.325860	79.00
0.325880	82.00
0.325900	89.00
0.325920	102.00
0.325940	119.00
0.325960	138.00
0.325980	156.00
0.326000	172.00
0.326020	183.00
0.326040	191.00
0.326060	195.00
0.326080	195.00
0.326100	190.00
0.326120	178.00
0.326140	160.00
0.326160	135.00
0.326180	106.00
0.326200	76.00
0.326220	47.00
0.326240	23.00
0.326260	8.00
0.326280	3.00
0.326300	7.00
0.326320	22.00
0.326340	48.00
0.326360	86.00
0.326380	132.00
0.326400	179.00
0.326420	218.00
0.326440	243.00
0.326460	255.00
0.326480	255.00
0.326500	253.00
0.326520	243.00
0.326540	221.00
0.326560	183.00
0.326580	128.00
0.326600	68.00
0.326620	21.00
0.326640	0.00
0.326660	0.00
0.326680	5.00
0.326700	7.00
0.326720	0.00
0.326740	0.00
0.326760	7.00
0.326780	51.00
0.326800	117.00
0.326820	185.00
0.326840	233.00
0.326860	255.00
0.326880	255.00
0.326900	255.00
0.326920	255.00
0.326940	254.00
0.326960	244.00
0.326980	216.00
0.327000	168.00
0.327020	109.00
0.327040	52.00
0.327060	12.00
0.327080	0.00
0.327100	0.00
0.327120	4.00
0.327140	3.00
0.327160	0.00
0.327180	1.00
0.327200	24.00
0.327220	69.00
0.327240	125.00
0.327260	177.00
0.327280	214.00
0.327300	235.00
0.327320	244.00
0.327340	246.00
0.327360	242.00
0.327380	230.00
0.327400	210.00
0.327420	183.00
0.327440	150.00
0.327460	115.00
0.327480	80.00
0.327500	51.00
0.327520	30.00
0.327540	18.00
0.327560	16.00
0.327580	22.00
0.327600	37.00
0.327620	58.00
0.327640	83.00
0.327660	111.00
0.327680	136.00
0.327700	159.00
0.327720	177.00
0.327740	189.00
0.327760	195.00
0.327780	194.00
0.327800	187.00
0.327820	176.00
0.327840	163.00
0.327860	147.00
0.327880	129.00
0.327900	113.00
0.327920	99.00
0.327940	88.00
0.327960	82.00
0.327980	78.00
0.328000	79.00
0.328020	84.00
0.328040	92.00
0.328060	103.00
0.328080	113.00
0.328100	124.00
0.328120	134.00
0.328140	142.00
0.328160	149.00
0.328180	152.00
0.328200	154.00
0.328220	152.00
0.328240	149.00
0.328260	144.00
0.328280	138.00
0.328300	131.00
0.328320	124.00
0.328340	118.00
0.328360	113.00
0.328380	110.00
0.328400	107.00
0.328420	107.00
0.328440	108.00
0.328460	110.00
0.328480	114.00
0.328500	117.00
0.328520	122.00
0.328540	126.00
0.328560	131.00
0.328580	133.00
0.328600	135.00
0.328620	136.00
0.328640	136.00
0.328660	136.00
0.328680	135.00
0.328700	132.00
0.328720	129.00
0.328740	126.00
0.328760	124.00
0.328780	122.00
0.328800	120.00
0.328820	118.00
0.328840	118.00
0.328860	118.00
0.328880	119.00
0.328900	120.00
0.328920	121.00
0.328940	123.00
0.328960	125.00
0.328980	126.00
0.329000	127.00
0.329020	128.00
0.329040	129.00
0.329060	130.00
0.329080	130.00
0.329100	129.00
0.329120	128.00
0.329140	127.00
0.329160	126.00
0.329180	126.00
0.329200	124.00
0.329220	123.00
0.329240	122.00
0.329260	122.00
0.329280	122.00
0.329300	122.00
0.329320	122.00
0.329340	122.00
0.329360	123.00
0.329380	124.00
0.329400	125.00
0.329420	126.00
0.329440	126.00
0.329460	126.00
0.329480	127.00
0.329500	127.00
0.329520	127.00
0.329540	127.00
0.329560	127.00
0.329580	126.00
0.329600	126.00
0.329620	125.00
0.329640	125.00
0.329660	124.00
0.329680	124.00
0.329700	124.00
0.329720	124.00
0.329740	124.00
0.329760	124.00
0.329780	125.00
0.329800	125.00
0.329820	125.00
0.329840	125.00
0.329860	125.00
0.329880	125.00
0.329900	126.00
0.329920	126.00
0.329940	126.00
0.329960	126.00
0.329980	126.00
0.330000	125.00
0.330020	125.00
0.330040	125.00
0.330060	125.00
0.330080	125.00
0.330100	124.00
0.330120	124.00
0.330140	124.00
0.330160	124.00
0.330180	124.00
0.330200	124.00
0.330220	124.00
0.330240	124.00
0.330260	125.00
0.330280	125.00
0.330300	126.00
0.330320	126.00
0.330340	126.00
0.330360	126.00
0.330380	125.00
0.330400	124.00
0.330420	124.00
0.330440	124.00
0.330460	125.00
0.330480	125.00
0.330500	125.00
0.330520	125.00
0.330540	125.00
0.330560	125.00
0.330580	125.00
0.330600	124.00
0.330620	124.00
0.330640	124.00
0.330660	124.00
0.330680	125.00
0.330700	125.00
0.330720	125.00
0.330740	125.00
0.330760	125.00
0.330780	125.00
0.330800	125.00
0.330820	125.00
0.330840	125.00
0.330860	125.00
0.330880	125.00
0.330900	125.00
0.330920	124.00
0.330940	124.00
0.330960	124.00
0.330980	124.00
0.331000	124.00
0.331020	124.00
0.331040	125.00
0.331060	125.00
0.331080	125.00
0.331100	125.00
0.331120	125.00
0.331140	125.00
0.331160	125.00
0.331180	125.00
0.331200	125.00
0.331220	125.00
0.331240	125.00
0.331260	125.00
0.331280	125.00
0.331300	125.00
0.331320	124.00
0.331340	124.00
0.331360	125.00
0.331380	125.00
0.331400	125.00
0.331420	125.00
0.331440	125.00
0.331460	125.00
0.331480	125.00
0.331500	125.00
0.331520	125.00
0.331540	125.00
0.331560	126.00
0.331580	126.00
0.331600	126.00
0.331620	126.00
0.331640	126.00
0.331660	127.00
0.331680	127.00
0.331700	126.00
0.331720	125.00
0.331740	124.00
0.331760	124.00
0.331780	123.00
0.331800	122.00
0.331820	121.00
0.331840	120.00
0.331860	120.00
0.331880	121.00
0.331900	122.00
0.331920	124.00
0.331940	126.00
0.331960	128.00
0.331980	131.00
0.332000	133.00
0.332020	134.00
0.332040	135.00
0.332060	136.00
0.332080	135.00
0.332100	134.00
0.332120	131.00
0.332140	127.00
0.332160	123.00
0.332180	118.00
0.332200	115.00
0.332220	111.00
0.332240	109.00
0.332260	107.00
0.332280	107.00
0.332300	108.00
0.332320	111.00
0.332340	115.00
0.332360	121.00
0.332380	128.00
0.332400	135.00
0.332420	142.00
0.332440	148.00
0.332460	153.00
0.332480	155.00
0.332500	155.00
0.332520	151.00
0.332540	145.00
0.332560	137.00
0.332580	126.00
0.332600	114.00
0.332620	102.00
0.332640	91.00
0.332660	83.00
0.332680	78.00
0.332700	78.00
0.332720	82.00
0.332740	91.00
0.332760	103.00
0.332780	117.00
0.332800	133.00
0.332820	149.00
0.332840	163.00
0.332860	174.00
0.332880	181.00
0.332900	182.00
0.332920	179.00
0.332940	171.00
0.332960	160.00
0.332980	145.00
0.333000	128.00
0.333020	110.00
0.333040	94.00
0.333060	80.00
0.333080	71.00
0.333100	66.00
0.333120	67.00
0.333140	72.00
0.333160	81.00
0.333180	93.00
0.333200	108.00
0.333220	124.00
0.333240	140.00
0.333260	154.00
0.333280	165.00
0.333300	172.00
0.333320	175.00
0.333340	174.00
0.333360	169.00
0.333380	161.00
0.333400	150.00
0.333420	138.00
0.333440	125.00
0.333460	113.00
0.333480	103.00
0.333500	94.00
0.333520	89.00
0.333540	86.00
0.333560	87.00
0.333580	91.00
0.333600	98.00
0.333620	106.00
0.333640	115.00
0.333660	124.00
0.333680	132.00
0.333700	139.00
0.333720	145.00
0.333740	149.00
0.333760	150.00
0.333780	149.00
0.333800	147.00
0.333820	143.00
0.333840	138.00
0.333860	133.00
0.333880	127.00
0.333900	121.00
0.333920	116.00
0.333940	112.00
0.333960	111.00
0.333980	110.00
0.334000	110.00
0.334020	112.00
0.334040	114.00
0.334060	117.00
0.334080	121.00
0.334100	124.00
0.334120	127.00
0.334140	130.00
0.334160	132.00
0.334180	133.00
0.334200	134.00
0.334220	134.00
0.334240	133.00
0.334260	131.00
0.334280	129.00
0.334300	127.00
0.334320	125.00
0.334340	124.00
0.334360	122.00
0.334380	120.00
0.334400	119.00
0.334420	119.00
0.334440	119.00
0.334460	120.00
0.334480	121.00
0.334500	122.00
0.334520	124.00
0.334540	125.00
0.334560	126.00
0.334580	127.00
0.334600	127.00
0.334620	127.00
0.334640	127.00
0.334660	127.00
0.334680	127.00
0.334700	127.00
0.334720	127.00
0.334740	126.00
0.334760	125.00
0.334780	125.00
0.334800	124.00
0.334820	124.00
0.334840	124.00
0.334860	123.00
0.334880	123.00
0.334900	123.00
0.334920	123.00
0.334940	123.00
0.334960	124.00
0.334980	125.00
0.335000	125.00
0.335020	126.00
0.335040	126.00
0.335060	126.00
0.335080	126.00
0.335100	126.00
0.335120	126.00
0.335140	126.00
0.335160	126.00
0.335180	125.00
0.335200	125.00
0.335220	125.00
0.335240	125.00
0.335260	125.00
0.335280	125.00
0.335300	125.00
0.335320	124.00
0.335340	124.00
0.335360	124.00
0.335380	124.00
0.335400	124.00
0.335420	124.00
0.335440	124.00
0.335460	125.00
0.335480	125.00
0.335500	125.00
0.335520	125.00
0.335540	125.00
0.335560	125.00
0.335580	125.00
0.335600	125.00
0.335620	125.00
0.335640	125.00
0.335660	125.00
0.335680	125.00
0.335700	125.00
0.335720	125.00
0.335740	125.00
0.335760	125.00
0.335780	125.00
0.335800	125.00
0.335820	124.00
0.335840	124.00
0.335860	124.00
0.335880	125.00
0.335900	125.00
0.335920	125.00
0.335940	125.00
0.335960	125.00
0.335980	125.00
0.336000	125.00
0.336020	125.00
0.336040	125.00
0.336060	125.00
0.336080	125.00
0.336100	125.00
0.336120	125.00
0.336140	125.00
0.336160	124.00
0.336180	124.00
0.336200	125.00
0.336220	125.00
0.336240	124.00
0.336260	124.00
0.336280	124.00
0.336300	124.00
0.336320	124.00
0.336340	124.00
0.336360	124.00
0.336380	125.00
0.336400	126.00
0.336420	126.00
0.336440	126.00
0.336460	125.00
0.336480	124.00
0.336500	124.00
0.336520	125.00
0.336540	126.00
0.336560	126.00
0.336580	126.00
0.336600	125.00
0.336620	125.00
0.336640	125.00
0.336660	125.00
0.336680	125.00
0.336700	125.00
0.336720	125.00
0.336740	125.00
0.336760	125.00
0.336780	125.00
0.336800	125.00
0.336820	125.00
0.336840	125.00
0.336860	126.00
0.336880	126.00
0.336900	126.00
0.336920	126.00
0.336940	125.00
0.336960	125.00
0.336980	125.00
0.337000	125.00
0.337020	125.00
0.337040	125.00
0.337060	125.00
0.337080	125.00
0.337100	124.00
0.337120	124.00
0.337140	124.00
0.337160	124.00
0.337180	124.00
0.337200	125.00
0.337220	125.00
0.337240	125.00
0.337260	125.00
0.337280	125.00
0.337300	125.00
0.337320	125.00
0.337340	125.00
0.337360	125.00
0.337380	125.00
0.337400	125.00
0.337420	125.00
0.337440	125.00
0.337460	125.00
0.337480	125.00
0.337500	124.00
0.337520	124.00
0.337540	124.00
0.337560	125.00
0.337580	125.00
0.337600	125.00
0.337620	125.00
0.337640	124.00
0.337660	124.00
0.337680	124.00
0.337700	125.00
0.337720	125.00
0.337740	125.00
0.337760	125.00
0.337780	126.00
0.337800	126.00
0.337820	126.00
0.337840	126.00
0.337860	125.00
0.337880	125.00
0.337900	125.00
0.337920	125.00
0.337940	124.00
0.337960	124.00
0.337980	124.00
0.338000	123.00
0.338020	123.00
0.338040	122.00
0.338060	122.00
0.338080	122.00
0.338100	123.00
0.338120	124.00
0.338140	125.00
0.338160	127.00
0.338180	128.00
0.338200	129.00
0.338220	131.00
0.338240	132.00
0.338260	132.00
0.338280	131.00
0.338300	130.00
0.338320	129.00
0.338340	127.00
0.338360	125.00
0.338380	122.00
0.338400	120.00
0.338420	118.00
0.338440	116.00
0.338460	115.00
0.338480	114.00
0.338500	115.00
0.338520	116.00
0.338540	118.00
0.338560	121.00
0.338580	125.00
0.338600	130.00
0.338620	134.00
0.338640	139.00
0.338660	142.00
0.338680	145.00
0.338700	145.00
0.338720	143.00
0.338740	140.00
0.338760	134.00
0.338780	127.00
0.338800	120.00
0.338820	112.00
0.338840	105.00
0.338860	99.00
0.338880	96.00
0.338900	95.00
0.338920	97.00
0.338940	102.00
0.338960	109.00
0.338980	118.00
0.339000	128.00
0.339020	138.00
0.339040	147.00
0.339060	155.00
0.339080	160.00
0.339100	162.00
0.339120	161.00
0.339140	157.00
0.339160	150.00
0.339180	140.00
0.339200	129.00
0.339220	117.00
0.339240	106.00
0.339260	96.00
0.339280	88.00
0.339300	84.00
0.339320	83.00
0.339340	86.00
0.339360	93.00
0.339380	102.00
0.339400	112.00
0.339420	124.00
0.339440	136.00
0.339460	147.00
0.339480	155.00
0.339500	161.00
0.339520	163.00
0.339540	162.00
0.339560	158.00
0.339580	151.00
0.339600	142.00
0.339620	132.00
0.339640	122.00
0.339660	112.00
0.339680	104.00
0.339700	98.00
0.339720	94.00
0.339740	93.00
0.339760	95.00
0.339780	99.00
0.339800	105.00
0.339820	113.00
0.339840	121.00
0.339860	129.00
0.339880	137.00
0.339900	143.00
0.339920	148.00
0.339940	150.00
0.339960	150.00
0.339980	148.00
0.340000	144.00
0.340020	139.00
0.340040	133.00
0.340060	126.00
0.340080	120.00
0.340100	115.00
0.340120	111.00
0.340140	108.00
0.340160	107.00
0.340180	107.00
0.340200	109.00
0.340220	112.00
0.340240	116.00
0.340260	120.00
0.340280	125.00
0.340300	129.00
0.340320	132.00
0.340340	135.00
0.340360	136.00
0.340380	136.00
0.340400	136.00
0.340420	135.00
0.340440	134.00
0.340460	132.00
0.340480	128.00
0.340500	125.00
0.340520	122.00
0.340540	120.00
0.340560	119.00
0.340580	117.00
0.340600	117.00
0.340620	117.00
0.340640	118.00
0.340660	120.00
0.340680	122.00
0.340700	124.00
0.340720	125.00
0.340740	127.00
0.340760	128.00
0.340780	130.00
0.340800	130.00
0.340820	130.00
0.340840	130.00
0.340860	129.00
0.340880	128.00
0.340900	127.00
0.340920	126.00
0.340940	125.00
0.340960	124.00
0.340980	123.00
0.341000	122.00
0.341020	122.00
0.341040	122.00
0.341060	122.00
0.341080	123.00
0.341100	123.00
0.341120	124.00
0.341140	124.00
0.341160	125.00
0.341180	126.00
0.341200	127.00
0.341220	127.00
0.341240	127.00
0.341260	127.00
0.341280	126.00
0.341300	126.00
0.341320	126.00
0.341340	126.00
0.341360	125.00
0.341380	124.00
0.341400	124.00
0.341420	124.00
0.341440	124.00
0.341460	124.00
0.341480	124.00
0.341500	124.00
0.341520	124.00
0.341540	124.00
0.341560	125.00
0.341580	125.00
0.341600	125.00
0.341620	125.00
0.341640	125.00
0.341660	125.00
0.341680	125.00
0.341700	125.00
0.341720	125.00
0.341740	125.00
0.341760	125.00
0.341780	125.00
0.341800	125.00
0.341820	125.00
0.341840	125.00
0.341860	125.00
0.341880	125.00
0.341900	125.00
0.341920	125.00
0.341940	125.00
0.341960	125.00
0.341980	125.00
0.342000	124.00
0.342020	124.00
0.342040	124.00
0.342060	125.00
0.342080	125.00
0.342100	125.00
0.342120	124.00
0.342140	124.00
0.342160	124.00
0.342180	125.00
0.342200	125.00
0.342220	125.00
0.342240	126.00
0.342260	126.00
0.342280	126.00
0.342300	125.00
0.342320	125.00
0.342340	125.00
0.342360	126.00
0.342380	126.00
0.342400	125.00
0.342420	125.00
0.342440	124.00
0.342460	125.00
0.342480	125.00
0.342500	125.00
0.342520	125.00
0.342540	125.00
0.342560	124.00
0.342580	124.00
0.342600	124.00
0.342620	124.00
0.342640	124.00
0.342660	125.00
0.342680	125.00
0.342700	125.00
0.342720	125.00
0.342740	125.00
0.342760	125.00
0.342780	126.00
0.342800	126.00
0.342820	126.00
0.342840	126.00
0.342860	126.00
0.342880	125.00
0.342900	125.00
0.342920	125.00
0.342940	125.00
0.342960	125.00
0.342980	125.00
0.343000	124.00
0.343020	124.00
0.343040	124.00
0.343060	124.00
0.343080	124.00
0.343100	125.00
0.343120	125.00
0.343140	125.00
0.343160	125.00
0.343180	125.00
0.343200	125.00
0.343220	126.00
0.343240	126.00
0.343260	126.00
0.343280	126.00
0.343300	126.00
0.343320	126.00
0.343340	126.00
0.343360	125.00
0.343380	125.00
0.343400	125.00
0.343420	124.00
0.343440	124.00
0.343460	124.00
0.343480	124.00
0.343500	124.00
0.343520	124.00
0.343540	124.00
0.343560	124.00
0.343580	125.00
0.343600	125.00
0.343620	125.00
0.343640	125.00
0.343660	125.00
0.343680	125.00
0.343700	126.00
0.343720	126.00
0.343740	126.00
0.343760	126.00
0.343780	126.00
0.343800	125.00
0.343820	125.00
0.343840	125.00
0.343860	124.00
0.343880	124.00
0.343900	124.00
0.343920	124.00
0.343940	124.00
0.343960	125.00
0.343980	125.00
0.344000	125.00
0.344020	125.00
0.344040	126.00
0.344060	126.00
0.344080	126.00
0.344100	126.00
0.344120	125.00
0.344140	125.00
0.344160	124.00
0.344180	124.00
0.344200	124.00
0.344220	123.00
0.344240	123.00
0.344260	123.00
0.344280	123.00
0.344300	123.00
0.344320	124.00
0.344340	124.00
0.344360	125.00
0.344380	126.00
0.344400	127.00
0.344420	128.00
0.344440	129.00
0.344460	129.00
0.344480	129.00
0.344500	128.00
0.344520	127.00
0.344540	126.00
0.344560	125.00
0.344580	124.00
0.344600	122.00
0.344620	121.00
0.344640	120.00
0.344660	119.00
0.344680	119.00
0.344700	119.00
0.344720	119.00
0.344740	121.00
0.344760	123.00
0.344780	125.00
0.344800	128.00
0.344820	131.00
0.344840	133.00
0.344860	135.00
0.344880	136.00
0.344900	136.00
0.344920	135.00
0.344940	133.00
0.344960	130.00
0.344980	126.00
0.345000	122.00
0.345020	117.00
0.345040	113.00
0.345060	110.00
0.345080	108.00
0.345100	107.00
0.345120	108.00
0.345140	110.00
0.345160	115.00
0.345180	121.00
0.345200	128.00
0.345220	134.00
0.345240	140.00
0.345260	144.00
0.345280	147.00
0.345300	148.00
0.345320	147.00
0.345340	143.00
0.345360	138.00
0.345380	131.00
0.345400	125.00
0.345420	118.00
0.345440	111.00
0.345460	106.00
0.345480	103.00
0.345500	101.00
0.345520	102.00
0.345540	105.00
0.345560	110.00
0.345580	116.00
0.345600	122.00
0.345620	129.00
0.345640	135.00
0.345660	140.00
0.345680	143.00
0.345700	145.00
0.345720	144.00
0.345740	142.00
0.345760	139.00
0.345780	134.00
0.345800	129.00
0.345820	123.00
0.345840	118.00
0.345860	114.00
0.345880	112.00
0.345900	110.00
0.345920	111.00
0.345940	112.00
0.345960	114.00
0.345980	118.00
0.346000	121.00
0.346020	125.00
0.346040	128.00
0.346060	131.00
0.346080	134.00
0.346100	135.00
0.346120	135.00
0.346140	134.00
0.346160	132.00
0.346180	130.00
0.346200	127.00
0.346220	124.00
0.346240	122.00
0.346260	120.00
0.346280	118.00
0.346300	118.00
0.346320	118.00
0.346340	118.00
0.346360	120.00
0.346380	121.00
0.346400	123.00
0.346420	125.00
0.346440	126.00
0.346460	127.00
0.346480	128.00
0.346500	129.00
0.346520	130.00
0.346540	130.00
0.346560	130.00
0.346580	128.00
0.346600	127.00
0.346620	125.00
0.346640	124.00
0.346660	124.00
0.346680	123.00
0.346700	122.00
0.346720	122.00
0.346740	122.00
0.346760	123.00
0.346780	123.00
0.346800	124.00
0.346820	124.00
0.346840	125.00
0.346860	126.00
0.346880	127.00
0.346900	127.00
0.346920	127.00
0.346940	127.00
0.346960	127.00
0.346980	126.00
0.347000	126.00
0.347020	126.00
0.347040	125.00
0.347060	124.00
0.347080	124.00
0.347100	123.00
0.347120	123.00
0.347140	123.00
0.347160	123.00
0.347180	123.00
0.347200	123.00
0.347220	124.00
0.347240	124.00
0.347260	125.00
0.347280	125.00
0.347300	125.00
0.347320	125.00
0.347340	125.00
0.347360	125.00
0.347380	125.00
0.347400	125.00
0.347420	125.00
0.347440	125.00
0.347460	125.00
0.347480	125.00
0.347500	125.00
0.347520	125.00
0.347540	125.00
0.347560	125.00
0.347580	124.00
0.347600	124.00
0.347620	124.00
0.347640	125.00
0.347660	125.00
0.347680	125.00
0.347700	125.00
0.347720	125.00
0.347740	125.00
0.347760	125.00
0.347780	125.00
0.347800	125.00
0.347820	125.00
0.347840	125.00
0.347860	125.00
0.347880	125.00
0.347900	125.00
0.347920	125.00
0.347940	125.00
0.347960	125.00
0.347980	124.00
0.348000	124.00
0.348020	124.00
0.348040	125.00
0.348060	125.00
0.348080	125.00
0.348100	125.00
0.348120	125.00
0.348140	125.00
0.348160	125.00
0.348180	125.00
0.348200	125.00
0.348220	125.00
0.348240	125.00
0.348260	125.00
0.348280	125.00
0.348300	125.00
0.348320	125.00
0.348340	125.00
0.348360	125.00
0.348380	125.00
0.348400	125.00
0.348420	125.00
0.348440	125.00
0.348460	126.00
0.348480	126.00
0.348500	126.00
0.348520	126.00
0.348540	126.00
0.348560	126.00
0.348580	126.00
0.348600	126.00
0.348620	125.00
0.348640	124.00
0.348660	124.00
0.348680	124.00
0.348700	124.00
0.348720	124.00
0.348740	124.00
0.348760	124.00
0.348780	124.00
0.348800	124.00
0.348820	124.00
0.348840	125.00
0.348860	125.00
0.348880	125.00
0.348900	126.00
0.348920	126.00
0.348940	126.00
0.348960	126.00
0.348980	126.00
0.349000	126.00
0.349020	126.00
0.349040	125.00
0.349060	125.00
0.349080	125.00
0.349100	124.00
0.349120	124.00
0.349140	123.00
0.349160	123.00
0.349180	124.00
0.349200	124.00
0.349220	124.00
0.349240	124.00
0.349260	125.00
0.349280	125.00
0.349300	125.00
0.349320	126.00
0.349340	126.00
0.349360	126.00
0.349380	126.00
0.349400	126.00
0.349420	126.00
0.349440	126.00
0.349460	126.00
0.349480	126.00
0.349500	126.00
0.349520	125.00
0.349540	125.00
0.349560	125.00
0.349580	124.00
0.349600	124.00
0.349620	124.00
0.349640	124.00
0.349660	124.00
0.349680	124.00
0.349700	125.00
0.349720	125.00
0.349740	125.00
0.349760	125.00
0.349780	125.00
0.349800	125.00
0.349820	125.00
0.349840	125.00
0.349860	125.00
0.349880	125.00
0.349900	125.00
0.349920	125.00
0.349940	125.00
0.349960	125.00
0.349980	125.00
0.350000	125.00
0.350020	125.00
0.350040	125.00
0.350060	125.00
0.350080	125.00
0.350100	124.00
0.350120	124.00
0.350140	124.00
0.350160	124.00
0.350180	125.00
0.350200	125.00
0.350220	125.00
0.350240	125.00
0.350260	125.00
0.350280	125.00
0.350300	124.00
0.350320	125.00
0.350340	125.00
0.350360	125.00
0.350380	125.00
0.350400	125.00
0.350420	124.00
0.350440	124.00
0.350460	124.00
0.350480	124.00
0.350500	124.00
0.350520	125.00
0.350540	125.00
0.350560	126.00
0.350580	126.00
0.350600	127.00
0.350620	127.00
0.350640	127.00
0.350660	128.00
0.350680	128.00
0.350700	127.00
0.350720	126.00
0.350740	125.00
0.350760	125.00
0.350780	124.00
0.350800	123.00
0.350820	122.00
0.350840	121.00
0.350860	121.00
0.350880	121.00
0.350900	121.00
0.350920	121.00
0.350940	122.00
0.350960	123.00
0.350980	125.00
0.351000	126.00
0.351020	127.00
0.351040	128.00
0.351060	130.00
0.351080	131.00
0.351100	132.00
0.351120	132.00
0.351140	131.00
0.351160	130.00
0.351180	128.00
0.351200	125.00
0.351220	122.00
0.351240	119.00
0.351260	117.00
0.351280	115.00
0.351300	114.00
0.351320	114.00
0.351340	116.00
0.351360	118.00
0.351380	122.00
0.351400	125.00
0.351420	128.00
0.351440	131.00
0.351460	134.00
0.351480	137.00
0.351500	138.00
0.351520	138.00
0.351540	136.00
0.351560	134.00
0.351580	131.00
0.351600	127.00
0.351620	124.00
0.351640	120.00
0.351660	117.00
0.351680	115.00
0.351700	113.00
0.351720	113.00
0.351740	113.00
0.351760	115.00
0.351780	117.00
0.351800	120.00
0.351820	123.00
0.351840	126.00
0.351860	128.00
0.351880	130.00
0.351900	132.00
0.351920	133.00
0.351940	133.00
0.351960	132.00
0.351980	132.00
0.352000	131.00
0.352020	129.00
0.352040	127.00
0.352060	125.00
0.352080	123.00
0.352100	122.00
0.352120	121.00
0.352140	121.00
0.352160	120.00
0.352180	120.00
0.352200	120.00
0.352220	121.00
0.352240	122.00
0.352260	123.00
0.352280	124.00
0.352300	125.00
0.352320	126.00
0.352340	127.00
0.352360	128.00
0.352380	128.00
0.352400	128.00
0.352420	128.00
0.352440	128.00
0.352460	127.00
0.352480	126.00
0.352500	126.00
0.352520	126.00
0.352540	125.00
0.352560	124.00
0.352580	123.00
0.352600	122.00
0.352620	122.00
0.352640	122.00
0.352660	123.00
0.352680	123.00
0.352700	123.00
0.352720	124.00
0.352740	124.00
0.352760	124.00
0.352780	125.00
0.352800	125.00
0.352820	126.00
0.352840	126.00
0.352860	126.00
0.352880	126.00
0.352900	126.00
0.352920	125.00
0.352940	125.00
0.352960	125.00
0.352980	125.00
0.353000	125.00
0.353020	125.00
0.353040	125.00
0.353060	125.00
0.353080	124.00
0.353100	124.00
0.353120	124.00
0.353140	124.00
0.353160	125.00
0.353180	125.00
0.353200	125.00
0.353220	125.00
0.353240	125.00
0.353260	126.00
0.353280	126.00
0.353300	125.00
0.353320	125.00
0.353340	125.00
0.353360	125.00
0.353380	125.00
0.353400	125.00
0.353420	125.00
0.353440	125.00
0.353460	125.00
0.353480	125.00
0.353500	125.00
0.353520	124.00
0.353540	124.00
0.353560	124.00
0.353580	124.00
0.353600	124.00
0.353620	124.00
0.353640	124.00
0.353660	125.00
0.353680	125.00
0.353700	125.00
0.353720	125.00
0.353740	124.00
0.353760	124.00
0.353780	124.00
0.353800	125.00
0.353820	125.00
0.353840	125.00
0.353860	125.00
0.353880	125.00
0.353900	125.00
0.353920	125.00
0.353940	125.00
0.353960	125.00
0.353980	124.00
0.354000	124.00
0.354020	124.00
0.354040	125.00
0.354060	125.00
0.354080	125.00
0.354100	125.00
0.354120	125.00
0.354140	125.00
0.354160	125.00
0.354180	125.00
0.354200	125.00
0.354220	125.00
0.354240	125.00
0.354260	125.00
0.354280	125.00
0.354300	125.00
0.354320	125.00
0.354340	125.00
0.354360	125.00
0.354380	125.00
0.354400	125.00
0.354420	124.00
0.354440	124.00
0.354460	124.00
0.354480	124.00
0.354500	124.00
0.354520	124.00
0.354540	124.00
0.354560	124.00
0.354580	125.00
0.354600	125.00
0.354620	126.00
0.354640	126.00
0.354660	126.00
0.354680	126.00
0.354700	126.00
0.354720	126.00
0.354740	126.00
0.354760	126.00
0.354780	125.00
0.354800	125.00
0.354820	124.00
0.354840	124.00
0.354860	124.00
0.354880	123.00
0.354900	123.00
0.354920	123.00
0.354940	124.00
0.354960	124.00
0.354980	125.00
0.355000	125.00
0.355020	125.00
0.355040	125.00
0.355060	126.00
0.355080	126.00
0.355100	127.00
0.355120	127.00
0.355140	127.00
0.355160	127.00
0.355180	126.00
0.355200	126.00
0.355220	125.00
0.355240	124.00
0.355260	124.00
0.355280	123.00
0.355300	123.00
0.355320	123.00
0.355340	123.00
0.355360	123.00
0.355380	123.00
0.355400	124.00
0.355420	125.00
0.355440	125.00
0.355460	126.00
0.355480	127.00
0.355500	127.00
0.355520	128.00
0.355540	128.00
0.355560	127.00
0.355580	127.00
0.355600	127.00
0.355620	126.00
0.355640	125.00
0.355660	124.00
0.355680	124.00
0.355700	123.00
0.355720	123.00
0.355740	123.00
0.355760	122.00
0.355780	122.00
0.355800	122.00
0.355820	123.00
0.355840	124.00
0.355860	124.00
0.355880	124.00
0.355900	125.00
0.355920	126.00
0.355940	126.00
0.355960	126.00
0.355980	126.00
0.356000	125.00
0.356020	125.00
0.356040	125.00
0.356060	125.00
0.356080	125.00
0.356100	125.00
0.356120	124.00
0.356140	124.00
0.356160	124.00
0.356180	124.00
0.356200	124.00
0.356220	124.00
0.356240	124.00
0.356260	124.00
0.356280	124.00
0.356300	124.00
0.356320	125.00
0.356340	125.00
0.356360	125.00
0.356380	125.00
0.356400	125.00
0.356420	126.00
0.356440	126.00
0.356460	126.00
0.356480	126.00
0.356500	125.00
0.356520	125.00
0.356540	125.00
0.356560	125.00
0.356580	125.00
0.356600	124.00
0.356620	124.00
0.356640	124.00
0.356660	124.00
0.356680	124.00
0.356700	124.00
0.356720	124.00
0.356740	125.00
0.356760	126.00
0.356780	126.00
0.356800	126.00
0.356820	126.00
0.356840	127.00
0.356860	127.00
0.356880	127.00
0.356900	127.00
0.356920	126.00
0.356940	125.00
0.356960	125.00
0.356980	125.00
0.357000	124.00
0.357020	123.00
0.357040	123.00
0.357060	122.00
0.357080	122.00
0.357100	122.00
0.357120	122.00
0.357140	123.00
0.357160	123.00
0.357180	124.00
0.357200	125.00
0.357220	126.00
0.357240	127.00
0.357260	128.00
0.357280	129.00
0.357300	130.00
0.357320	131.00
0.357340	131.00
0.357360	130.00
0.357380	128.00
0.357400	126.00
0.357420	124.00
0.357440	122.00
0.357460	121.00
0.357480	119.00
0.357500	118.00
0.357520	118.00
0.357540	118.00
0.357560	119.00
0.357580	121.00
0.357600	123.00
0.357620	125.00
0.357640	127.00
0.357660	130.00
0.357680	132.00
0.357700	133.00
0.357720	134.00
0.357740	134.00
0.357760	133.00
0.357780	132.00
0.357800	129.00
0.357820	127.00
0.357840	124.00
0.357860	122.00
0.357880	120.00
0.357900	118.00
0.357920	116.00
0.357940	115.00
0.357960	115.00
0.357980	116.00
0.358000	118.00
0.358020	120.00
0.358040	123.00
0.358060	125.00
0.358080	128.00
0.358100	130.00
0.358120	131.00
0.358140	132.00
0.358160	133.00
0.358180	133.00
0.358200	132.00
0.358220	131.00
0.358240	129.00
0.358260	127.00
0.358280	125.00
0.358300	123.00
0.358320	122.00
0.358340	120.00
0.358360	119.00
0.358380	118.00
0.358400	118.00
0.358420	119.00
0.358440	120.00
0.358460	121.00
0.358480	122.00
0.358500	124.00
0.358520	126.00
0.358540	128.00
0.358560	129.00
0.358580	130.00
0.358600	131.00
0.358620	131.00
0.358640	130.00
0.358660	129.00
0.358680	128.00
0.358700	126.00
0.358720	125.00
0.358740	123.00
0.358760	122.00
0.358780	121.00
0.358800	121.00
0.358820	120.00
0.358840	121.00
0.358860	121.00
0.358880	122.00
0.358900	122.00
0.358920	123.00
0.358940	124.00
0.358960	125.00
0.358980	127.00
0.359000	129.00
0.359020	129.00
0.359040	129.00
0.359060	129.00
0.359080	128.00
0.359100	128.00
0.359120	127.00
0.359140	126.00
0.359160	125.00
0.359180	124.00
0.359200	123.00
0.359220	123.00
0.359240	122.00
0.359260	122.00
0.359280	122.00
0.359300	123.00
0.359320	123.00
0.359340	124.00
0.359360	125.00
0.359380	125.00
0.359400	126.00
0.359420	126.00
0.359440	126.00
0.359460	126.00
0.359480	126.00
0.359500	126.00
0.359520	126.00
0.359540	125.00
0.359560	125.00
0.359580	125.00
0.359600	124.00
0.359620	124.00
0.359640	124.00
0.359660	124.00
0.359680	124.00
0.359700	124.00
0.359720	124.00
0.359740	124.00
0.359760	124.00
0.359780	124.00
0.359800	124.00
0.359820	125.00
0.359840	125.00
0.359860	125.00
0.359880	126.00
0.359900	126.00
0.359920	126.00
0.359940	125.00
0.359960	125.00
0.359980	126.00
