0.320000	101.00
0.320020	49.00
0.320040	101.00
0.320060	141.00
0.320080	144.00
0.320100	125.00
0.320120	112.00
0.320140	118.00
0.320160	130.00
0.320180	132.00
0.320200	124.00
0.320220	118.00
0.320240	121.00
0.320260	129.00
0.320280	130.00
0.320300	124.00
0.320320	119.00
0.320340	122.00
0.320360	128.00
0.320380	129.00
0.320400	125.00
0.320420	121.00
0.320440	122.00
0.320460	126.00
0.320480	127.00
0.320500	124.00
0.320520	122.00
0.320540	123.00
0.320560	126.00
0.320580	127.00
0.320600	124.00
0.320620	122.00
0.320640	123.00
0.320660	126.00
0.320680	127.00
0.320700	125.00
0.320720	123.00
0.320740	124.00
0.320760	127.00
0.320780	127.00
0.320800	125.00
0.320820	123.00
0.320840	124.00
0.320860	126.00
0.320880	126.00
0.320900	124.00
0.320920	123.00
0.320940	124.00
0.320960	126.00
0.320980	127.00
0.321000	125.00
0.321020	124.00
0.321040	124.00
0.321060	126.00
0.321080	126.00
0.321100	125.00
0.321120	123.00
0.321140	123.00
0.321160	125.00
0.321180	126.00
0.321200	125.00
0.321220	124.00
0.321240	124.00
0.321260	126.00
0.321280	127.00
0.321300	125.00
0.321320	124.00
0.321340	125.00
0.321360	126.00
0.321380	126.00
0.321400	125.00
0.321420	123.00
0.321440	123.00
0.321460	125.00
0.321480	125.00
0.321500	124.00
0.321520	123.00
0.321540	124.00
0.321560	125.00
0.321580	125.00
0.321600	124.00
0.321620	123.00
0.321640	123.00
0.321660	125.00
0.321680	125.00
0.321700	125.00
0.321720	124.00
0.321740	124.00
0.321760	126.00
0.321780	126.00
0.321800	125.00
0.321820	124.00
0.321840	125.00
0.321860	126.00
0.321880	126.00
0.321900	125.00
0.321920	123.00
0.321940	124.00
0.321960	125.00
0.321980	125.00
0.322000	125.00
0.322020	124.00
0.322040	124.00
0.322060	125.00
0.322080	125.00
0.322100	124.00
0.322120	123.00
0.322140	124.00
0.322160	125.00
0.322180	126.00
0.322200	125.00
0.322220	125.00
0.322240	125.00
0.322260	126.00
0.322280	126.00
0.322300	125.00
0.322320	124.00
0.322340	124.00
0.322360	125.00
0.322380	126.00
0.322400	125.00
0.322420	125.00
0.322440	125.00
0.322460	126.00
0.322480	126.00
0.322500	125.00
0.322520	125.00
0.322540	124.00
0.322560	125.00
0.322580	125.00
0.322600	125.00
0.322620	125.00
0.322640	125.00
0.322660	125.00
0.322680	125.00
0.322700	124.00
0.322720	124.00
0.322740	124.00
0.322760	125.00
0.322780	125.00
0.322800	124.00
0.322820	124.00
0.322840	124.00
0.322860	125.00
0.322880	126.00
0.322900	125.00
0.322920	124.00
0.322940	123.00
0.322960	124.00
0.322980	125.00
0.323000	124.00
0.323020	124.00
0.323040	125.00
0.323060	126.00
0.323080	126.00
0.323100	125.00
0.323120	124.00
0.323140	124.00
0.323160	124.00
0.323180	125.00
0.323200	125.00
0.323220	125.00
0.323240	125.00
0.323260	126.00
0.323280	126.00
0.323300	125.00
0.323320	124.00
0.323340	124.00
0.323360	125.00
0.323380	126.00
0.323400	126.00
0.323420	125.00
0.323440	125.00
0.323460	125.00
0.323480	125.00
0.323500	125.00
0.323520	124.00
0.323540	124.00
0.323560	125.00
0.323580	125.00
0.323600	125.00
0.323620	125.00
0.323640	125.00
0.323660	126.00
0.323680	126.00
0.323700	125.00
0.323720	124.00
0.323740	124.00
0.323760	124.00
0.323780	125.00
0.323800	124.00
0.323820	124.00
0.323840	124.00
0.323860	124.00
0.323880	125.00
0.323900	124.00
0.323920	124.00
0.323940	124.00
0.323960	124.00
0.323980	125.00
0.324000	125.00
0.324020	125.00
0.324040	125.00
0.324060	125.00
0.324080	124.00
0.324100	124.00
0.324120	124.00
0.324140	124.00
0.324160	124.00
0.324180	124.00
0.324200	124.00
0.324220	124.00
0.324240	124.00
0.324260	124.00
0.324280	124.00
0.324300	124.00
0.324320	124.00
0.324340	124.00
0.324360	125.00
0.324380	125.00
0.324400	125.00
0.324420	124.00
0.324440	124.00
0.324460	124.00
0.324480	125.00
0.324500	125.00
0.324520	125.00
0.324540	125.00
0.324560	125.00
0.324580	125.00
0.324600	125.00
0.324620	125.00
0.324640	125.00
0.324660	125.00
0.324680	125.00
0.324700	124.00
0.324720	124.00
0.324740	124.00
0.324760	125.00
0.324780	125.00
0.324800	125.00
0.324820	124.00
0.324840	124.00
0.324860	125.00
0.324880	125.00
0.324900	125.00
0.324920	125.00
0.324940	125.00
0.324960	125.00
0.324980	125.00
0.325000	125.00
0.325020	125.00
0.325040	125.00
0.325060	125.00
0.325080	125.00
0.325100	125.00
0.325120	125.00
0.325140	125.00
0.325160	125.00
0.325180	124.00
0.325200	124.00
0.325220	125.00
0.325240	125.00
0.325260	124.00
0.325280	123.00
0.325300	122.00
0.325320	121.00
0.325340	121.00
0.325360	121.00
0.325380	121.00
0.325400	122.00
0.325420	123.00
0.325440	125.00
0.325460	127.00
0.325480	131.00
0.325500	135.00
0.325520	139.00
0.325540	143.00
0.325560	145.00
0.325580	146.00
0.325600	144.00
0.325620	138.00
0.325640	130.00
0.325660	120.00
0.325680	109.00
0.325700	99.00
0.325720	91.00
0.325740	84.00
0.325760	80.00
0.325780	79.00
0.325800	82.00
0.325820	89.00
0.325840	101.00
0.325860	118.00
0.325880	137.00
0.325900	155.00
0.325920	171.00
0.325940	183.00
0.325960	190.00
0.325980	194.00
0.326000	194.00
0.326020	189.00
0.326040	178.00
0.326060	160.00
0.326080	136.00
0.326100	107.00
0.326120	77.00
0.326140	49.00
0.326160	25.00
0.326180	9.00
0.326200	3.00
0.326220	7.00
0.326240	22.00
0.326260	48.00
0.326280	84.00
0.326300	129.00
0.326320	176.00
0.326340	216.00
0.326360	243.00
0.326380	255.00
0.326400	255.00
0.326420	253.00
0.326440	243.00
0.326460	222.00
0.326480	184.00
0.326500	130.00
0.326520	70.00
0.326540	22.00
0.326560	0.00
0.326580	0.00
0.326600	4.00
0.326620	7.00
0.326640	0.00
0.326660	0.00
0.326680	6.00
0.326700	49.00
0.326720	114.00
0.326740	182.00
0.326760	231.00
0.326780	255.00
0.326800	255.00
0.326820	255.00
0.326840	255.00
0.326860	254.00
0.326880	244.00
0.326900	217.00
0.326920	170.00
0.326940	112.00
0.326960	54.00
0.326980	14.00
0.327000	0.00
0.327020	0.00
0.327040	4.00
0.327060	4.00
0.327080	0.00
0.327100	0.00
0.327120	22.00
0.327140	67.00
0.327160	123.00
0.327180	175.00
0.327200	212.00
0.327220	233.00
0.327240	244.00
0.327260	246.00
0.327280	242.00
0.327300	230.00
0.327320	211.00
0.327340	184.00
0.327360	152.00
0.327380	117.00
0.327400	83.00
0.327420	53.00
0.327440	31.00
0.327460	19.00
0.327480	17.00
0.327500	22.00
0.327520	36.00
0.327540	57.00
0.327560	82.00
0.327580	109.00
0.327600	134.00
0.327620	157.00
0.327640	175.00
0.327660	188.00
0.327680	194.00
0.327700	194.00
0.327720	187.00
0.327740	177.00
0.327760	164.00
0.327780	148.00
0.327800	131.00
0.327820	114.00
0.327840	100.00
0.327860	90.00
0.327880	83.00
0.327900	79.00
0.327920	80.00
0.327940	84.00
0.327960	92.00
0.327980	103.00
0.328000	113.00
0.328020	123.00
0.328040	133.00
0.328060	142.00
0.328080	148.00
0.328100	152.00
0.328120	154.00
0.328140	152.00
0.328160	149.00
0.328180	145.00
0.328200	138.00
0.328220	132.00
0.328240	125.00
0.328260	120.00
0.328280	114.00
0.328300	110.00
0.328320	107.00
0.328340	107.00
0.328360	108.00
0.328380	111.00
0.328400	113.00
0.328420	117.00
0.328440	121.00
0.328460	126.00
0.328480	130.00
0.328500	133.00
0.328520	135.00
0.328540	136.00
0.328560	136.00
0.328580	136.00
0.328600	134.00
0.328620	131.00
0.328640	129.00
0.328660	127.00
0.328680	125.00
0.328700	122.00
0.328720	120.00
0.328740	119.00
0.328760	118.00
0.328780	118.00
0.328800	118.00
0.328820	119.00
0.328840	120.00
0.328860	122.00
0.328880	125.00
0.328900	126.00
0.328920	127.00
0.328940	128.00
0.328960	129.00
0.328980	130.00
0.329000	129.00
0.329020	129.00
0.329040	128.00
0.329060	128.00
0.329080	126.00
0.329100	125.00
0.329120	123.00
0.329140	122.00
0.329160	122.00
0.329180	122.00
0.329200	122.00
0.329220	122.00
0.329240	122.00
0.329260	123.00
0.329280	124.00
0.329300	124.00
0.329320	125.00
0.329340	125.00
0.329360	126.00
0.329380	127.00
0.329400	127.00
0.329420	127.00
0.329440	127.00
0.329460	127.00
0.329480	126.00
0.329500	126.00
0.329520	125.00
0.329540	125.00
0.329560	125.00
0.329580	124.00
0.329600	124.00
0.329620	124.00
0.329640	124.00
0.329660	124.00
0.329680	125.00
0.329700	124.00
0.329720	124.00
0.329740	125.00
0.329760	125.00
0.329780	126.00
0.329800	126.00
0.329820	125.00
0.329840	126.00
0.329860	126.00
0.329880	126.00
0.329900	126.00
0.329920	125.00
0.329940	125.00
0.329960	125.00
0.329980	125.00
0.330000	124.00
0.330020	124.00
0.330040	124.00
0.330060	124.00
0.330080	125.00
0.330100	125.00
0.330120	125.00
0.330140	125.00
0.330160	125.00
0.330180	125.00
0.330200	125.00
0.330220	125.00
0.330240	126.00
0.330260	127.00
0.330280	126.00
0.330300	126.00
0.330320	125.00
0.330340	125.00
0.330360	125.00
0.330380	126.00
0.330400	125.00
0.330420	125.00
0.330440	125.00
0.330460	125.00
0.330480	125.00
0.330500	125.00
0.330520	125.00
0.330540	125.00
0.330560	125.00
0.330580	126.00
0.330600	125.00
0.330620	125.00
0.330640	125.00
0.330660	125.00
0.330680	126.00
0.330700	125.00
0.330720	125.00
0.330740	125.00
0.330760	125.00
0.330780	126.00
0.330800	126.00
0.330820	125.00
0.330840	125.00
0.330860	125.00
0.330880	125.00
0.330900	125.00
0.330920	125.00
0.330940	125.00
0.330960	125.00
0.330980	125.00
0.331000	125.00
0.331020	125.00
0.331040	125.00
0.331060	125.00
0.331080	125.00
0.331100	125.00
0.331120	125.00
0.331140	125.00
0.331160	125.00
0.331180	125.00
0.331200	125.00
0.331220	125.00
0.331240	125.00
0.331260	126.00
0.331280	126.00
0.331300	125.00
0.331320	125.00
0.331340	125.00
0.331360	125.00
0.331380	125.00
0.331400	125.00
0.331420	125.00
0.331440	125.00
0.331460	125.00
0.331480	125.00
0.331500	125.00
0.331520	125.00
0.331540	125.00
0.331560	126.00
0.331580	126.00
0.331600	126.00
0.331620	125.00
0.331640	125.00
0.331660	124.00
0.331680	124.00
0.331700	122.00
0.331720	121.00
0.331740	120.00
0.331760	120.00
0.331780	120.00
0.331800	121.00
0.331820	122.00
0.331840	124.00
0.331860	126.00
0.331880	128.00
0.331900	131.00
0.331920	133.00
0.331940	135.00
0.331960	136.00
0.331980	136.00
0.332000	136.00
0.332020	134.00
0.332040	131.00
0.332060	128.00
0.332080	123.00
0.332100	119.00
0.332120	115.00
0.332140	112.00
0.332160	110.00
0.332180	109.00
0.332200	108.00
0.332220	109.00
0.332240	111.00
0.332260	116.00
0.332280	121.00
0.332300	127.00
0.332320	134.00
0.332340	141.00
0.332360	148.00
0.332380	153.00
0.332400	155.00
0.332420	154.00
0.332440	151.00
0.332460	145.00
0.332480	136.00
0.332500	125.00
0.332520	113.00
0.332540	102.00
0.332560	91.00
0.332580	84.00
0.332600	79.00
0.332620	79.00
0.332640	83.00
0.332660	91.00
0.332680	103.00
0.332700	117.00
0.332720	132.00
0.332740	148.00
0.332760	162.00
0.332780	173.00
0.332800	180.00
0.332820	181.00
0.332840	178.00
0.332860	171.00
0.332880	159.00
0.332900	145.00
0.332920	128.00
0.332940	111.00
0.332960	95.00
0.332980	82.00
0.333000	72.00
0.333020	67.00
0.333040	66.00
0.333060	71.00
0.333080	80.00
0.333100	92.00
0.333120	107.00
0.333140	122.00
0.333160	138.00
0.333180	153.00
0.333200	164.00
0.333220	171.00
0.333240	174.00
0.333260	174.00
0.333280	169.00
0.333300	161.00
0.333320	150.00
0.333340	138.00
0.333360	126.00
0.333380	114.00
0.333400	103.00
0.333420	94.00
0.333440	89.00
0.333460	87.00
0.333480	88.00
0.333500	92.00
0.333520	98.00
0.333540	105.00
0.333560	114.00
0.333580	124.00
0.333600	132.00
0.333620	139.00
0.333640	144.00
0.333660	148.00
0.333680	150.00
0.333700	149.00
0.333720	146.00
0.333740	142.00
0.333760	137.00
0.333780	132.00
0.333800	126.00
0.333820	121.00
0.333840	116.00
0.333860	113.00
0.333880	111.00
0.333900	110.00
0.333920	110.00
0.333940	112.00
0.333960	114.00
0.333980	118.00
0.334000	121.00
0.334020	124.00
0.334040	126.00
0.334060	129.00
0.334080	131.00
0.334100	133.00
0.334120	134.00
0.334140	133.00
0.334160	132.00
0.334180	131.00
0.334200	129.00
0.334220	127.00
0.334240	125.00
0.334260	124.00
0.334280	122.00
0.334300	121.00
0.334320	120.00
0.334340	120.00
0.334360	120.00
0.334380	120.00
0.334400	121.00
0.334420	122.00
0.334440	123.00
0.334460	124.00
0.334480	125.00
0.334500	126.00
0.334520	127.00
0.334540	128.00
0.334560	128.00
0.334580	128.00
0.334600	127.00
0.334620	126.00
0.334640	126.00
0.334660	125.00
0.334680	125.00
0.334700	124.00
0.334720	124.00
0.334740	124.00
0.334760	124.00
0.334780	123.00
0.334800	123.00
0.334820	123.00
0.334840	124.00
0.334860	124.00
0.334880	125.00
0.334900	125.00
0.334920	125.00
0.334940	126.00
0.334960	126.00
0.334980	126.00
0.335000	126.00
0.335020	126.00
0.335040	126.00
0.335060	126.00
0.335080	126.00
0.335100	126.00
0.335120	126.00
0.335140	126.00
0.335160	125.00
0.335180	125.00
0.335200	124.00
0.335220	124.00
0.335240	124.00
0.335260	125.00
0.335280	125.00
0.335300	125.00
0.335320	124.00
0.335340	124.00
0.335360	124.00
0.335380	125.00
0.335400	125.00
0.335420	126.00
0.335440	126.00
0.335460	125.00
0.335480	125.00
0.335500	125.00
0.335520	125.00
0.335540	125.00
0.335560	125.00
0.335580	125.00
0.335600	125.00
0.335620	125.00
0.335640	125.00
0.335660	125.00
0.335680	125.00
0.335700	125.00
0.335720	125.00
0.335740	125.00
0.335760	125.00
0.335780	125.00
0.335800	124.00
0.335820	124.00
0.335840	124.00
0.335860	124.00
0.335880	125.00
0.335900	125.00
0.335920	125.00
0.335940	126.00
0.335960	126.00
0.335980	126.00
0.336000	126.00
0.336020	126.00
0.336040	126.00
0.336060	126.00
0.336080	126.00
0.336100	125.00
0.336120	124.00
0.336140	124.00
0.336160	124.00
0.336180	125.00
0.336200	125.00
0.336220	125.00
0.336240	125.00
0.336260	124.00
0.336280	124.00
0.336300	124.00
0.336320	124.00
0.336340	125.00
0.336360	125.00
0.336380	125.00
0.336400	126.00
0.336420	126.00
0.336440	126.00
0.336460	126.00
0.336480	126.00
0.336500	125.00
0.336520	125.00
0.336540	125.00
0.336560	125.00
0.336580	125.00
0.336600	125.00
0.336620	124.00
0.336640	124.00
0.336660	124.00
0.336680	124.00
0.336700	125.00
0.336720	125.00
0.336740	125.00
0.336760	126.00
0.336780	126.00
0.336800	126.00
0.336820	125.00
0.336840	125.00
0.336860	125.00
0.336880	125.00
0.336900	125.00
0.336920	125.00
0.336940	125.00
0.336960	125.00
0.336980	124.00
0.337000	124.00
0.337020	124.00
0.337040	124.00
0.337060	124.00
0.337080	124.00
0.337100	124.00
0.337120	124.00
0.337140	124.00
0.337160	125.00
0.337180	125.00
0.337200	125.00
0.337220	125.00
0.337240	125.00
0.337260	126.00
0.337280	126.00
0.337300	126.00
0.337320	125.00
0.337340	125.00
0.337360	125.00
0.337380	125.00
0.337400	124.00
0.337420	124.00
0.337440	124.00
0.337460	124.00
0.337480	125.00
0.337500	125.00
0.337520	125.00
0.337540	125.00
0.337560	125.00
0.337580	125.00
0.337600	125.00
0.337620	125.00
0.337640	125.00
0.337660	125.00
0.337680	125.00
0.337700	125.00
0.337720	125.00
0.337740	125.00
0.337760	126.00
0.337780	126.00
0.337800	126.00
0.337820	126.00
0.337840	125.00
0.337860	125.00
0.337880	124.00
0.337900	124.00
0.337920	123.00
0.337940	122.00
0.337960	122.00
0.337980	122.00
0.338000	121.00
0.338020	122.00
0.338040	123.00
0.338060	125.00
0.338080	127.00
0.338100	128.00
0.338120	129.00
0.338140	130.00
0.338160	131.00
0.338180	131.00
0.338200	131.00
0.338220	130.00
0.338240	129.00
0.338260	127.00
0.338280	125.00
0.338300	122.00
0.338320	120.00
0.338340	118.00
0.338360	116.00
0.338380	115.00
0.338400	114.00
0.338420	114.00
0.338440	115.00
0.338460	118.00
0.338480	121.00
0.338500	126.00
0.338520	130.00
0.338540	134.00
0.338560	139.00
0.338580	142.00
0.338600	144.00
0.338620	144.00
0.338640	142.00
0.338660	139.00
0.338680	133.00
0.338700	127.00
0.338720	119.00
0.338740	112.00
0.338760	105.00
0.338780	100.00
0.338800	96.00
0.338820	95.00
0.338840	97.00
0.338860	102.00
0.338880	109.00
0.338900	118.00
0.338920	128.00
0.338940	138.00
0.338960	148.00
0.338980	155.00
0.339000	160.00
0.339020	162.00
0.339040	161.00
0.339060	157.00
0.339080	150.00
0.339100	141.00
0.339120	129.00
0.339140	117.00
0.339160	106.00
0.339180	97.00
0.339200	90.00
0.339220	85.00
0.339240	85.00
0.339260	87.00
0.339280	93.00
0.339300	101.00
0.339320	111.00
0.339340	123.00
0.339360	135.00
0.339380	146.00
0.339400	155.00
0.339420	160.00
0.339440	162.00
0.339460	162.00
0.339480	158.00
0.339500	152.00
0.339520	143.00
0.339540	133.00
0.339560	123.00
0.339580	113.00
0.339600	105.00
0.339620	98.00
0.339640	94.00
0.339660	93.00
0.339680	94.00
0.339700	98.00
0.339720	104.00
0.339740	112.00
0.339760	120.00
0.339780	128.00
0.339800	136.00
0.339820	142.00
0.339840	147.00
0.339860	149.00
0.339880	149.00
0.339900	147.00
0.339920	143.00
0.339940	139.00
0.339960	133.00
0.339980	127.00
0.340000	121.00
0.340020	116.00
0.340040	112.00
0.340060	109.00
0.340080	108.00
0.340100	108.00
0.340120	109.00
0.340140	112.00
0.340160	116.00
0.340180	121.00
0.340200	125.00
0.340220	129.00
0.340240	133.00
0.340260	135.00
0.340280	137.00
0.340300	137.00
0.340320	136.00
0.340340	135.00
0.340360	133.00
0.340380	130.00
0.340400	127.00
0.340420	124.00
0.340440	122.00
0.340460	120.00
0.340480	119.00
0.340500	117.00
0.340520	117.00
0.340540	117.00
0.340560	118.00
0.340580	120.00
0.340600	122.00
0.340620	123.00
0.340640	125.00
0.340660	127.00
0.340680	128.00
0.340700	129.00
0.340720	129.00
0.340740	130.00
0.340760	129.00
0.340780	129.00
0.340800	128.00
0.340820	126.00
0.340840	125.00
0.340860	124.00
0.340880	124.00
0.340900	123.00
0.340920	122.00
0.340940	122.00
0.340960	122.00
0.340980	122.00
0.341000	123.00
0.341020	123.00
0.341040	123.00
0.341060	124.00
0.341080	125.00
0.341100	125.00
0.341120	126.00
0.341140	126.00
0.341160	126.00
0.341180	126.00
0.341200	126.00
0.341220	126.00
0.341240	126.00
0.341260	126.00
0.341280	125.00
0.341300	125.00
0.341320	124.00
0.341340	124.00
0.341360	124.00
0.341380	124.00
0.341400	124.00
0.341420	124.00
0.341440	124.00
0.341460	124.00
0.341480	124.00
0.341500	125.00
0.341520	125.00
0.341540	125.00
0.341560	125.00
0.341580	125.00
0.341600	125.00
0.341620	125.00
0.341640	125.00
0.341660	125.00
0.341680	125.00
0.341700	125.00
0.341720	125.00
0.341740	125.00
0.341760	125.00
0.341780	125.00
0.341800	125.00
0.341820	125.00
0.341840	124.00
0.341860	124.00
0.341880	125.00
0.341900	125.00
0.341920	125.00
0.341940	125.00
0.341960	125.00
0.341980	124.00
0.342000	124.00
0.342020	124.00
0.342040	125.00
0.342060	125.00
0.342080	125.00
0.342100	125.00
0.342120	125.00
0.342140	126.00
0.342160	126.00
0.342180	126.00
0.342200	126.00
0.342220	126.00
0.342240	126.00
0.342260	126.00
0.342280	126.00
0.342300	126.00
0.342320	125.00
0.342340	125.00
0.342360	125.00
0.342380	125.00
0.342400	125.00
0.342420	124.00
0.342440	124.00
0.342460	124.00
0.342480	124.00
0.342500	124.00
0.342520	124.00
0.342540	124.00
0.342560	125.00
0.342580	125.00
0.342600	125.00
0.342620	125.00
0.342640	125.00
0.342660	125.00
0.342680	125.00
0.342700	125.00
0.342720	125.00
0.342740	125.00
0.342760	126.00
0.342780	126.00
0.342800	125.00
0.342820	125.00
0.342840	125.00
0.342860	125.00
0.342880	125.00
0.342900	125.00
0.342920	124.00
0.342940	124.00
0.342960	124.00
0.342980	124.00
0.343000	125.00
0.343020	125.00
0.343040	124.00
0.343060	124.00
0.343080	125.00
0.343100	125.00
0.343120	125.00
0.343140	126.00
0.343160	126.00
0.343180	126.00
0.343200	126.00
0.343220	126.00
0.343240	125.00
0.343260	125.00
0.343280	125.00
0.343300	125.00
0.343320	125.00
0.343340	124.00
0.343360	124.00
0.343380	124.00
0.343400	125.00
0.343420	125.00
0.343440	125.00
0.343460	125.00
0.343480	125.00
0.343500	124.00
0.343520	124.00
0.343540	124.00
0.343560	124.00
0.343580	125.00
0.343600	125.00
0.343620	125.00
0.343640	125.00
0.343660	125.00
0.343680	125.00
0.343700	125.00
0.343720	125.00
0.343740	125.00
0.343760	125.00
0.343780	125.00
0.343800	125.00
0.343820	125.00
0.343840	124.00
0.343860	124.00
0.343880	125.00
0.343900	125.00
0.343920	125.00
0.343940	125.00
0.343960	125.00
0.343980	126.00
0.344000	126.00
0.344020	126.00
0.344040	126.00
0.344060	126.00
0.344080	125.00
0.344100	125.00
0.344120	124.00
0.344140	123.00
0.344160	123.00
0.344180	123.00
0.344200	124.00
0.344220	124.00
0.344240	124.00
0.344260	125.00
0.344280	126.00
0.344300	126.00
0.344320	127.00
0.344340	128.00
0.344360	128.00
0.344380	129.00
0.344400	129.00
0.344420	128.00
0.344440	127.00
0.344460	126.00
0.344480	125.00
0.344500	124.00
0.344520	122.00
0.344540	120.00
0.344560	119.00
0.344580	118.00
0.344600	118.00
0.344620	118.00
0.344640	119.00
0.344660	120.00
0.344680	122.00
0.344700	125.00
0.344720	128.00
0.344740	131.00
0.344760	133.00
0.344780	135.00
0.344800	136.00
0.344820	136.00
0.344840	135.00
0.344860	133.00
0.344880	130.00
0.344900	126.00
0.344920	122.00
0.344940	118.00
0.344960	113.00
0.344980	110.00
0.345000	108.00
0.345020	107.00
0.345040	108.00
0.345060	111.00
0.345080	115.00
0.345100	120.00
0.345120	126.00
0.345140	133.00
0.345160	139.00
0.345180	144.00
0.345200	147.00
0.345220	148.00
0.345240	147.00
0.345260	144.00
0.345280	139.00
0.345300	133.00
0.345320	125.00
0.345340	118.00
0.345360	112.00
0.345380	106.00
0.345400	103.00
0.345420	101.00
0.345440	102.00
0.345460	105.00
0.345480	110.00
0.345500	116.00
0.345520	122.00
0.345540	129.00
0.345560	135.00
0.345580	140.00
0.345600	143.00
0.345620	145.00
0.345640	144.00
0.345660	142.00
0.345680	139.00
0.345700	134.00
0.345720	129.00
0.345740	124.00
0.345760	119.00
0.345780	115.00
0.345800	112.00
0.345820	110.00
0.345840	110.00
0.345860	112.00
0.345880	114.00
0.345900	117.00
0.345920	121.00
0.345940	125.00
0.345960	129.00
0.345980	132.00
0.346000	134.00
0.346020	135.00
0.346040	135.00
0.346060	134.00
0.346080	132.00
0.346100	130.00
0.346120	128.00
0.346140	125.00
0.346160	123.00
0.346180	121.00
0.346200	119.00
0.346220	118.00
0.346240	118.00
0.346260	118.00
0.346280	120.00
0.346300	121.00
0.346320	123.00
0.346340	125.00
0.346360	126.00
0.346380	127.00
0.346400	128.00
0.346420	129.00
0.346440	130.00
0.346460	130.00
0.346480	129.00
0.346500	128.00
0.346520	127.00
0.346540	126.00
0.346560	125.00
0.346580	124.00
0.346600	123.00
0.346620	122.00
0.346640	122.00
0.346660	122.00
0.346680	123.00
0.346700	123.00
0.346720	124.00
0.346740	125.00
0.346760	125.00
0.346780	126.00
0.346800	126.00
0.346820	126.00
0.346840	126.00
0.346860	127.00
0.346880	127.00
0.346900	126.00
0.346920	126.00
0.346940	126.00
0.346960	126.00
0.346980	126.00
0.347000	125.00
0.347020	124.00
0.347040	123.00
0.347060	123.00
0.347080	123.00
0.347100	123.00
0.347120	123.00
0.347140	124.00
0.347160	124.00
0.347180	125.00
0.347200	125.00
0.347220	125.00
0.347240	125.00
0.347260	126.00
0.347280	126.00
0.347300	126.00
0.347320	126.00
0.347340	126.00
0.347360	125.00
0.347380	125.00
0.347400	125.00
0.347420	124.00
0.347440	124.00
0.347460	124.00
0.347480	124.00
0.347500	124.00
0.347520	124.00
0.347540	124.00
0.347560	124.00
0.347580	124.00
0.347600	124.00
0.347620	124.00
0.347640	125.00
0.347660	125.00
0.347680	126.00
0.347700	125.00
0.347720	125.00
0.347740	124.00
0.347760	125.00
0.347780	125.00
0.347800	125.00
0.347820	125.00
0.347840	125.00
0.347860	125.00
0.347880	125.00
0.347900	125.00
0.347920	125.00
0.347940	125.00
0.347960	125.00
0.347980	125.00
0.348000	125.00
0.348020	125.00
0.348040	125.00
0.348060	124.00
0.348080	125.00
0.348100	125.00
0.348120	125.00
0.348140	124.00
0.348160	124.00
0.348180	124.00
0.348200	124.00
0.348220	124.00
0.348240	124.00
0.348260	124.00
0.348280	124.00
0.348300	124.00
0.348320	124.00
0.348340	124.00
0.348360	124.00
0.348380	125.00
0.348400	126.00
0.348420	126.00
0.348440	126.00
0.348460	126.00
0.348480	126.00
0.348500	126.00
0.348520	126.00
0.348540	126.00
0.348560	125.00
0.348580	124.00
0.348600	124.00
0.348620	124.00
0.348640	123.00
0.348660	123.00
0.348680	123.00
0.348700	124.00
0.348720	124.00
0.348740	124.00
0.348760	124.00
0.348780	125.00
0.348800	125.00
0.348820	126.00
0.348840	127.00
0.348860	127.00
0.348880	127.00
0.348900	127.00
0.348920	126.00
0.348940	126.00
0.348960	126.00
0.348980	125.00
0.349000	125.00
0.349020	124.00
0.349040	123.00
0.349060	123.00
0.349080	123.00
0.349100	123.00
0.349120	123.00
0.349140	123.00
0.349160	123.00
0.349180	124.00
0.349200	125.00
0.349220	125.00
0.349240	126.00
0.349260	126.00
0.349280	127.00
0.349300	127.00
0.349320	127.00
0.349340	126.00
0.349360	126.00
0.349380	126.00
0.349400	126.00
0.349420	125.00
0.349440	125.00
0.349460	125.00
0.349480	125.00
0.349500	124.00
0.349520	124.00
0.349540	123.00
0.349560	124.00
0.349580	124.00
0.349600	124.00
0.349620	124.00
0.349640	124.00
0.349660	124.00
0.349680	125.00
0.349700	125.00
0.349720	125.00
0.349740	125.00
0.349760	126.00
0.349780	126.00
0.349800	126.00
0.349820	126.00
0.349840	126.00
0.349860	125.00
0.349880	125.00
0.349900	125.00
0.349920	125.00
0.349940	125.00
0.349960	125.00
0.349980	125.00
0.350000	125.00
0.350020	125.00
0.350040	125.00
0.350060	125.00
0.350080	125.00
0.350100	124.00
0.350120	124.00
0.350140	124.00
0.350160	124.00
0.350180	124.00
0.350200	125.00
0.350220	125.00
0.350240	125.00
0.350260	125.00
0.350280	125.00
0.350300	124.00
0.350320	124.00
0.350340	124.00
0.350360	124.00
0.350380	124.00
0.350400	124.00
0.350420	124.00
0.350440	124.00
0.350460	125.00
0.350480	125.00
0.350500	126.00
0.350520	127.00
0.350540	127.00
0.350560	127.00
0.350580	127.00
0.350600	127.00
0.350620	127.00
0.350640	127.00
0.350660	126.00
0.350680	125.00
0.350700	124.00
0.350720	123.00
0.350740	122.00
0.350760	122.00
0.350780	121.00
0.350800	121.00
0.350820	121.00
0.350840	122.00
0.350860	122.00
0.350880	123.00
0.350900	124.00
0.350920	126.00
0.350940	127.00
0.350960	128.00
0.350980	130.00
0.351000	131.00
0.351020	132.00
0.351040	132.00
0.351060	131.00
0.351080	129.00
0.351100	127.00
0.351120	125.00
0.351140	122.00
0.351160	119.00
0.351180	117.00
0.351200	116.00
0.351220	115.00
0.351240	115.00
0.351260	116.00
0.351280	117.00
0.351300	120.00
0.351320	124.00
0.351340	128.00
0.351360	132.00
0.351380	135.00
0.351400	136.00
0.351420	137.00
0.351440	137.00
0.351460	136.00
0.351480	134.00
0.351500	131.00
0.351520	127.00
0.351540	124.00
0.351560	121.00
0.351580	117.00
0.351600	115.00
0.351620	113.00
0.351640	113.00
0.351660	114.00
0.351680	115.00
0.351700	117.00
0.351720	119.00
0.351740	122.00
0.351760	125.00
0.351780	127.00
0.351800	129.00
0.351820	131.00
0.351840	132.00
0.351860	133.00
0.351880	133.00
0.351900	132.00
0.351920	130.00
0.351940	128.00
0.351960	127.00
0.351980	126.00
0.352000	124.00
0.352020	123.00
0.352040	122.00
0.352060	121.00
0.352080	120.00
0.352100	120.00
0.352120	121.00
0.352140	121.00
0.352160	122.00
0.352180	123.00
0.352200	123.00
0.352220	124.00
0.352240	126.00
0.352260	127.00
0.352280	128.00
0.352300	128.00
0.352320	128.00
0.352340	127.00
0.352360	127.00
0.352380	127.00
0.352400	127.00
0.352420	126.00
0.352440	125.00
0.352460	124.00
0.352480	124.00
0.352500	124.00
0.352520	123.00
0.352540	123.00
0.352560	122.00
0.352580	122.00
0.352600	123.00
0.352620	123.00
0.352640	124.00
0.352660	125.00
0.352680	125.00
0.352700	126.00
0.352720	126.00
0.352740	126.00
0.352760	126.00
0.352780	126.00
0.352800	126.00
0.352820	126.00
0.352840	126.00
0.352860	126.00
0.352880	126.00
0.352900	126.00
0.352920	126.00
0.352940	126.00
0.352960	125.00
0.352980	124.00
0.353000	124.00
0.353020	124.00
0.353040	124.00
0.353060	124.00
0.353080	124.00
0.353100	124.00
0.353120	125.00
0.353140	125.00
0.353160	125.00
0.353180	125.00
0.353200	125.00
0.353220	125.00
0.353240	125.00
0.353260	125.00
0.353280	125.00
0.353300	125.00
0.353320	125.00
0.353340	125.00
0.353360	125.00
0.353380	124.00
0.353400	124.00
0.353420	124.00
0.353440	125.00
0.353460	125.00
0.353480	125.00
0.353500	124.00
0.353520	124.00
0.353540	124.00
0.353560	125.00
0.353580	125.00
0.353600	125.00
0.353620	125.00
0.353640	125.00
0.353660	125.00
0.353680	125.00
0.353700	125.00
0.353720	124.00
0.353740	124.00
0.353760	125.00
0.353780	125.00
0.353800	125.00
0.353820	125.00
0.353840	125.00
0.353860	125.00
0.353880	125.00
0.353900	125.00
0.353920	125.00
0.353940	124.00
0.353960	124.00
0.353980	125.00
0.354000	125.00
0.354020	125.00
0.354040	125.00
0.354060	125.00
0.354080	125.00
0.354100	125.00
0.354120	125.00
0.354140	125.00
0.354160	125.00
0.354180	124.00
0.354200	124.00
0.354220	124.00
0.354240	124.00
0.354260	124.00
0.354280	124.00
0.354300	125.00
0.354320	125.00
0.354340	125.00
0.354360	125.00
0.354380	125.00
0.354400	124.00
0.354420	124.00
0.354440	125.00
0.354460	125.00
0.354480	125.00
0.354500	125.00
0.354520	125.00
0.354540	125.00
0.354560	126.00
0.354580	127.00
0.354600	127.00
0.354620	127.00
0.354640	126.00
0.354660	126.00
0.354680	125.00
0.354700	125.00
0.354720	125.00
0.354740	124.00
0.354760	124.00
0.354780	124.00
0.354800	124.00
0.354820	123.00
0.354840	123.00
0.354860	123.00
0.354880	123.00
0.354900	124.00
0.354920	125.00
0.354940	125.00
0.354960	126.00
0.354980	126.00
0.355000	127.00
0.355020	127.00
0.355040	127.00
0.355060	127.00
0.355080	127.00
0.355100	126.00
0.355120	125.00
0.355140	124.00
0.355160	124.00
0.355180	124.00
0.355200	123.00
0.355220	122.00
0.355240	122.00
0.355260	122.00
0.355280	123.00
0.355300	124.00
0.355320	124.00
0.355340	125.00
0.355360	126.00
0.355380	126.00
0.355400	126.00
0.355420	126.00
0.355440	126.00
0.355460	127.00
0.355480	127.00
0.355500	126.00
0.355520	126.00
0.355540	125.00
0.355560	125.00
0.355580	124.00
0.355600	124.00
0.355620	123.00
0.355640	122.00
0.355660	122.00
0.355680	122.00
0.355700	123.00
0.355720	124.00
0.355740	125.00
0.355760	125.00
0.355780	125.00
0.355800	126.00
0.355820	126.00
0.355840	126.00
0.355860	126.00
0.355880	126.00
0.355900	126.00
0.355920	126.00
0.355940	126.00
0.355960	126.00
0.355980	126.00
0.356000	125.00
0.356020	124.00
0.356040	124.00
0.356060	124.00
0.356080	124.00
0.356100	124.00
0.356120	124.00
0.356140	124.00
0.356160	124.00
0.356180	124.00
0.356200	125.00
0.356220	125.00
0.356240	125.00
0.356260	125.00
0.356280	126.00
0.356300	126.00
0.356320	126.00
0.356340	126.00
0.356360	126.00
0.356380	126.00
0.356400	126.00
0.356420	126.00
0.356440	126.00
0.356460	125.00
0.356480	124.00
0.356500	124.00
0.356520	124.00
0.356540	124.00
0.356560	124.00
0.356580	124.00
0.356600	124.00
0.356620	124.00
0.356640	124.00
0.356660	124.00
0.356680	124.00
0.356700	125.00
0.356720	126.00
0.356740	127.00
0.356760	127.00
0.356780	127.00
0.356800	127.00
0.356820	127.00
0.356840	126.00
0.356860	126.00
0.356880	125.00
0.356900	124.00
0.356920	124.00
0.356940	124.00
0.356960	123.00
0.356980	123.00
0.357000	122.00
0.357020	122.00
0.357040	122.00
0.357060	123.00
0.357080	124.00
0.357100	124.00
0.357120	125.00
0.357140	126.00
0.357160	127.00
0.357180	128.00
0.357200	130.00
0.357220	130.00
0.357240	130.00
0.357260	129.00
0.357280	128.00
0.357300	127.00
0.357320	126.00
0.357340	124.00
0.357360	122.00
0.357380	120.00
0.357400	119.00
0.357420	118.00
0.357440	118.00
0.357460	118.00
0.357480	119.00
0.357500	120.00
0.357520	123.00
0.357540	125.00
0.357560	128.00
0.357580	130.00
0.357600	131.00
0.357620	132.00
0.357640	133.00
0.357660	133.00
0.357680	132.00
0.357700	131.00
0.357720	129.00
0.357740	127.00
0.357760	124.00
0.357780	122.00
0.357800	120.00
0.357820	118.00
0.357840	117.00
0.357860	116.00
0.357880	116.00
0.357900	116.00
0.357920	118.00
0.357940	120.00
0.357960	122.00
0.357980	125.00
0.358000	127.00
0.358020	129.00
0.358040	131.00
0.358060	132.00
0.358080	133.00
0.358100	133.00
0.358120	132.00
0.358140	131.00
0.358160	130.00
0.358180	128.00
0.358200	125.00
0.358220	123.00
0.358240	121.00
0.358260	119.00
0.358280	119.00
0.358300	118.00
0.358320	118.00
0.358340	118.00
0.358360	119.00
0.358380	120.00
0.358400	122.00
0.358420	125.00
0.358440	127.00
0.358460	128.00
0.358480	129.00
0.358500	130.00
0.358520	130.00
0.358540	130.00
0.358560	130.00
0.358580	129.00
0.358600	127.00
0.358620	126.00
0.358640	125.00
0.358660	123.00
0.358680	122.00
0.358700	121.00
0.358720	120.00
0.358740	120.00
0.358760	121.00
0.358780	121.00
0.358800	122.00
0.358820	123.00
0.358840	125.00
0.358860	126.00
0.358880	127.00
0.358900	127.00
0.358920	128.00
0.358940	128.00
0.358960	128.00
0.358980	128.00
0.359000	127.00
0.359020	127.00
0.359040	127.00
0.359060	126.00
0.359080	125.00
0.359100	124.00
0.359120	123.00
0.359140	123.00
0.359160	122.00
0.359180	122.00
0.359200	122.00
0.359220	123.00
0.359240	123.00
0.359260	124.00
0.359280	125.00
0.359300	125.00
0.359320	125.00
0.359340	126.00
0.359360	126.00
0.359380	126.00
0.359400	126.00
0.359420	126.00
0.359440	126.00
0.359460	126.00
0.359480	126.00
0.359500	126.00
0.359520	125.00
0.359540	124.00
0.359560	124.00
0.359580	124.00
0.359600	124.00
0.359620	124.00
0.359640	124.00
0.359660	124.00
0.359680	124.00
0.359700	124.00
0.359720	125.00
0.359740	126.00
0.359760	126.00
0.359780	126.00
0.359800	126.00
0.359820	125.00
0.359840	125.00
0.359860	125.00
0.359880	126.00
0.359900	125.00
0.359920	124.00
0.359940	124.00
0.359960	124.00
0.359980	125.00
