0.320000	101.00
0.320020	49.00
0.320040	101.00
0.320060	141.00
0.320080	144.00
0.320100	125.00
0.320120	113.00
0.320140	118.00
0.320160	130.00
0.320180	132.00
0.320200	124.00
0.320220	118.00
0.320240	121.00
0.320260	128.00
0.320280	130.00
0.320300	124.00
0.320320	120.00
0.320340	122.00
0.320360	128.00
0.320380	129.00
0.320400	124.00
0.320420	121.00
0.320440	123.00
0.320460	127.00
0.320480	129.00
0.320500	125.00
0.320520	122.00
0.320540	124.00
0.320560	127.00
0.320580	128.00
0.320600	124.00
0.320620	122.00
0.320640	123.00
0.320660	126.00
0.320680	126.00
0.320700	124.00
0.320720	122.00
0.320740	123.00
0.320760	126.00
0.320780	126.00
0.320800	124.00
0.320820	123.00
0.320840	124.00
0.320860	126.00
0.320880	127.00
0.320900	125.00
0.320920	124.00
0.320940	124.00
0.320960	126.00
0.320980	126.00
0.321000	124.00
0.321020	123.00
0.321040	124.00
0.321060	126.00
0.321080	127.00
0.321100	125.00
0.321120	124.00
0.321140	124.00
0.321160	126.00
0.321180	126.00
0.321200	124.00
0.321220	123.00
0.321240	123.00
0.321260	125.00
0.321280	126.00
0.321300	125.00
0.321320	124.00
0.321340	125.00
0.321360	126.00
0.321380	127.00
0.321400	125.00
0.321420	124.00
0.321440	124.00
0.321460	125.00
0.321480	125.00
0.321500	125.00
0.321520	124.00
0.321540	125.00
0.321560	126.00
0.321580	126.00
0.321600	125.00
0.321620	124.00
0.321640	124.00
0.321660	125.00
0.321680	125.00
0.321700	124.00
0.321720	124.00
0.321740	124.00
0.321760	125.00
0.321780	125.00
0.321800	124.00
0.321820	124.00
0.321840	124.00
0.321860	125.00
0.321880	125.00
0.321900	124.00
0.321920	123.00
0.321940	124.00
0.321960	125.00
0.321980	125.00
0.322000	124.00
0.322020	123.00
0.322040	124.00
0.322060	125.00
0.322080	126.00
0.322100	125.00
0.322120	124.00
0.322140	125.00
0.322160	126.00
0.322180	126.00
0.322200	125.00
0.322220	125.00
0.322240	125.00
0.322260	126.00
0.322280	126.00
0.322300	125.00
0.322320	124.00
0.322340	125.00
0.322360	126.00
0.322380	125.00
0.322400	124.00
0.322420	123.00
0.322440	124.00
0.322460	125.00
0.322480	125.00
0.322500	124.00
0.322520	124.00
0.322540	124.00
0.322560	125.00
0.322580	125.00
0.322600	124.00
0.322620	124.00
0.322640	124.00
0.322660	126.00
0.322680	126.00
0.322700	125.00
0.322720	124.00
0.322740	125.00
0.322760	126.00
0.322780	126.00
0.322800	125.00
0.322820	125.00
0.322840	125.00
0.322860	126.00
0.322880	126.00
0.322900	125.00
0.322920	124.00
0.322940	124.00
0.322960	125.00
0.322980	126.00
0.323000	125.00
0.323020	124.00
0.323040	125.00
0.323060	125.00
0.323080	126.00
0.323100	125.00
0.323120	125.00
0.323140	125.00
0.323160	126.00
0.323180	126.00
0.323200	125.00
0.323220	124.00
0.323240	124.00
0.323260	125.00
0.323280	125.00
0.323300	124.00
0.323320	124.00
0.323340	124.00
0.323360	125.00
0.323380	126.00
0.323400	125.00
0.323420	125.00
0.323440	125.00
0.323460	125.00
0.323480	125.00
0.323500	125.00
0.323520	125.00
0.323540	126.00
0.323560	126.00
0.323580	126.00
0.323600	125.00
0.323620	124.00
0.323640	125.00
0.323660	125.00
0.323680	125.00
0.323700	124.00
0.323720	124.00
0.323740	124.00
0.323760	125.00
0.323780	125.00
0.323800	124.00
0.323820	124.00
0.323840	125.00
0.323860	125.00
0.323880	125.00
0.323900	125.00
0.323920	124.00
0.323940	124.00
0.323960	124.00
0.323980	125.00
0.324000	124.00
0.324020	124.00
0.324040	124.00
0.324060	125.00
0.324080	125.00
0.324100	124.00
0.324120	124.00
0.324140	124.00
0.324160	125.00
0.324180	125.00
0.324200	125.00
0.324220	125.00
0.324240	125.00
0.324260	125.00
0.324280	125.00
0.324300	125.00
0.324320	125.00
0.324340	125.00
0.324360	125.00
0.324380	125.00
0.324400	124.00
0.324420	124.00
0.324440	124.00
0.324460	125.00
0.324480	125.00
0.324500	124.00
0.324520	124.00
0.324540	124.00
0.324560	125.00
0.324580	125.00
0.324600	124.00
0.324620	124.00
0.324640	124.00
0.324660	125.00
0.324680	125.00
0.324700	125.00
0.324720	125.00
0.324740	125.00
0.324760	126.00
0.324780	126.00
0.324800	125.00
0.324820	125.00
0.324840	125.00
0.324860	125.00
0.324880	125.00
0.324900	125.00
0.324920	124.00
0.324940	125.00
0.324960	125.00
0.324980	125.00
0.325000	124.00
0.325020	124.00
0.325040	124.00
0.325060	125.00
0.325080	124.00
0.325100	124.00
0.325120	124.00
0.325140	125.00
0.325160	126.00
0.325180	126.00
0.325200	125.00
0.325220	125.00
0.325240	125.00
0.325260	125.00
0.325280	125.00
0.325300	123.00
0.325320	122.00
0.325340	122.00
0.325360	122.00
0.325380	121.00
0.325400	120.00
0.325420	120.00
0.325440	122.00
0.325460	125.00
0.325480	128.00
0.325500	131.00
0.325520	135.00
0.325540	139.00
0.325560	144.00
0.325580	146.00
0.325600	147.00
0.325620	145.00
0.325640	140.00
0.325660	133.00
0.325680	122.00
0.325700	111.00
0.325720	100.00
0.325740	92.00
0.325760	85.00
0.325780	80.00
0.325800	78.00
0.325820	80.00
0.325840	87.00
0.325860	99.00
0.325880	115.00
0.325900	133.00
0.325920	152.00
0.325940	169.00
0.325960	182.00
0.325980	190.00
0.326000	195.00
0.326020	196.00
0.326040	193.00
0.326060	183.00
0.326080	166.00
0.326100	141.00
0.326120	112.00
0.326140	82.00
0.326160	52.00
0.326180	27.00
0.326200	9.00
0.326220	1.00
0.326240	3.00
0.326260	16.00
0.326280	40.00
0.326300	75.00
0.326320	120.00
0.326340	168.00
0.326360	211.00
0.326380	240.00
0.326400	254.00
0.326420	255.00
0.326440	255.00
0.326460	247.00
0.326480	228.00
0.326500	192.00
0.326520	140.00
0.326540	81.00
0.326560	30.00
0.326580	1.00
0.326600	0.00
0.326620	2.00
0.326640	7.00
0.326660	2.00
0.326680	0.00
0.326700	2.00
0.326720	38.00
0.326740	100.00
0.326760	170.00
0.326780	225.00
0.326800	252.00
0.326820	255.00
0.326840	255.00
0.326860	255.00
0.326880	255.00
0.326900	248.00
0.326920	224.00
0.326940	180.00
0.326960	123.00
0.326980	65.00
0.327000	20.00
0.327020	0.00
0.327040	0.00
0.327060	3.00
0.327080	5.00
0.327100	0.00
0.327120	0.00
0.327140	14.00
0.327160	56.00
0.327180	112.00
0.327200	167.00
0.327220	208.00
0.327240	232.00
0.327260	244.00
0.327280	247.00
0.327300	244.00
0.327320	234.00
0.327340	216.00
0.327360	191.00
0.327380	159.00
0.327400	124.00
0.327420	88.00
0.327440	57.00
0.327460	33.00
0.327480	20.00
0.327500	15.00
0.327520	19.00
0.327540	32.00
0.327560	52.00
0.327580	77.00
0.327600	104.00
0.327620	130.00
0.327640	153.00
0.327660	173.00
0.327680	187.00
0.327700	194.00
0.327720	194.00
0.327740	189.00
0.327760	180.00
0.327780	167.00
0.327800	151.00
0.327820	133.00
0.327840	116.00
0.327860	102.00
0.327880	91.00
0.327900	83.00
0.327920	78.00
0.327940	78.00
0.327960	83.00
0.327980	91.00
0.328000	100.00
0.328020	111.00
0.328040	122.00
0.328060	132.00
0.328080	142.00
0.328100	148.00
0.328120	152.00
0.328140	154.00
0.328160	153.00
0.328180	150.00
0.328200	146.00
0.328220	139.00
0.328240	132.00
0.328260	125.00
0.328280	119.00
0.328300	114.00
0.328320	109.00
0.328340	107.00
0.328360	106.00
0.328380	107.00
0.328400	110.00
0.328420	112.00
0.328440	116.00
0.328460	120.00
0.328480	125.00
0.328500	129.00
0.328520	133.00
0.328540	135.00
0.328560	136.00
0.328580	137.00
0.328600	136.00
0.328620	134.00
0.328640	132.00
0.328660	130.00
0.328680	127.00
0.328700	125.00
0.328720	122.00
0.328740	120.00
0.328760	119.00
0.328780	119.00
0.328800	118.00
0.328820	118.00
0.328840	119.00
0.328860	120.00
0.328880	122.00
0.328900	125.00
0.328920	126.00
0.328940	127.00
0.328960	128.00
0.328980	129.00
0.329000	129.00
0.329020	129.00
0.329040	129.00
0.329060	128.00
0.329080	127.00
0.329100	126.00
0.329120	125.00
0.329140	124.00
0.329160	123.00
0.329180	123.00
0.329200	122.00
0.329220	122.00
0.329240	122.00
0.329260	122.00
0.329280	123.00
0.329300	124.00
0.329320	124.00
0.329340	125.00
0.329360	125.00
0.329380	126.00
0.329400	127.00
0.329420	127.00
0.329440	127.00
0.329460	127.00
0.329480	127.00
0.329500	127.00
0.329520	126.00
0.329540	125.00
0.329560	125.00
0.329580	124.00
0.329600	124.00
0.329620	123.00
0.329640	123.00
0.329660	123.00
0.329680	123.00
0.329700	124.00
0.329720	124.00
0.329740	124.00
0.329760	124.00
0.329780	125.00
0.329800	125.00
0.329820	125.00
0.329840	126.00
0.329860	126.00
0.329880	126.00
0.329900	126.00
0.329920	126.00
0.329940	126.00
0.329960	126.00
0.329980	125.00
0.330000	125.00
0.330020	125.00
0.330040	125.00
0.330060	125.00
0.330080	125.00
0.330100	124.00
0.330120	124.00
0.330140	124.00
0.330160	124.00
0.330180	124.00
0.330200	124.00
0.330220	124.00
0.330240	125.00
0.330260	125.00
0.330280	126.00
0.330300	125.00
0.330320	125.00
0.330340	125.00
0.330360	125.00
0.330380	125.00
0.330400	125.00
0.330420	124.00
0.330440	124.00
0.330460	124.00
0.330480	125.00
0.330500	125.00
0.330520	125.00
0.330540	125.00
0.330560	125.00
0.330580	125.00
0.330600	125.00
0.330620	125.00
0.330640	124.00
0.330660	124.00
0.330680	124.00
0.330700	125.00
0.330720	125.00
0.330740	125.00
0.330760	125.00
0.330780	126.00
0.330800	126.00
0.330820	125.00
0.330840	125.00
0.330860	125.00
0.330880	125.00
0.330900	125.00
0.330920	125.00
0.330940	125.00
0.330960	125.00
0.330980	125.00
0.331000	125.00
0.331020	125.00
0.331040	125.00
0.331060	125.00
0.331080	125.00
0.331100	125.00
0.331120	125.00
0.331140	125.00
0.331160	125.00
0.331180	125.00
0.331200	125.00
0.331220	125.00
0.331240	125.00
0.331260	125.00
0.331280	126.00
0.331300	126.00
0.331320	125.00
0.331340	125.00
0.331360	125.00
0.331380	125.00
0.331400	125.00
0.331420	125.00
0.331440	125.00
0.331460	125.00
0.331480	125.00
0.331500	125.00
0.331520	125.00
0.331540	126.00
0.331560	126.00
0.331580	126.00
0.331600	126.00
0.331620	126.00
0.331640	126.00
0.331660	126.00
0.331680	125.00
0.331700	124.00
0.331720	123.00
0.331740	122.00
0.331760	122.00
0.331780	121.00
0.331800	120.00
0.331820	120.00
0.331840	121.00
0.331860	123.00
0.331880	125.00
0.331900	128.00
0.331920	130.00
0.331940	133.00
0.331960	134.00
0.331980	136.00
0.332000	136.00
0.332020	135.00
0.332040	134.00
0.332060	131.00
0.332080	128.00
0.332100	123.00
0.332120	119.00
0.332140	115.00
0.332160	112.00
0.332180	110.00
0.332200	109.00
0.332220	108.00
0.332240	109.00
0.332260	111.00
0.332280	114.00
0.332300	120.00
0.332320	126.00
0.332340	134.00
0.332360	141.00
0.332380	148.00
0.332400	152.00
0.332420	155.00
0.332440	155.00
0.332460	153.00
0.332480	148.00
0.332500	139.00
0.332520	129.00
0.332540	117.00
0.332560	104.00
0.332580	93.00
0.332600	85.00
0.332620	79.00
0.332640	78.00
0.332660	81.00
0.332680	88.00
0.332700	99.00
0.332720	113.00
0.332740	129.00
0.332760	145.00
0.332780	160.00
0.332800	171.00
0.332820	179.00
0.332840	183.00
0.332860	182.00
0.332880	175.00
0.332900	164.00
0.332920	149.00
0.332940	132.00
0.332960	114.00
0.332980	97.00
0.333000	83.00
0.333020	72.00
0.333040	66.00
0.333060	65.00
0.333080	69.00
0.333100	77.00
0.333120	89.00
0.333140	104.00
0.333160	120.00
0.333180	136.00
0.333200	150.00
0.333220	162.00
0.333240	171.00
0.333260	175.00
0.333280	175.00
0.333300	171.00
0.333320	163.00
0.333340	153.00
0.333360	140.00
0.333380	128.00
0.333400	115.00
0.333420	105.00
0.333440	96.00
0.333460	90.00
0.333480	87.00
0.333500	87.00
0.333520	90.00
0.333540	96.00
0.333560	104.00
0.333580	113.00
0.333600	122.00
0.333620	130.00
0.333640	138.00
0.333660	144.00
0.333680	148.00
0.333700	150.00
0.333720	149.00
0.333740	147.00
0.333760	144.00
0.333780	139.00
0.333800	133.00
0.333820	127.00
0.333840	122.00
0.333860	118.00
0.333880	114.00
0.333900	111.00
0.333920	110.00
0.333940	110.00
0.333960	111.00
0.333980	114.00
0.334000	117.00
0.334020	120.00
0.334040	124.00
0.334060	127.00
0.334080	130.00
0.334100	131.00
0.334120	133.00
0.334140	134.00
0.334160	134.00
0.334180	134.00
0.334200	132.00
0.334220	130.00
0.334240	128.00
0.334260	126.00
0.334280	124.00
0.334300	122.00
0.334320	121.00
0.334340	120.00
0.334360	120.00
0.334380	120.00
0.334400	120.00
0.334420	121.00
0.334440	122.00
0.334460	123.00
0.334480	125.00
0.334500	126.00
0.334520	126.00
0.334540	127.00
0.334560	128.00
0.334580	128.00
0.334600	128.00
0.334620	127.00
0.334640	127.00
0.334660	126.00
0.334680	125.00
0.334700	125.00
0.334720	124.00
0.334740	123.00
0.334760	123.00
0.334780	123.00
0.334800	123.00
0.334820	123.00
0.334840	123.00
0.334860	124.00
0.334880	125.00
0.334900	125.00
0.334920	125.00
0.334940	125.00
0.334960	126.00
0.334980	126.00
0.335000	126.00
0.335020	126.00
0.335040	126.00
0.335060	126.00
0.335080	126.00
0.335100	126.00
0.335120	126.00
0.335140	126.00
0.335160	126.00
0.335180	126.00
0.335200	125.00
0.335220	125.00
0.335240	125.00
0.335260	125.00
0.335280	124.00
0.335300	124.00
0.335320	124.00
0.335340	124.00
0.335360	125.00
0.335380	125.00
0.335400	125.00
0.335420	125.00
0.335440	125.00
0.335460	126.00
0.335480	126.00
0.335500	126.00
0.335520	126.00
0.335540	125.00
0.335560	125.00
0.335580	125.00
0.335600	125.00
0.335620	125.00
0.335640	125.00
0.335660	125.00
0.335680	125.00
0.335700	125.00
0.335720	125.00
0.335740	125.00
0.335760	125.00
0.335780	125.00
0.335800	124.00
0.335820	124.00
0.335840	124.00
0.335860	124.00
0.335880	124.00
0.335900	124.00
0.335920	124.00
0.335940	124.00
0.335960	125.00
0.335980	125.00
0.336000	125.00
0.336020	125.00
0.336040	125.00
0.336060	125.00
0.336080	125.00
0.336100	125.00
0.336120	125.00
0.336140	125.00
0.336160	125.00
0.336180	125.00
0.336200	125.00
0.336220	124.00
0.336240	124.00
0.336260	124.00
0.336280	124.00
0.336300	124.00
0.336320	124.00
0.336340	125.00
0.336360	125.00
0.336380	125.00
0.336400	125.00
0.336420	125.00
0.336440	125.00
0.336460	125.00
0.336480	124.00
0.336500	124.00
0.336520	124.00
0.336540	124.00
0.336560	124.00
0.336580	124.00
0.336600	124.00
0.336620	124.00
0.336640	124.00
0.336660	124.00
0.336680	124.00
0.336700	124.00
0.336720	124.00
0.336740	125.00
0.336760	126.00
0.336780	126.00
0.336800	126.00
0.336820	126.00
0.336840	125.00
0.336860	125.00
0.336880	125.00
0.336900	125.00
0.336920	125.00
0.336940	125.00
0.336960	125.00
0.336980	125.00
0.337000	125.00
0.337020	124.00
0.337040	124.00
0.337060	124.00
0.337080	124.00
0.337100	125.00
0.337120	125.00
0.337140	125.00
0.337160	125.00
0.337180	125.00
0.337200	125.00
0.337220	125.00
0.337240	125.00
0.337260	125.00
0.337280	125.00
0.337300	125.00
0.337320	125.00
0.337340	125.00
0.337360	125.00
0.337380	125.00
0.337400	125.00
0.337420	125.00
0.337440	124.00
0.337460	125.00
0.337480	125.00
0.337500	125.00
0.337520	125.00
0.337540	125.00
0.337560	125.00
0.337580	124.00
0.337600	124.00
0.337620	124.00
0.337640	124.00
0.337660	125.00
0.337680	125.00
0.337700	125.00
0.337720	125.00
0.337740	125.00
0.337760	126.00
0.337780	126.00
0.337800	126.00
0.337820	126.00
0.337840	126.00
0.337860	125.00
0.337880	125.00
0.337900	124.00
0.337920	124.00
0.337940	123.00
0.337960	123.00
0.337980	122.00
0.338000	121.00
0.338020	121.00
0.338040	122.00
0.338060	123.00
0.338080	125.00
0.338100	126.00
0.338120	128.00
0.338140	130.00
0.338160	131.00
0.338180	132.00
0.338200	132.00
0.338220	132.00
0.338240	131.00
0.338260	130.00
0.338280	128.00
0.338300	125.00
0.338320	123.00
0.338340	120.00
0.338360	118.00
0.338380	116.00
0.338400	115.00
0.338420	114.00
0.338440	114.00
0.338460	115.00
0.338480	117.00
0.338500	120.00
0.338520	124.00
0.338540	129.00
0.338560	133.00
0.338580	138.00
0.338600	141.00
0.338620	143.00
0.338640	144.00
0.338660	143.00
0.338680	140.00
0.338700	135.00
0.338720	129.00
0.338740	121.00
0.338760	113.00
0.338780	106.00
0.338800	100.00
0.338820	96.00
0.338840	94.00
0.338860	96.00
0.338880	100.00
0.338900	107.00
0.338920	115.00
0.338940	125.00
0.338960	136.00
0.338980	146.00
0.339000	154.00
0.339020	160.00
0.339040	163.00
0.339060	163.00
0.339080	159.00
0.339100	153.00
0.339120	143.00
0.339140	132.00
0.339160	120.00
0.339180	108.00
0.339200	98.00
0.339220	90.00
0.339240	85.00
0.339260	83.00
0.339280	85.00
0.339300	91.00
0.339320	99.00
0.339340	110.00
0.339360	122.00
0.339380	133.00
0.339400	144.00
0.339420	154.00
0.339440	160.00
0.339460	164.00
0.339480	163.00
0.339500	159.00
0.339520	153.00
0.339540	144.00
0.339560	135.00
0.339580	124.00
0.339600	114.00
0.339620	105.00
0.339640	98.00
0.339660	94.00
0.339680	93.00
0.339700	94.00
0.339720	98.00
0.339740	103.00
0.339760	111.00
0.339780	119.00
0.339800	128.00
0.339820	136.00
0.339840	142.00
0.339860	146.00
0.339880	149.00
0.339900	149.00
0.339920	147.00
0.339940	144.00
0.339960	139.00
0.339980	134.00
0.340000	128.00
0.340020	122.00
0.340040	116.00
0.340060	112.00
0.340080	109.00
0.340100	107.00
0.340120	107.00
0.340140	109.00
0.340160	112.00
0.340180	115.00
0.340200	119.00
0.340220	124.00
0.340240	128.00
0.340260	131.00
0.340280	134.00
0.340300	136.00
0.340320	137.00
0.340340	136.00
0.340360	135.00
0.340380	133.00
0.340400	130.00
0.340420	128.00
0.340440	125.00
0.340460	122.00
0.340480	120.00
0.340500	119.00
0.340520	118.00
0.340540	118.00
0.340560	118.00
0.340580	119.00
0.340600	120.00
0.340620	121.00
0.340640	123.00
0.340660	125.00
0.340680	127.00
0.340700	128.00
0.340720	129.00
0.340740	129.00
0.340760	130.00
0.340780	130.00
0.340800	129.00
0.340820	128.00
0.340840	127.00
0.340860	126.00
0.340880	125.00
0.340900	124.00
0.340920	123.00
0.340940	122.00
0.340960	122.00
0.340980	122.00
0.341000	122.00
0.341020	123.00
0.341040	123.00
0.341060	123.00
0.341080	124.00
0.341100	125.00
0.341120	126.00
0.341140	127.00
0.341160	127.00
0.341180	127.00
0.341200	127.00
0.341220	126.00
0.341240	126.00
0.341260	126.00
0.341280	126.00
0.341300	125.00
0.341320	125.00
0.341340	124.00
0.341360	124.00
0.341380	124.00
0.341400	124.00
0.341420	124.00
0.341440	124.00
0.341460	124.00
0.341480	124.00
0.341500	124.00
0.341520	125.00
0.341540	125.00
0.341560	125.00
0.341580	125.00
0.341600	126.00
0.341620	126.00
0.341640	126.00
0.341660	126.00
0.341680	126.00
0.341700	125.00
0.341720	125.00
0.341740	125.00
0.341760	125.00
0.341780	125.00
0.341800	125.00
0.341820	125.00
0.341840	125.00
0.341860	125.00
0.341880	125.00
0.341900	125.00
0.341920	125.00
0.341940	125.00
0.341960	125.00
0.341980	125.00
0.342000	124.00
0.342020	124.00
0.342040	124.00
0.342060	124.00
0.342080	124.00
0.342100	125.00
0.342120	125.00
0.342140	125.00
0.342160	125.00
0.342180	125.00
0.342200	125.00
0.342220	125.00
0.342240	125.00
0.342260	125.00
0.342280	124.00
0.342300	124.00
0.342320	124.00
0.342340	125.00
0.342360	125.00
0.342380	125.00
0.342400	125.00
0.342420	124.00
0.342440	124.00
0.342460	124.00
0.342480	125.00
0.342500	125.00
0.342520	124.00
0.342540	124.00
0.342560	124.00
0.342580	124.00
0.342600	124.00
0.342620	124.00
0.342640	124.00
0.342660	125.00
0.342680	125.00
0.342700	126.00
0.342720	126.00
0.342740	126.00
0.342760	126.00
0.342780	126.00
0.342800	126.00
0.342820	126.00
0.342840	126.00
0.342860	126.00
0.342880	125.00
0.342900	125.00
0.342920	124.00
0.342940	124.00
0.342960	124.00
0.342980	124.00
0.343000	124.00
0.343020	124.00
0.343040	124.00
0.343060	124.00
0.343080	124.00
0.343100	124.00
0.343120	124.00
0.343140	125.00
0.343160	126.00
0.343180	126.00
0.343200	126.00
0.343220	126.00
0.343240	126.00
0.343260	126.00
0.343280	126.00
0.343300	126.00
0.343320	125.00
0.343340	125.00
0.343360	125.00
0.343380	125.00
0.343400	125.00
0.343420	125.00
0.343440	124.00
0.343460	124.00
0.343480	124.00
0.343500	124.00
0.343520	124.00
0.343540	124.00
0.343560	124.00
0.343580	124.00
0.343600	125.00
0.343620	125.00
0.343640	125.00
0.343660	126.00
0.343680	126.00
0.343700	125.00
0.343720	125.00
0.343740	125.00
0.343760	125.00
0.343780	125.00
0.343800	125.00
0.343820	125.00
0.343840	125.00
0.343860	125.00
0.343880	125.00
0.343900	125.00
0.343920	125.00
0.343940	125.00
0.343960	125.00
0.343980	125.00
0.344000	125.00
0.344020	125.00
0.344040	125.00
0.344060	125.00
0.344080	125.00
0.344100	125.00
0.344120	124.00
0.344140	124.00
0.344160	123.00
0.344180	123.00
0.344200	123.00
0.344220	123.00
0.344240	123.00
0.344260	123.00
0.344280	124.00
0.344300	125.00
0.344320	126.00
0.344340	127.00
0.344360	128.00
0.344380	129.00
0.344400	129.00
0.344420	129.00
0.344440	129.00
0.344460	128.00
0.344480	127.00
0.344500	125.00
0.344520	123.00
0.344540	122.00
0.344560	120.00
0.344580	119.00
0.344600	118.00
0.344620	118.00
0.344640	119.00
0.344660	120.00
0.344680	121.00
0.344700	123.00
0.344720	124.00
0.344740	127.00
0.344760	130.00
0.344780	133.00
0.344800	135.00
0.344820	136.00
0.344840	137.00
0.344860	136.00
0.344880	134.00
0.344900	131.00
0.344920	127.00
0.344940	123.00
0.344960	118.00
0.344980	114.00
0.345000	111.00
0.345020	108.00
0.345040	107.00
0.345060	108.00
0.345080	111.00
0.345100	115.00
0.345120	120.00
0.345140	126.00
0.345160	132.00
0.345180	138.00
0.345200	143.00
0.345220	146.00
0.345240	148.00
0.345260	147.00
0.345280	145.00
0.345300	140.00
0.345320	134.00
0.345340	127.00
0.345360	120.00
0.345380	113.00
0.345400	107.00
0.345420	104.00
0.345440	102.00
0.345460	102.00
0.345480	104.00
0.345500	109.00
0.345520	114.00
0.345540	120.00
0.345560	127.00
0.345580	133.00
0.345600	138.00
0.345620	142.00
0.345640	144.00
0.345660	144.00
0.345680	143.00
0.345700	140.00
0.345720	135.00
0.345740	130.00
0.345760	125.00
0.345780	119.00
0.345800	115.00
0.345820	112.00
0.345840	111.00
0.345860	111.00
0.345880	112.00
0.345900	114.00
0.345920	117.00
0.345940	121.00
0.345960	125.00
0.345980	128.00
0.346000	131.00
0.346020	134.00
0.346040	135.00
0.346060	135.00
0.346080	134.00
0.346100	132.00
0.346120	130.00
0.346140	128.00
0.346160	126.00
0.346180	123.00
0.346200	120.00
0.346220	118.00
0.346240	118.00
0.346260	118.00
0.346280	118.00
0.346300	119.00
0.346320	120.00
0.346340	122.00
0.346360	124.00
0.346380	126.00
0.346400	127.00
0.346420	128.00
0.346440	129.00
0.346460	129.00
0.346480	129.00
0.346500	129.00
0.346520	128.00
0.346540	127.00
0.346560	126.00
0.346580	125.00
0.346600	123.00
0.346620	122.00
0.346640	122.00
0.346660	122.00
0.346680	122.00
0.346700	122.00
0.346720	122.00
0.346740	123.00
0.346760	124.00
0.346780	125.00
0.346800	126.00
0.346820	127.00
0.346840	127.00
0.346860	127.00
0.346880	127.00
0.346900	127.00
0.346920	127.00
0.346940	126.00
0.346960	126.00
0.346980	126.00
0.347000	125.00
0.347020	124.00
0.347040	124.00
0.347060	123.00
0.347080	124.00
0.347100	124.00
0.347120	124.00
0.347140	124.00
0.347160	124.00
0.347180	124.00
0.347200	125.00
0.347220	125.00
0.347240	125.00
0.347260	125.00
0.347280	126.00
0.347300	126.00
0.347320	126.00
0.347340	126.00
0.347360	125.00
0.347380	125.00
0.347400	125.00
0.347420	125.00
0.347440	125.00
0.347460	125.00
0.347480	124.00
0.347500	124.00
0.347520	124.00
0.347540	124.00
0.347560	125.00
0.347580	125.00
0.347600	124.00
0.347620	124.00
0.347640	124.00
0.347660	125.00
0.347680	125.00
0.347700	125.00
0.347720	125.00
0.347740	125.00
0.347760	125.00
0.347780	125.00
0.347800	125.00
0.347820	125.00
0.347840	125.00
0.347860	125.00
0.347880	125.00
0.347900	125.00
0.347920	125.00
0.347940	125.00
0.347960	125.00
0.347980	125.00
0.348000	125.00
0.348020	125.00
0.348040	125.00
0.348060	125.00
0.348080	125.00
0.348100	125.00
0.348120	125.00
0.348140	125.00
0.348160	125.00
0.348180	125.00
0.348200	125.00
0.348220	124.00
0.348240	124.00
0.348260	124.00
0.348280	124.00
0.348300	124.00
0.348320	124.00
0.348340	124.00
0.348360	125.00
0.348380	125.00
0.348400	126.00
0.348420	126.00
0.348440	126.00
0.348460	126.00
0.348480	126.00
0.348500	126.00
0.348520	125.00
0.348540	125.00
0.348560	125.00
0.348580	124.00
0.348600	124.00
0.348620	124.00
0.348640	124.00
0.348660	123.00
0.348680	123.00
0.348700	123.00
0.348720	123.00
0.348740	124.00
0.348760	124.00
0.348780	125.00
0.348800	125.00
0.348820	125.00
0.348840	126.00
0.348860	126.00
0.348880	126.00
0.348900	126.00
0.348920	126.00
0.348940	126.00
0.348960	126.00
0.348980	125.00
0.349000	125.00
0.349020	125.00
0.349040	125.00
0.349060	124.00
0.349080	124.00
0.349100	124.00
0.349120	124.00
0.349140	124.00
0.349160	124.00
0.349180	124.00
0.349200	124.00
0.349220	124.00
0.349240	124.00
0.349260	125.00
0.349280	126.00
0.349300	126.00
0.349320	126.00
0.349340	126.00
0.349360	126.00
0.349380	126.00
0.349400	126.00
0.349420	126.00
0.349440	125.00
0.349460	125.00
0.349480	125.00
0.349500	125.00
0.349520	124.00
0.349540	124.00
0.349560	124.00
0.349580	124.00
0.349600	124.00
0.349620	124.00
0.349640	124.00
0.349660	124.00
0.349680	125.00
0.349700	125.00
0.349720	125.00
0.349740	125.00
0.349760	125.00
0.349780	125.00
0.349800	126.00
0.349820	126.00
0.349840	126.00
0.349860	126.00
0.349880	126.00
0.349900	125.00
0.349920	125.00
0.349940	125.00
0.349960	125.00
0.349980	125.00
0.350000	125.00
0.350020	125.00
0.350040	125.00
0.350060	124.00
0.350080	124.00
0.350100	124.00
0.350120	124.00
0.350140	124.00
0.350160	125.00
0.350180	125.00
0.350200	125.00
0.350220	125.00
0.350240	125.00
0.350260	125.00
0.350280	124.00
0.350300	124.00
0.350320	124.00
0.350340	124.00
0.350360	124.00
0.350380	124.00
0.350400	124.00
0.350420	123.00
0.350440	123.00
0.350460	123.00
0.350480	124.00
0.350500	125.00
0.350520	126.00
0.350540	126.00
0.350560	127.00
0.350580	128.00
0.350600	128.00
0.350620	128.00
0.350640	128.00
0.350660	127.00
0.350680	126.00
0.350700	126.00
0.350720	125.00
0.350740	124.00
0.350760	123.00
0.350780	122.00
0.350800	122.00
0.350820	121.00
0.350840	121.00
0.350860	121.00
0.350880	122.00
0.350900	123.00
0.350920	124.00
0.350940	125.00
0.350960	127.00
0.350980	129.00
0.351000	130.00
0.351020	131.00
0.351040	132.00
0.351060	132.00
0.351080	131.00
0.351100	130.00
0.351120	128.00
0.351140	126.00
0.351160	123.00
0.351180	120.00
0.351200	117.00
0.351220	115.00
0.351240	114.00
0.351260	114.00
0.351280	116.00
0.351300	118.00
0.351320	121.00
0.351340	124.00
0.351360	128.00
0.351380	131.00
0.351400	134.00
0.351420	136.00
0.351440	137.00
0.351460	137.00
0.351480	136.00
0.351500	134.00
0.351520	131.00
0.351540	128.00
0.351560	125.00
0.351580	122.00
0.351600	119.00
0.351620	116.00
0.351640	114.00
0.351660	113.00
0.351680	114.00
0.351700	115.00
0.351720	116.00
0.351740	118.00
0.351760	121.00
0.351780	124.00
0.351800	127.00
0.351820	130.00
0.351840	131.00
0.351860	132.00
0.351880	133.00
0.351900	133.00
0.351920	133.00
0.351940	132.00
0.351960	130.00
0.351980	127.00
0.352000	125.00
0.352020	123.00
0.352040	122.00
0.352060	121.00
0.352080	120.00
0.352100	119.00
0.352120	119.00
0.352140	119.00
0.352160	120.00
0.352180	121.00
0.352200	122.00
0.352220	123.00
0.352240	124.00
0.352260	125.00
0.352280	126.00
0.352300	127.00
0.352320	127.00
0.352340	128.00
0.352360	128.00
0.352380	128.00
0.352400	127.00
0.352420	127.00
0.352440	126.00
0.352460	126.00
0.352480	125.00
0.352500	125.00
0.352520	124.00
0.352540	123.00
0.352560	123.00
0.352580	123.00
0.352600	123.00
0.352620	123.00
0.352640	123.00
0.352660	124.00
0.352680	124.00
0.352700	125.00
0.352720	126.00
0.352740	126.00
0.352760	126.00
0.352780	126.00
0.352800	126.00
0.352820	126.00
0.352840	126.00
0.352860	126.00
0.352880	125.00
0.352900	125.00
0.352920	125.00
0.352940	124.00
0.352960	124.00
0.352980	124.00
0.353000	124.00
0.353020	125.00
0.353040	125.00
0.353060	124.00
0.353080	124.00
0.353100	124.00
0.353120	124.00
0.353140	125.00
0.353160	125.00
0.353180	125.00
0.353200	125.00
0.353220	125.00
0.353240	125.00
0.353260	126.00
0.353280	126.00
0.353300	126.00
0.353320	126.00
0.353340	126.00
0.353360	126.00
0.353380	125.00
0.353400	124.00
0.353420	124.00
0.353440	125.00
0.353460	125.00
0.353480	125.00
0.353500	125.00
0.353520	125.00
0.353540	125.00
0.353560	125.00
0.353580	125.00
0.353600	125.00
0.353620	124.00
0.353640	124.00
0.353660	124.00
0.353680	125.00
0.353700	125.00
0.353720	125.00
0.353740	125.00
0.353760	125.00
0.353780	125.00
0.353800	125.00
0.353820	124.00
0.353840	124.00
0.353860	124.00
0.353880	124.00
0.353900	124.00
0.353920	124.00
0.353940	124.00
0.353960	124.00
0.353980	124.00
0.354000	124.00
0.354020	125.00
0.354040	125.00
0.354060	125.00
0.354080	125.00
0.354100	125.00
0.354120	125.00
0.354140	125.00
0.354160	125.00
0.354180	125.00
0.354200	124.00
0.354220	124.00
0.354240	124.00
0.354260	125.00
0.354280	125.00
0.354300	125.00
0.354320	124.00
0.354340	124.00
0.354360	124.00
0.354380	124.00
0.354400	124.00
0.354420	124.00
0.354440	124.00
0.354460	124.00
0.354480	124.00
0.354500	124.00
0.354520	125.00
0.354540	125.00
0.354560	125.00
0.354580	126.00
0.354600	126.00
0.354620	126.00
0.354640	126.00
0.354660	126.00
0.354680	126.00
0.354700	126.00
0.354720	126.00
0.354740	125.00
0.354760	124.00
0.354780	124.00
0.354800	124.00
0.354820	123.00
0.354840	123.00
0.354860	123.00
0.354880	123.00
0.354900	123.00
0.354920	124.00
0.354940	124.00
0.354960	125.00
0.354980	126.00
0.355000	126.00
0.355020	127.00
0.355040	127.00
0.355060	127.00
0.355080	127.00
0.355100	126.00
0.355120	126.00
0.355140	125.00
0.355160	125.00
0.355180	125.00
0.355200	124.00
0.355220	123.00
0.355240	123.00
0.355260	123.00
0.355280	123.00
0.355300	123.00
0.355320	123.00
0.355340	124.00
0.355360	124.00
0.355380	125.00
0.355400	126.00
0.355420	127.00
0.355440	127.00
0.355460	127.00
0.355480	127.00
0.355500	127.00
0.355520	127.00
0.355540	127.00
0.355560	126.00
0.355580	125.00
0.355600	125.00
0.355620	124.00
0.355640	123.00
0.355660	123.00
0.355680	122.00
0.355700	122.00
0.355720	122.00
0.355740	123.00
0.355760	124.00
0.355780	125.00
0.355800	125.00
0.355820	125.00
0.355840	126.00
0.355860	126.00
0.355880	127.00
0.355900	127.00
0.355920	127.00
0.355940	127.00
0.355960	126.00
0.355980	125.00
0.356000	125.00
0.356020	125.00
0.356040	124.00
0.356060	124.00
0.356080	124.00
0.356100	123.00
0.356120	123.00
0.356140	123.00
0.356160	124.00
0.356180	124.00
0.356200	124.00
0.356220	124.00
0.356240	124.00
0.356260	124.00
0.356280	125.00
0.356300	126.00
0.356320	126.00
0.356340	126.00
0.356360	126.00
0.356380	125.00
0.356400	125.00
0.356420	125.00
0.356440	125.00
0.356460	125.00
0.356480	125.00
0.356500	125.00
0.356520	125.00
0.356540	124.00
0.356560	124.00
0.356580	124.00
0.356600	124.00
0.356620	124.00
0.356640	124.00
0.356660	124.00
0.356680	124.00
0.356700	125.00
0.356720	126.00
0.356740	126.00
0.356760	126.00
0.356780	126.00
0.356800	126.00
0.356820	126.00
0.356840	126.00
0.356860	126.00
0.356880	126.00
0.356900	125.00
0.356920	125.00
0.356940	124.00
0.356960	123.00
0.356980	123.00
0.357000	123.00
0.357020	122.00
0.357040	122.00
0.357060	122.00
0.357080	122.00
0.357100	123.00
0.357120	123.00
0.357140	124.00
0.357160	125.00
0.357180	126.00
0.357200	127.00
0.357220	129.00
0.357240	130.00
0.357260	130.00
0.357280	130.00
0.357300	129.00
0.357320	128.00
0.357340	126.00
0.357360	124.00
0.357380	123.00
0.357400	121.00
0.357420	119.00
0.357440	118.00
0.357460	118.00
0.357480	118.00
0.357500	119.00
0.357520	121.00
0.357540	123.00
0.357560	125.00
0.357580	128.00
0.357600	131.00
0.357620	133.00
0.357640	134.00
0.357660	134.00
0.357680	134.00
0.357700	133.00
0.357720	132.00
0.357740	130.00
0.357760	128.00
0.357780	125.00
0.357800	122.00
0.357820	120.00
0.357840	118.00
0.357860	117.00
0.357880	116.00
0.357900	116.00
0.357920	116.00
0.357940	117.00
0.357960	119.00
0.357980	121.00
0.358000	124.00
0.358020	127.00
0.358040	129.00
0.358060	131.00
0.358080	133.00
0.358100	134.00
0.358120	134.00
0.358140	133.00
0.358160	132.00
0.358180	130.00
0.358200	128.00
0.358220	126.00
0.358240	124.00
0.358260	122.00
0.358280	120.00
0.358300	119.00
0.358320	118.00
0.358340	118.00
0.358360	118.00
0.358380	119.00
0.358400	120.00
0.358420	122.00
0.358440	124.00
0.358460	126.00
0.358480	128.00
0.358500	129.00
0.358520	130.00
0.358540	131.00
0.358560	131.00
0.358580	131.00
0.358600	130.00
0.358620	128.00
0.358640	126.00
0.358660	125.00
0.358680	124.00
0.358700	122.00
0.358720	121.00
0.358740	120.00
0.358760	120.00
0.358780	120.00
0.358800	121.00
0.358820	122.00
0.358840	123.00
0.358860	124.00
0.358880	125.00
0.358900	126.00
0.358920	127.00
0.358940	128.00
0.358960	128.00
0.358980	129.00
0.359000	128.00
0.359020	128.00
0.359040	127.00
0.359060	127.00
0.359080	126.00
0.359100	126.00
0.359120	125.00
0.359140	124.00
0.359160	123.00
0.359180	122.00
0.359200	122.00
0.359220	122.00
0.359240	123.00
0.359260	123.00
0.359280	123.00
0.359300	124.00
0.359320	125.00
0.359340	126.00
0.359360	126.00
0.359380	126.00
0.359400	126.00
0.359420	126.00
0.359440	126.00
0.359460	126.00
0.359480	126.00
0.359500	126.00
0.359520	125.00
0.359540	125.00
0.359560	125.00
0.359580	124.00
0.359600	124.00
0.359620	123.00
0.359640	123.00
0.359660	123.00
0.359680	124.00
0.359700	124.00
0.359720	124.00
0.359740	125.00
0.359760	125.00
0.359780	125.00
0.359800	125.00
0.359820	125.00
0.359840	125.00
0.359860	125.00
0.359880	125.00
0.359900	125.00
0.359920	124.00
0.359940	124.00
0.359960	125.00
0.359980	126.00
