0.320000	101.00
0.320020	49.00
0.320040	101.00
0.320060	140.00
0.320080	144.00
0.320100	125.00
0.320120	113.00
0.320140	119.00
0.320160	131.00
0.320180	134.00
0.320200	125.00
0.320220	118.00
0.320240	121.00
0.320260	128.00
0.320280	130.00
0.320300	125.00
0.320320	120.00
0.320340	121.00
0.320360	127.00
0.320380	128.00
0.320400	125.00
0.320420	121.00
0.320440	122.00
0.320460	126.00
0.320480	128.00
0.320500	125.00
0.320520	122.00
0.320540	124.00
0.320560	127.00
0.320580	127.00
0.320600	124.00
0.320620	122.00
0.320640	123.00
0.320660	126.00
0.320680	126.00
0.320700	124.00
0.320720	122.00
0.320740	123.00
0.320760	126.00
0.320780	127.00
0.320800	125.00
0.320820	123.00
0.320840	124.00
0.320860	126.00
0.320880	126.00
0.320900	124.00
0.320920	122.00
0.320940	123.00
0.320960	126.00
0.320980	126.00
0.321000	125.00
0.321020	123.00
0.321040	124.00
0.321060	126.00
0.321080	126.00
0.321100	125.00
0.321120	123.00
0.321140	123.00
0.321160	125.00
0.321180	125.00
0.321200	125.00
0.321220	124.00
0.321240	124.00
0.321260	126.00
0.321280	126.00
0.321300	125.00
0.321320	124.00
0.321340	125.00
0.321360	126.00
0.321380	125.00
0.321400	124.00
0.321420	123.00
0.321440	124.00
0.321460	125.00
0.321480	126.00
0.321500	125.00
0.321520	124.00
0.321540	125.00
0.321560	125.00
0.321580	125.00
0.321600	124.00
0.321620	123.00
0.321640	124.00
0.321660	125.00
0.321680	125.00
0.321700	124.00
0.321720	124.00
0.321740	124.00
0.321760	125.00
0.321780	125.00
0.321800	124.00
0.321820	124.00
0.321840	124.00
0.321860	125.00
0.321880	125.00
0.321900	124.00
0.321920	124.00
0.321940	125.00
0.321960	126.00
0.321980	126.00
0.322000	124.00
0.322020	124.00
0.322040	125.00
0.322060	126.00
0.322080	126.00
0.322100	125.00
0.322120	124.00
0.322140	125.00
0.322160	126.00
0.322180	126.00
0.322200	125.00
0.322220	124.00
0.322240	124.00
0.322260	124.00
0.322280	124.00
0.322300	124.00
0.322320	124.00
0.322340	125.00
0.322360	126.00
0.322380	126.00
0.322400	125.00
0.322420	125.00
0.322440	125.00
0.322460	126.00
0.322480	126.00
0.322500	125.00
0.322520	124.00
0.322540	125.00
0.322560	126.00
0.322580	126.00
0.322600	125.00
0.322620	124.00
0.322640	124.00
0.322660	125.00
0.322680	126.00
0.322700	125.00
0.322720	125.00
0.322740	125.00
0.322760	125.00
0.322780	125.00
0.322800	124.00
0.322820	124.00
0.322840	124.00
0.322860	125.00
0.322880	125.00
0.322900	124.00
0.322920	124.00
0.322940	124.00
0.322960	125.00
0.322980	126.00
0.323000	125.00
0.323020	125.00
0.323040	125.00
0.323060	125.00
0.323080	125.00
0.323100	124.00
0.323120	124.00
0.323140	124.00
0.323160	125.00
0.323180	125.00
0.323200	125.00
0.323220	124.00
0.323240	124.00
0.323260	125.00
0.323280	124.00
0.323300	124.00
0.323320	124.00
0.323340	124.00
0.323360	125.00
0.323380	125.00
0.323400	125.00
0.323420	124.00
0.323440	125.00
0.323460	125.00
0.323480	126.00
0.323500	125.00
0.323520	125.00
0.323540	125.00
0.323560	125.00
0.323580	125.00
0.323600	124.00
0.323620	124.00
0.323640	124.00
0.323660	125.00
0.323680	125.00
0.323700	125.00
0.323720	125.00
0.323740	125.00
0.323760	125.00
0.323780	125.00
0.323800	124.00
0.323820	123.00
0.323840	124.00
0.323860	125.00
0.323880	125.00
0.323900	125.00
0.323920	124.00
0.323940	124.00
0.323960	125.00
0.323980	125.00
0.324000	125.00
0.324020	125.00
0.324040	125.00
0.324060	125.00
0.324080	125.00
0.324100	125.00
0.324120	124.00
0.324140	124.00
0.324160	125.00
0.324180	125.00
0.324200	124.00
0.324220	124.00
0.324240	124.00
0.324260	125.00
0.324280	125.00
0.324300	125.00
0.324320	125.00
0.324340	125.00
0.324360	125.00
0.324380	125.00
0.324400	125.00
0.324420	125.00
0.324440	125.00
0.324460	125.00
0.324480	125.00
0.324500	125.00
0.324520	124.00
0.324540	124.00
0.324560	125.00
0.324580	125.00
0.324600	124.00
0.324620	124.00
0.324640	124.00
0.324660	124.00
0.324680	124.00
0.324700	124.00
0.324720	124.00
0.324740	124.00
0.324760	124.00
0.324780	124.00
0.324800	124.00
0.324820	124.00
0.324840	124.00
0.324860	125.00
0.324880	125.00
0.324900	125.00
0.324920	125.00
0.324940	125.00
0.324960	125.00
0.324980	125.00
0.325000	125.00
0.325020	125.00
0.325040	125.00
0.325060	125.00
0.325080	125.00
0.325100	124.00
0.325120	124.00
0.325140	125.00
0.325160	125.00
0.325180	126.00
0.325200	125.00
0.325220	125.00
0.325240	125.00
0.325260	125.00
0.325280	125.00
0.325300	125.00
0.325320	125.00
0.325340	125.00
0.325360	125.00
0.325380	125.00
0.325400	124.00
0.325420	123.00
0.325440	122.00
0.325460	121.00
0.325480	120.00
0.325500	120.00
0.325520	122.00
0.325540	124.00
0.325560	128.00
0.325580	131.00
0.325600	134.00
0.325620	138.00
0.325640	142.00
0.325660	145.00
0.325680	147.00
0.325700	146.00
0.325720	142.00
0.325740	135.00
0.325760	126.00
0.325780	114.00
0.325800	103.00
0.325820	94.00
0.325840	87.00
0.325860	81.00
0.325880	78.00
0.325900	79.00
0.325920	83.00
0.325940	93.00
0.325960	108.00
0.325980	126.00
0.326000	145.00
0.326020	163.00
0.326040	178.00
0.326060	188.00
0.326080	194.00
0.326100	195.00
0.326120	193.00
0.326140	186.00
0.326160	172.00
0.326180	150.00
0.326200	123.00
0.326220	92.00
0.326240	61.00
0.326260	34.00
0.326280	14.00
0.326300	3.00
0.326320	2.00
0.326340	12.00
0.326360	32.00
0.326380	63.00
0.326400	104.00
0.326420	152.00
0.326440	198.00
0.326460	232.00
0.326480	251.00
0.326500	255.00
0.326520	255.00
0.326540	250.00
0.326560	236.00
0.326580	206.00
0.326600	159.00
0.326620	100.00
0.326640	44.00
0.326660	7.00
0.326680	0.00
0.326700	0.00
0.326720	7.00
0.326740	5.00
0.326760	0.00
0.326780	0.00
0.326800	22.00
0.326820	78.00
0.326840	149.00
0.326860	211.00
0.326880	247.00
0.326900	255.00
0.326920	255.00
0.326940	255.00
0.326960	255.00
0.326980	252.00
0.327000	233.00
0.327020	195.00
0.327040	140.00
0.327060	81.00
0.327080	32.00
0.327100	3.00
0.327120	0.00
0.327140	1.00
0.327160	5.00
0.327180	1.00
0.327200	0.00
0.327220	7.00
0.327240	42.00
0.327260	95.00
0.327280	151.00
0.327300	197.00
0.327320	225.00
0.327340	240.00
0.327360	246.00
0.327380	246.00
0.327400	238.00
0.327420	222.00
0.327440	198.00
0.327460	168.00
0.327480	134.00
0.327500	98.00
0.327520	65.00
0.327540	40.00
0.327560	23.00
0.327580	17.00
0.327600	18.00
0.327620	28.00
0.327640	46.00
0.327660	70.00
0.327680	97.00
0.327700	124.00
0.327720	148.00
0.327740	169.00
0.327760	184.00
0.327780	193.00
0.327800	195.00
0.327820	191.00
0.327840	182.00
0.327860	170.00
0.327880	155.00
0.327900	138.00
0.327920	121.00
0.327940	105.00
0.327960	93.00
0.327980	85.00
0.328000	79.00
0.328020	78.00
0.328040	81.00
0.328060	88.00
0.328080	97.00
0.328100	108.00
0.328120	118.00
0.328140	129.00
0.328160	139.00
0.328180	147.00
0.328200	152.00
0.328220	154.00
0.328240	154.00
0.328260	151.00
0.328280	147.00
0.328300	140.00
0.328320	133.00
0.328340	126.00
0.328360	120.00
0.328380	115.00
0.328400	111.00
0.328420	108.00
0.328440	106.00
0.328460	106.00
0.328480	109.00
0.328500	111.00
0.328520	115.00
0.328540	120.00
0.328560	125.00
0.328580	129.00
0.328600	132.00
0.328620	134.00
0.328640	135.00
0.328660	136.00
0.328680	136.00
0.328700	135.00
0.328720	133.00
0.328740	131.00
0.328760	129.00
0.328780	126.00
0.328800	124.00
0.328820	121.00
0.328840	119.00
0.328860	118.00
0.328880	118.00
0.328900	118.00
0.328920	119.00
0.328940	120.00
0.328960	122.00
0.328980	124.00
0.329000	125.00
0.329020	126.00
0.329040	128.00
0.329060	129.00
0.329080	130.00
0.329100	130.00
0.329120	129.00
0.329140	129.00
0.329160	128.00
0.329180	128.00
0.329200	126.00
0.329220	125.00
0.329240	124.00
0.329260	123.00
0.329280	123.00
0.329300	122.00
0.329320	122.00
0.329340	122.00
0.329360	123.00
0.329380	124.00
0.329400	124.00
0.329420	124.00
0.329440	125.00
0.329460	126.00
0.329480	126.00
0.329500	127.00
0.329520	127.00
0.329540	127.00
0.329560	127.00
0.329580	127.00
0.329600	126.00
0.329620	125.00
0.329640	125.00
0.329660	125.00
0.329680	124.00
0.329700	124.00
0.329720	123.00
0.329740	123.00
0.329760	123.00
0.329780	124.00
0.329800	124.00
0.329820	124.00
0.329840	124.00
0.329860	125.00
0.329880	126.00
0.329900	126.00
0.329920	126.00
0.329940	126.00
0.329960	126.00
0.329980	126.00
0.330000	126.00
0.330020	125.00
0.330040	125.00
0.330060	125.00
0.330080	125.00
0.330100	125.00
0.330120	124.00
0.330140	124.00
0.330160	124.00
0.330180	124.00
0.330200	124.00
0.330220	124.00
0.330240	124.00
0.330260	125.00
0.330280	125.00
0.330300	125.00
0.330320	125.00
0.330340	125.00
0.330360	125.00
0.330380	125.00
0.330400	125.00
0.330420	125.00
0.330440	125.00
0.330460	125.00
0.330480	125.00
0.330500	125.00
0.330520	125.00
0.330540	125.00
0.330560	125.00
0.330580	125.00
0.330600	125.00
0.330620	125.00
0.330640	125.00
0.330660	125.00
0.330680	125.00
0.330700	125.00
0.330720	125.00
0.330740	125.00
0.330760	125.00
0.330780	126.00
0.330800	126.00
0.330820	125.00
0.330840	125.00
0.330860	124.00
0.330880	124.00
0.330900	125.00
0.330920	125.00
0.330940	125.00
0.330960	125.00
0.330980	125.00
0.331000	125.00
0.331020	125.00
0.331040	124.00
0.331060	125.00
0.331080	124.00
0.331100	124.00
0.331120	124.00
0.331140	125.00
0.331160	125.00
0.331180	125.00
0.331200	125.00
0.331220	125.00
0.331240	125.00
0.331260	125.00
0.331280	125.00
0.331300	124.00
0.331320	124.00
0.331340	124.00
0.331360	125.00
0.331380	125.00
0.331400	125.00
0.331420	125.00
0.331440	125.00
0.331460	125.00
0.331480	125.00
0.331500	125.00
0.331520	124.00
0.331540	124.00
0.331560	124.00
0.331580	125.00
0.331600	125.00
0.331620	125.00
0.331640	125.00
0.331660	126.00
0.331680	126.00
0.331700	126.00
0.331720	126.00
0.331740	126.00
0.331760	126.00
0.331780	125.00
0.331800	124.00
0.331820	122.00
0.331840	120.00
0.331860	120.00
0.331880	120.00
0.331900	120.00
0.331920	121.00
0.331940	123.00
0.331960	125.00
0.331980	127.00
0.332000	130.00
0.332020	132.00
0.332040	134.00
0.332060	135.00
0.332080	136.00
0.332100	136.00
0.332120	135.00
0.332140	132.00
0.332160	129.00
0.332180	125.00
0.332200	120.00
0.332220	116.00
0.332240	113.00
0.332260	110.00
0.332280	108.00
0.332300	107.00
0.332320	107.00
0.332340	109.00
0.332360	113.00
0.332380	118.00
0.332400	124.00
0.332420	131.00
0.332440	139.00
0.332460	146.00
0.332480	152.00
0.332500	155.00
0.332520	155.00
0.332540	154.00
0.332560	150.00
0.332580	142.00
0.332600	131.00
0.332620	119.00
0.332640	107.00
0.332660	96.00
0.332680	86.00
0.332700	79.00
0.332720	76.00
0.332740	78.00
0.332760	85.00
0.332780	96.00
0.332800	109.00
0.332820	124.00
0.332840	140.00
0.332860	156.00
0.332880	170.00
0.332900	179.00
0.332920	183.00
0.332940	183.00
0.332960	177.00
0.332980	168.00
0.333000	154.00
0.333020	137.00
0.333040	119.00
0.333060	101.00
0.333080	86.00
0.333100	73.00
0.333120	65.00
0.333140	62.00
0.333160	64.00
0.333180	72.00
0.333200	83.00
0.333220	98.00
0.333240	115.00
0.333260	133.00
0.333280	149.00
0.333300	163.00
0.333320	173.00
0.333340	179.00
0.333360	180.00
0.333380	177.00
0.333400	169.00
0.333420	158.00
0.333440	145.00
0.333460	131.00
0.333480	117.00
0.333500	105.00
0.333520	94.00
0.333540	86.00
0.333560	82.00
0.333580	81.00
0.333600	84.00
0.333620	90.00
0.333640	99.00
0.333660	109.00
0.333680	120.00
0.333700	129.00
0.333720	138.00
0.333740	146.00
0.333760	151.00
0.333780	155.00
0.333800	155.00
0.333820	153.00
0.333840	149.00
0.333860	143.00
0.333880	137.00
0.333900	129.00
0.333920	122.00
0.333940	116.00
0.333960	111.00
0.333980	107.00
0.334000	105.00
0.334020	104.00
0.334040	106.00
0.334060	109.00
0.334080	113.00
0.334100	117.00
0.334120	122.00
0.334140	126.00
0.334160	130.00
0.334180	134.00
0.334200	136.00
0.334220	138.00
0.334240	138.00
0.334260	137.00
0.334280	136.00
0.334300	133.00
0.334320	130.00
0.334340	127.00
0.334360	125.00
0.334380	122.00
0.334400	120.00
0.334420	119.00
0.334440	118.00
0.334460	117.00
0.334480	117.00
0.334500	118.00
0.334520	119.00
0.334540	121.00
0.334560	123.00
0.334580	125.00
0.334600	127.00
0.334620	128.00
0.334640	129.00
0.334660	130.00
0.334680	130.00
0.334700	130.00
0.334720	129.00
0.334740	129.00
0.334760	128.00
0.334780	127.00
0.334800	125.00
0.334820	124.00
0.334840	123.00
0.334860	122.00
0.334880	122.00
0.334900	122.00
0.334920	122.00
0.334940	122.00
0.334960	123.00
0.334980	123.00
0.335000	124.00
0.335020	124.00
0.335040	125.00
0.335060	126.00
0.335080	127.00
0.335100	127.00
0.335120	127.00
0.335140	127.00
0.335160	127.00
0.335180	126.00
0.335200	126.00
0.335220	125.00
0.335240	125.00
0.335260	125.00
0.335280	124.00
0.335300	124.00
0.335320	124.00
0.335340	124.00
0.335360	124.00
0.335380	124.00
0.335400	124.00
0.335420	124.00
0.335440	124.00
0.335460	125.00
0.335480	125.00
0.335500	125.00
0.335520	125.00
0.335540	125.00
0.335560	126.00
0.335580	126.00
0.335600	126.00
0.335620	126.00
0.335640	126.00
0.335660	125.00
0.335680	125.00
0.335700	125.00
0.335720	125.00
0.335740	125.00
0.335760	125.00
0.335780	125.00
0.335800	125.00
0.335820	125.00
0.335840	125.00
0.335860	125.00
0.335880	125.00
0.335900	125.00
0.335920	125.00
0.335940	125.00
0.335960	125.00
0.335980	125.00
0.336000	125.00
0.336020	125.00
0.336040	125.00
0.336060	125.00
0.336080	126.00
0.336100	126.00
0.336120	125.00
0.336140	125.00
0.336160	125.00
0.336180	125.00
0.336200	125.00
0.336220	125.00
0.336240	125.00
0.336260	125.00
0.336280	124.00
0.336300	124.00
0.336320	124.00
0.336340	125.00
0.336360	125.00
0.336380	125.00
0.336400	125.00
0.336420	125.00
0.336440	125.00
0.336460	126.00
0.336480	126.00
0.336500	126.00
0.336520	126.00
0.336540	126.00
0.336560	125.00
0.336580	125.00
0.336600	124.00
0.336620	125.00
0.336640	125.00
0.336660	125.00
0.336680	125.00
0.336700	125.00
0.336720	125.00
0.336740	125.00
0.336760	125.00
0.336780	125.00
0.336800	125.00
0.336820	125.00
0.336840	125.00
0.336860	125.00
0.336880	125.00
0.336900	125.00
0.336920	124.00
0.336940	124.00
0.336960	125.00
0.336980	125.00
0.337000	125.00
0.337020	124.00
0.337040	125.00
0.337060	125.00
0.337080	125.00
0.337100	125.00
0.337120	125.00
0.337140	124.00
0.337160	124.00
0.337180	124.00
0.337200	124.00
0.337220	125.00
0.337240	125.00
0.337260	126.00
0.337280	125.00
0.337300	125.00
0.337320	125.00
0.337340	125.00
0.337360	125.00
0.337380	125.00
0.337400	125.00
0.337420	125.00
0.337440	125.00
0.337460	125.00
0.337480	125.00
0.337500	125.00
0.337520	125.00
0.337540	125.00
0.337560	125.00
0.337580	125.00
0.337600	125.00
0.337620	125.00
0.337640	125.00
0.337660	125.00
0.337680	125.00
0.337700	125.00
0.337720	125.00
0.337740	125.00
0.337760	125.00
0.337780	126.00
0.337800	126.00
0.337820	126.00
0.337840	126.00
0.337860	126.00
0.337880	126.00
0.337900	126.00
0.337920	125.00
0.337940	125.00
0.337960	125.00
0.337980	125.00
0.338000	124.00
0.338020	123.00
0.338040	123.00
0.338060	123.00
0.338080	122.00
0.338100	122.00
0.338120	122.00
0.338140	123.00
0.338160	124.00
0.338180	126.00
0.338200	127.00
0.338220	129.00
0.338240	130.00
0.338260	131.00
0.338280	132.00
0.338300	132.00
0.338320	131.00
0.338340	130.00
0.338360	128.00
0.338380	126.00
0.338400	123.00
0.338420	121.00
0.338440	118.00
0.338460	116.00
0.338480	115.00
0.338500	115.00
0.338520	115.00
0.338540	116.00
0.338560	117.00
0.338580	120.00
0.338600	124.00
0.338620	128.00
0.338640	132.00
0.338660	137.00
0.338680	141.00
0.338700	143.00
0.338720	144.00
0.338740	143.00
0.338760	140.00
0.338780	135.00
0.338800	129.00
0.338820	121.00
0.338840	114.00
0.338860	106.00
0.338880	101.00
0.338900	97.00
0.338920	95.00
0.338940	97.00
0.338960	101.00
0.338980	107.00
0.339000	115.00
0.339020	125.00
0.339040	136.00
0.339060	146.00
0.339080	155.00
0.339100	160.00
0.339120	163.00
0.339140	162.00
0.339160	158.00
0.339180	152.00
0.339200	142.00
0.339220	130.00
0.339240	118.00
0.339260	106.00
0.339280	96.00
0.339300	89.00
0.339320	85.00
0.339340	84.00
0.339360	87.00
0.339380	93.00
0.339400	102.00
0.339420	113.00
0.339440	125.00
0.339460	136.00
0.339480	146.00
0.339500	155.00
0.339520	160.00
0.339540	162.00
0.339560	161.00
0.339580	157.00
0.339600	149.00
0.339620	140.00
0.339640	129.00
0.339660	119.00
0.339680	110.00
0.339700	103.00
0.339720	97.00
0.339740	94.00
0.339760	94.00
0.339780	97.00
0.339800	102.00
0.339820	109.00
0.339840	117.00
0.339860	125.00
0.339880	133.00
0.339900	139.00
0.339920	144.00
0.339940	148.00
0.339960	149.00
0.339980	147.00
0.340000	144.00
0.340020	139.00
0.340040	134.00
0.340060	128.00
0.340080	122.00
0.340100	117.00
0.340120	113.00
0.340140	110.00
0.340160	109.00
0.340180	109.00
0.340200	110.00
0.340220	113.00
0.340240	116.00
0.340260	120.00
0.340280	124.00
0.340300	128.00
0.340320	131.00
0.340340	134.00
0.340360	136.00
0.340380	136.00
0.340400	135.00
0.340420	134.00
0.340440	132.00
0.340460	130.00
0.340480	127.00
0.340500	125.00
0.340520	122.00
0.340540	120.00
0.340560	118.00
0.340580	117.00
0.340600	117.00
0.340620	117.00
0.340640	119.00
0.340660	120.00
0.340680	122.00
0.340700	124.00
0.340720	126.00
0.340740	127.00
0.340760	128.00
0.340780	129.00
0.340800	130.00
0.340820	130.00
0.340840	130.00
0.340860	129.00
0.340880	128.00
0.340900	126.00
0.340920	125.00
0.340940	124.00
0.340960	124.00
0.340980	123.00
0.341000	122.00
0.341020	121.00
0.341040	121.00
0.341060	121.00
0.341080	122.00
0.341100	123.00
0.341120	124.00
0.341140	124.00
0.341160	125.00
0.341180	126.00
0.341200	127.00
0.341220	127.00
0.341240	127.00
0.341260	127.00
0.341280	127.00
0.341300	126.00
0.341320	126.00
0.341340	126.00
0.341360	126.00
0.341380	126.00
0.341400	125.00
0.341420	124.00
0.341440	124.00
0.341460	124.00
0.341480	124.00
0.341500	124.00
0.341520	124.00
0.341540	125.00
0.341560	125.00
0.341580	125.00
0.341600	125.00
0.341620	125.00
0.341640	125.00
0.341660	125.00
0.341680	125.00
0.341700	125.00
0.341720	125.00
0.341740	125.00
0.341760	125.00
0.341780	125.00
0.341800	125.00
0.341820	124.00
0.341840	124.00
0.341860	125.00
0.341880	125.00
0.341900	126.00
0.341920	125.00
0.341940	125.00
0.341960	125.00
0.341980	125.00
0.342000	125.00
0.342020	125.00
0.342040	125.00
0.342060	125.00
0.342080	125.00
0.342100	124.00
0.342120	124.00
0.342140	124.00
0.342160	125.00
0.342180	125.00
0.342200	125.00
0.342220	125.00
0.342240	125.00
0.342260	125.00
0.342280	125.00
0.342300	125.00
0.342320	125.00
0.342340	125.00
0.342360	126.00
0.342380	126.00
0.342400	126.00
0.342420	126.00
0.342440	126.00
0.342460	125.00
0.342480	125.00
0.342500	124.00
0.342520	124.00
0.342540	124.00
0.342560	124.00
0.342580	124.00
0.342600	124.00
0.342620	124.00
0.342640	124.00
0.342660	124.00
0.342680	125.00
0.342700	125.00
0.342720	125.00
0.342740	125.00
0.342760	126.00
0.342780	126.00
0.342800	126.00
0.342820	126.00
0.342840	126.00
0.342860	126.00
0.342880	126.00
0.342900	125.00
0.342920	125.00
0.342940	124.00
0.342960	124.00
0.342980	124.00
0.343000	124.00
0.343020	124.00
0.343040	124.00
0.343060	124.00
0.343080	124.00
0.343100	125.00
0.343120	125.00
0.343140	125.00
0.343160	126.00
0.343180	126.00
0.343200	126.00
0.343220	126.00
0.343240	126.00
0.343260	126.00
0.343280	126.00
0.343300	126.00
0.343320	126.00
0.343340	126.00
0.343360	126.00
0.343380	126.00
0.343400	125.00
0.343420	124.00
0.343440	124.00
0.343460	124.00
0.343480	124.00
0.343500	124.00
0.343520	125.00
0.343540	125.00
0.343560	125.00
0.343580	125.00
0.343600	125.00
0.343620	125.00
0.343640	125.00
0.343660	125.00
0.343680	125.00
0.343700	125.00
0.343720	125.00
0.343740	125.00
0.343760	125.00
0.343780	125.00
0.343800	125.00
0.343820	125.00
0.343840	124.00
0.343860	124.00
0.343880	124.00
0.343900	125.00
0.343920	125.00
0.343940	125.00
0.343960	125.00
0.343980	125.00
0.344000	125.00
0.344020	125.00
0.344040	125.00
0.344060	125.00
0.344080	126.00
0.344100	126.00
0.344120	125.00
0.344140	125.00
0.344160	125.00
0.344180	124.00
0.344200	124.00
0.344220	124.00
0.344240	123.00
0.344260	123.00
0.344280	123.00
0.344300	123.00
0.344320	123.00
0.344340	124.00
0.344360	125.00
0.344380	125.00
0.344400	126.00
0.344420	127.00
0.344440	128.00
0.344460	129.00
0.344480	129.00
0.344500	129.00
0.344520	129.00
0.344540	128.00
0.344560	127.00
0.344580	126.00
0.344600	124.00
0.344620	122.00
0.344640	120.00
0.344660	119.00
0.344680	119.00
0.344700	119.00
0.344720	119.00
0.344740	119.00
0.344760	120.00
0.344780	122.00
0.344800	124.00
0.344820	126.00
0.344840	129.00
0.344860	131.00
0.344880	133.00
0.344900	135.00
0.344920	135.00
0.344940	135.00
0.344960	134.00
0.344980	132.00
0.345000	128.00
0.345020	124.00
0.345040	119.00
0.345060	115.00
0.345080	112.00
0.345100	109.00
0.345120	108.00
0.345140	109.00
0.345160	111.00
0.345180	114.00
0.345200	119.00
0.345220	125.00
0.345240	131.00
0.345260	136.00
0.345280	141.00
0.345300	145.00
0.345320	146.00
0.345340	145.00
0.345360	143.00
0.345380	139.00
0.345400	134.00
0.345420	127.00
0.345440	121.00
0.345460	115.00
0.345480	111.00
0.345500	108.00
0.345520	106.00
0.345540	106.00
0.345560	107.00
0.345580	111.00
0.345600	115.00
0.345620	120.00
0.345640	125.00
0.345660	130.00
0.345680	134.00
0.345700	136.00
0.345720	138.00
0.345740	138.00
0.345760	138.00
0.345780	136.00
0.345800	133.00
0.345820	130.00
0.345840	126.00
0.345860	123.00
0.345880	120.00
0.345900	118.00
0.345920	117.00
0.345940	117.00
0.345960	118.00
0.345980	118.00
0.346000	120.00
0.346020	121.00
0.346040	124.00
0.346060	126.00
0.346080	128.00
0.346100	129.00
0.346120	129.00
0.346140	129.00
0.346160	129.00
0.346180	128.00
0.346200	127.00
0.346220	126.00
0.346240	125.00
0.346260	124.00
0.346280	124.00
0.346300	123.00
0.346320	123.00
0.346340	123.00
0.346360	123.00
0.346380	124.00
0.346400	124.00
0.346420	124.00
0.346440	125.00
0.346460	125.00
0.346480	126.00
0.346500	126.00
0.346520	126.00
0.346540	126.00
0.346560	126.00
0.346580	126.00
0.346600	125.00
0.346620	125.00
0.346640	125.00
0.346660	125.00
0.346680	125.00
0.346700	124.00
0.346720	124.00
0.346740	124.00
0.346760	124.00
0.346780	125.00
0.346800	125.00
0.346820	125.00
0.346840	125.00
0.346860	125.00
0.346880	125.00
0.346900	125.00
0.346920	125.00
0.346940	125.00
0.346960	125.00
0.346980	125.00
0.347000	125.00
0.347020	124.00
0.347040	124.00
0.347060	124.00
0.347080	124.00
0.347100	124.00
0.347120	124.00
0.347140	124.00
0.347160	125.00
0.347180	125.00
0.347200	125.00
0.347220	125.00
0.347240	125.00
0.347260	126.00
0.347280	126.00
0.347300	126.00
0.347320	126.00
0.347340	126.00
0.347360	126.00
0.347380	125.00
0.347400	125.00
0.347420	125.00
0.347440	124.00
0.347460	124.00
0.347480	124.00
0.347500	124.00
0.347520	124.00
0.347540	125.00
0.347560	125.00
0.347580	125.00
0.347600	125.00
0.347620	125.00
0.347640	125.00
0.347660	125.00
0.347680	125.00
0.347700	125.00
0.347720	125.00
0.347740	125.00
0.347760	125.00
0.347780	125.00
0.347800	125.00
0.347820	125.00
0.347840	125.00
0.347860	125.00
0.347880	125.00
0.347900	125.00
0.347920	124.00
0.347940	124.00
0.347960	125.00
0.347980	125.00
0.348000	125.00
0.348020	125.00
0.348040	125.00
0.348060	125.00
0.348080	126.00
0.348100	126.00
0.348120	126.00
0.348140	125.00
0.348160	125.00
0.348180	125.00
0.348200	125.00
0.348220	125.00
0.348240	125.00
0.348260	125.00
0.348280	125.00
0.348300	124.00
0.348320	124.00
0.348340	124.00
0.348360	124.00
0.348380	124.00
0.348400	124.00
0.348420	124.00
0.348440	124.00
0.348460	125.00
0.348480	126.00
0.348500	126.00
0.348520	126.00
0.348540	126.00
0.348560	126.00
0.348580	126.00
0.348600	126.00
0.348620	126.00
0.348640	125.00
0.348660	124.00
0.348680	124.00
0.348700	124.00
0.348720	124.00
0.348740	124.00
0.348760	124.00
0.348780	124.00
0.348800	124.00
0.348820	125.00
0.348840	125.00
0.348860	125.00
0.348880	126.00
0.348900	126.00
0.348920	126.00
0.348940	126.00
0.348960	126.00
0.348980	126.00
0.349000	126.00
0.349020	126.00
0.349040	126.00
0.349060	125.00
0.349080	125.00
0.349100	124.00
0.349120	124.00
0.349140	124.00
0.349160	124.00
0.349180	123.00
0.349200	123.00
0.349220	123.00
0.349240	124.00
0.349260	125.00
0.349280	125.00
0.349300	126.00
0.349320	126.00
0.349340	126.00
0.349360	126.00
0.349380	127.00
0.349400	127.00
0.349420	126.00
0.349440	126.00
0.349460	126.00
0.349480	126.00
0.349500	126.00
0.349520	126.00
0.349540	125.00
0.349560	125.00
0.349580	124.00
0.349600	124.00
0.349620	124.00
0.349640	123.00
0.349660	123.00
0.349680	123.00
0.349700	123.00
0.349720	124.00
0.349740	124.00
0.349760	125.00
0.349780	126.00
0.349800	126.00
0.349820	126.00
0.349840	126.00
0.349860	126.00
0.349880	126.00
0.349900	126.00
0.349920	126.00
0.349940	125.00
0.349960	125.00
0.349980	125.00
0.350000	125.00
0.350020	124.00
0.350040	124.00
0.350060	124.00
0.350080	124.00
0.350100	124.00
0.350120	125.00
0.350140	125.00
0.350160	125.00
0.350180	125.00
0.350200	125.00
0.350220	125.00
0.350240	125.00
0.350260	126.00
0.350280	126.00
0.350300	126.00
0.350320	126.00
0.350340	125.00
0.350360	125.00
0.350380	125.00
0.350400	125.00
0.350420	125.00
0.350440	124.00
0.350460	124.00
0.350480	124.00
0.350500	124.00
0.350520	124.00
0.350540	124.00
0.350560	124.00
0.350580	124.00
0.350600	125.00
0.350620	126.00
0.350640	127.00
0.350660	128.00
0.350680	128.00
0.350700	128.00
0.350720	128.00
0.350740	127.00
0.350760	126.00
0.350780	126.00
0.350800	125.00
0.350820	124.00
0.350840	123.00
0.350860	122.00
0.350880	122.00
0.350900	121.00
0.350920	121.00
0.350940	121.00
0.350960	122.00
0.350980	122.00
0.351000	123.00
0.351020	124.00
0.351040	126.00
0.351060	128.00
0.351080	130.00
0.351100	131.00
0.351120	132.00
0.351140	132.00
0.351160	132.00
0.351180	131.00
0.351200	129.00
0.351220	126.00
0.351240	123.00
0.351260	120.00
0.351280	118.00
0.351300	116.00
0.351320	115.00
0.351340	115.00
0.351360	116.00
0.351380	117.00
0.351400	119.00
0.351420	122.00
0.351440	126.00
0.351460	130.00
0.351480	133.00
0.351500	136.00
0.351520	137.00
0.351540	138.00
0.351560	137.00
0.351580	136.00
0.351600	133.00
0.351620	130.00
0.351640	127.00
0.351660	124.00
0.351680	121.00
0.351700	118.00
0.351720	116.00
0.351740	114.00
0.351760	113.00
0.351780	114.00
0.351800	115.00
0.351820	116.00
0.351840	118.00
0.351860	121.00
0.351880	124.00
0.351900	127.00
0.351920	130.00
0.351940	132.00
0.351960	134.00
0.351980	135.00
0.352000	135.00
0.352020	135.00
0.352040	133.00
0.352060	131.00
0.352080	129.00
0.352100	127.00
0.352120	124.00
0.352140	122.00
0.352160	120.00
0.352180	118.00
0.352200	117.00
0.352220	117.00
0.352240	117.00
0.352260	118.00
0.352280	119.00
0.352300	121.00
0.352320	123.00
0.352340	125.00
0.352360	127.00
0.352380	129.00
0.352400	130.00
0.352420	131.00
0.352440	131.00
0.352460	131.00
0.352480	130.00
0.352500	129.00
0.352520	128.00
0.352540	126.00
0.352560	125.00
0.352580	124.00
0.352600	123.00
0.352620	122.00
0.352640	121.00
0.352660	121.00
0.352680	121.00
0.352700	121.00
0.352720	122.00
0.352740	123.00
0.352760	124.00
0.352780	125.00
0.352800	126.00
0.352820	126.00
0.352840	127.00
0.352860	127.00
0.352880	128.00
0.352900	128.00
0.352920	127.00
0.352940	127.00
0.352960	126.00
0.352980	126.00
0.353000	125.00
0.353020	125.00
0.353040	124.00
0.353060	124.00
0.353080	123.00
0.353100	123.00
0.353120	123.00
0.353140	123.00
0.353160	124.00
0.353180	124.00
0.353200	124.00
0.353220	125.00
0.353240	125.00
0.353260	126.00
0.353280	126.00
0.353300	126.00
0.353320	126.00
0.353340	126.00
0.353360	126.00
0.353380	125.00
0.353400	125.00
0.353420	125.00
0.353440	125.00
0.353460	124.00
0.353480	124.00
0.353500	124.00
0.353520	124.00
0.353540	125.00
0.353560	125.00
0.353580	125.00
0.353600	125.00
0.353620	125.00
0.353640	124.00
0.353660	124.00
0.353680	124.00
0.353700	125.00
0.353720	125.00
0.353740	125.00
0.353760	125.00
0.353780	125.00
0.353800	125.00
0.353820	125.00
0.353840	125.00
0.353860	125.00
0.353880	124.00
0.353900	124.00
0.353920	124.00
0.353940	124.00
0.353960	124.00
0.353980	125.00
0.354000	125.00
0.354020	125.00
0.354040	125.00
0.354060	125.00
0.354080	125.00
0.354100	125.00
0.354120	125.00
0.354140	125.00
0.354160	125.00
0.354180	125.00
0.354200	125.00
0.354220	125.00
0.354240	125.00
0.354260	125.00
0.354280	125.00
0.354300	125.00
0.354320	125.00
0.354340	125.00
0.354360	125.00
0.354380	125.00
0.354400	125.00
0.354420	124.00
0.354440	124.00
0.354460	124.00
0.354480	124.00
0.354500	124.00
0.354520	124.00
0.354540	124.00
0.354560	125.00
0.354580	125.00
0.354600	125.00
0.354620	126.00
0.354640	126.00
0.354660	126.00
0.354680	126.00
0.354700	126.00
0.354720	126.00
0.354740	126.00
0.354760	125.00
0.354780	125.00
0.354800	125.00
0.354820	124.00
0.354840	124.00
0.354860	124.00
0.354880	124.00
0.354900	124.00
0.354920	123.00
0.354940	123.00
0.354960	123.00
0.354980	124.00
0.355000	125.00
0.355020	125.00
0.355040	126.00
0.355060	126.00
0.355080	126.00
0.355100	127.00
0.355120	127.00
0.355140	127.00
0.355160	126.00
0.355180	126.00
0.355200	126.00
0.355220	125.00
0.355240	124.00
0.355260	124.00
0.355280	123.00
0.355300	122.00
0.355320	122.00
0.355340	122.00
0.355360	123.00
0.355380	124.00
0.355400	124.00
0.355420	124.00
0.355440	125.00
0.355460	125.00
0.355480	126.00
0.355500	127.00
0.355520	127.00
0.355540	127.00
0.355560	127.00
0.355580	127.00
0.355600	126.00
0.355620	125.00
0.355640	125.00
0.355660	124.00
0.355680	123.00
0.355700	123.00
0.355720	122.00
0.355740	122.00
0.355760	123.00
0.355780	123.00
0.355800	124.00
0.355820	124.00
0.355840	125.00
0.355860	125.00
0.355880	126.00
0.355900	126.00
0.355920	126.00
0.355940	126.00
0.355960	126.00
0.355980	126.00
0.356000	126.00
0.356020	125.00
0.356040	125.00
0.356060	125.00
0.356080	125.00
0.356100	125.00
0.356120	124.00
0.356140	124.00
0.356160	124.00
0.356180	124.00
0.356200	124.00
0.356220	124.00
0.356240	124.00
0.356260	125.00
0.356280	125.00
0.356300	125.00
0.356320	125.00
0.356340	126.00
0.356360	126.00
0.356380	126.00
0.356400	126.00
0.356420	125.00
0.356440	125.00
0.356460	125.00
0.356480	125.00
0.356500	125.00
0.356520	125.00
0.356540	125.00
0.356560	125.00
0.356580	125.00
0.356600	125.00
0.356620	124.00
0.356640	124.00
0.356660	124.00
0.356680	124.00
0.356700	124.00
0.356720	124.00
0.356740	124.00
0.356760	125.00
0.356780	125.00
0.356800	126.00
0.356820	126.00
0.356840	126.00
0.356860	126.00
0.356880	126.00
0.356900	126.00
0.356920	126.00
0.356940	126.00
0.356960	126.00
0.356980	126.00
0.357000	125.00
0.357020	124.00
0.357040	123.00
0.357060	123.00
0.357080	123.00
0.357100	123.00
0.357120	123.00
0.357140	122.00
0.357160	122.00
0.357180	122.00
0.357200	123.00
0.357220	124.00
0.357240	125.00
0.357260	126.00
0.357280	128.00
0.357300	129.00
0.357320	130.00
0.357340	130.00
0.357360	130.00
0.357380	129.00
0.357400	128.00
0.357420	126.00
0.357440	124.00
0.357460	122.00
0.357480	120.00
0.357500	119.00
0.357520	118.00
0.357540	117.00
0.357560	117.00
0.357580	118.00
0.357600	120.00
0.357620	122.00
0.357640	125.00
0.357660	127.00
0.357680	129.00
0.357700	131.00
0.357720	133.00
0.357740	134.00
0.357760	134.00
0.357780	134.00
0.357800	133.00
0.357820	131.00
0.357840	128.00
0.357860	125.00
0.357880	122.00
0.357900	120.00
0.357920	117.00
0.357940	116.00
0.357960	115.00
0.357980	114.00
0.358000	115.00
0.358020	116.00
0.358040	118.00
0.358060	121.00
0.358080	125.00
0.358100	128.00
0.358120	131.00
0.358140	133.00
0.358160	135.00
0.358180	135.00
0.358200	135.00
0.358220	134.00
0.358240	132.00
0.358260	130.00
0.358280	128.00
0.358300	126.00
0.358320	123.00
0.358340	120.00
0.358360	118.00
0.358380	117.00
0.358400	117.00
0.358420	117.00
0.358440	118.00
0.358460	119.00
0.358480	121.00
0.358500	123.00
0.358520	126.00
0.358540	128.00
0.358560	129.00
0.358580	131.00
0.358600	131.00
0.358620	131.00
0.358640	130.00
0.358660	129.00
0.358680	128.00
0.358700	127.00
0.358720	126.00
0.358740	124.00
0.358760	122.00
0.358780	121.00
0.358800	120.00
0.358820	119.00
0.358840	120.00
0.358860	121.00
0.358880	122.00
0.358900	123.00
0.358920	124.00
0.358940	125.00
0.358960	126.00
0.358980	127.00
0.359000	128.00
0.359020	128.00
0.359040	128.00
0.359060	128.00
0.359080	128.00
0.359100	127.00
0.359120	126.00
0.359140	125.00
0.359160	124.00
0.359180	124.00
0.359200	123.00
0.359220	122.00
0.359240	122.00
0.359260	122.00
0.359280	123.00
0.359300	123.00
0.359320	123.00
0.359340	123.00
0.359360	124.00
0.359380	125.00
0.359400	126.00
0.359420	126.00
0.359440	126.00
0.359460	126.00
0.359480	126.00
0.359500	126.00
0.359520	126.00
0.359540	126.00
0.359560	125.00
0.359580	125.00
0.359600	125.00
0.359620	124.00
0.359640	124.00
0.359660	124.00
0.359680	124.00
0.359700	124.00
0.359720	124.00
0.359740	124.00
0.359760	124.00
0.359780	124.00
0.359800	124.00
0.359820	125.00
0.359840	126.00
0.359860	126.00
0.359880	127.00
0.359900	126.00
0.359920	126.00
0.359940	125.00
0.359960	125.00
0.359980	126.00
