0.320000	101.00
0.320020	49.00
0.320040	102.00
0.320060	141.00
0.320080	144.00
0.320100	124.00
0.320120	111.00
0.320140	117.00
0.320160	130.00
0.320180	133.00
0.320200	125.00
0.320220	118.00
0.320240	121.00
0.320260	128.00
0.320280	130.00
0.320300	124.00
0.320320	120.00
0.320340	122.00
0.320360	127.00
0.320380	128.00
0.320400	124.00
0.320420	121.00
0.320440	122.00
0.320460	127.00
0.320480	128.00
0.320500	124.00
0.320520	121.00
0.320540	123.00
0.320560	127.00
0.320580	128.00
0.320600	125.00
0.320620	123.00
0.320640	124.00
0.320660	127.00
0.320680	128.00
0.320700	125.00
0.320720	123.00
0.320740	124.00
0.320760	126.00
0.320780	127.00
0.320800	125.00
0.320820	124.00
0.320840	124.00
0.320860	126.00
0.320880	126.00
0.320900	124.00
0.320920	123.00
0.320940	123.00
0.320960	126.00
0.320980	126.00
0.321000	124.00
0.321020	123.00
0.321040	123.00
0.321060	125.00
0.321080	126.00
0.321100	125.00
0.321120	124.00
0.321140	124.00
0.321160	125.00
0.321180	125.00
0.321200	124.00
0.321220	123.00
0.321240	124.00
0.321260	126.00
0.321280	126.00
0.321300	125.00
0.321320	124.00
0.321340	125.00
0.321360	126.00
0.321380	126.00
0.321400	125.00
0.321420	124.00
0.321440	124.00
0.321460	126.00
0.321480	126.00
0.321500	125.00
0.321520	124.00
0.321540	124.00
0.321560	125.00
0.321580	125.00
0.321600	125.00
0.321620	124.00
0.321640	124.00
0.321660	125.00
0.321680	126.00
0.321700	125.00
0.321720	124.00
0.321740	125.00
0.321760	126.00
0.321780	126.00
0.321800	125.00
0.321820	124.00
0.321840	124.00
0.321860	125.00
0.321880	125.00
0.321900	125.00
0.321920	124.00
0.321940	124.00
0.321960	125.00
0.321980	125.00
0.322000	125.00
0.322020	124.00
0.322040	124.00
0.322060	125.00
0.322080	125.00
0.322100	124.00
0.322120	124.00
0.322140	124.00
0.322160	125.00
0.322180	125.00
0.322200	124.00
0.322220	124.00
0.322240	125.00
0.322260	126.00
0.322280	126.00
0.322300	125.00
0.322320	125.00
0.322340	125.00
0.322360	126.00
0.322380	126.00
0.322400	125.00
0.322420	125.00
0.322440	125.00
0.322460	125.00
0.322480	125.00
0.322500	124.00
0.322520	124.00
0.322540	124.00
0.322560	125.00
0.322580	125.00
0.322600	124.00
0.322620	124.00
0.322640	124.00
0.322660	125.00
0.322680	125.00
0.322700	124.00
0.322720	124.00
0.322740	125.00
0.322760	125.00
0.322780	125.00
0.322800	124.00
0.322820	124.00
0.322840	124.00
0.322860	125.00
0.322880	125.00
0.322900	124.00
0.322920	124.00
0.322940	124.00
0.322960	125.00
0.322980	125.00
0.323000	124.00
0.323020	124.00
0.323040	124.00
0.323060	125.00
0.323080	125.00
0.323100	124.00
0.323120	124.00
0.323140	124.00
0.323160	124.00
0.323180	125.00
0.323200	125.00
0.323220	125.00
0.323240	125.00
0.323260	125.00
0.323280	125.00
0.323300	124.00
0.323320	124.00
0.323340	125.00
0.323360	126.00
0.323380	126.00
0.323400	125.00
0.323420	124.00
0.323440	124.00
0.323460	125.00
0.323480	125.00
0.323500	124.00
0.323520	124.00
0.323540	124.00
0.323560	125.00
0.323580	126.00
0.323600	125.00
0.323620	124.00
0.323640	124.00
0.323660	124.00
0.323680	125.00
0.323700	124.00
0.323720	124.00
0.323740	124.00
0.323760	124.00
0.323780	125.00
0.323800	124.00
0.323820	124.00
0.323840	124.00
0.323860	125.00
0.323880	125.00
0.323900	125.00
0.323920	125.00
0.323940	125.00
0.323960	126.00
0.323980	125.00
0.324000	124.00
0.324020	124.00
0.324040	125.00
0.324060	125.00
0.324080	125.00
0.324100	124.00
0.324120	124.00
0.324140	125.00
0.324160	126.00
0.324180	126.00
0.324200	125.00
0.324220	124.00
0.324240	125.00
0.324260	125.00
0.324280	126.00
0.324300	125.00
0.324320	125.00
0.324340	125.00
0.324360	126.00
0.324380	126.00
0.324400	125.00
0.324420	125.00
0.324440	125.00
0.324460	126.00
0.324480	126.00
0.324500	125.00
0.324520	125.00
0.324540	125.00
0.324560	125.00
0.324580	125.00
0.324600	125.00
0.324620	124.00
0.324640	125.00
0.324660	125.00
0.324680	125.00
0.324700	124.00
0.324720	124.00
0.324740	124.00
0.324760	125.00
0.324780	125.00
0.324800	124.00
0.324820	124.00
0.324840	124.00
0.324860	125.00
0.324880	126.00
0.324900	125.00
0.324920	125.00
0.324940	125.00
0.324960	125.00
0.324980	125.00
0.325000	124.00
0.325020	124.00
0.325040	124.00
0.325060	125.00
0.325080	125.00
0.325100	124.00
0.325120	124.00
0.325140	124.00
0.325160	124.00
0.325180	125.00
0.325200	124.00
0.325220	124.00
0.325240	124.00
0.325260	125.00
0.325280	124.00
0.325300	124.00
0.325320	123.00
0.325340	123.00
0.325360	122.00
0.325380	121.00
0.325400	120.00
0.325420	120.00
0.325440	121.00
0.325460	124.00
0.325480	126.00
0.325500	129.00
0.325520	133.00
0.325540	137.00
0.325560	141.00
0.325580	145.00
0.325600	146.00
0.325620	146.00
0.325640	143.00
0.325660	137.00
0.325680	128.00
0.325700	117.00
0.325720	106.00
0.325740	97.00
0.325760	90.00
0.325780	84.00
0.325800	79.00
0.325820	78.00
0.325840	82.00
0.325860	91.00
0.325880	105.00
0.325900	121.00
0.325920	140.00
0.325940	158.00
0.325960	174.00
0.325980	185.00
0.326000	191.00
0.326020	194.00
0.326040	193.00
0.326060	188.00
0.326080	176.00
0.326100	156.00
0.326120	130.00
0.326140	101.00
0.326160	71.00
0.326180	43.00
0.326200	20.00
0.326220	6.00
0.326240	2.00
0.326260	8.00
0.326280	25.00
0.326300	53.00
0.326320	92.00
0.326340	139.00
0.326360	186.00
0.326380	223.00
0.326400	246.00
0.326420	255.00
0.326440	255.00
0.326460	251.00
0.326480	240.00
0.326500	216.00
0.326520	175.00
0.326540	119.00
0.326560	60.00
0.326580	15.00
0.326600	0.00
0.326620	0.00
0.326640	5.00
0.326660	7.00
0.326680	0.00
0.326700	0.00
0.326720	10.00
0.326740	59.00
0.326760	128.00
0.326780	194.00
0.326800	238.00
0.326820	255.00
0.326840	255.00
0.326860	255.00
0.326880	255.00
0.326900	254.00
0.326920	240.00
0.326940	209.00
0.326960	160.00
0.326980	101.00
0.327000	46.00
0.327020	9.00
0.327040	0.00
0.327060	0.00
0.327080	4.00
0.327100	3.00
0.327120	0.00
0.327140	2.00
0.327160	28.00
0.327180	75.00
0.327200	131.00
0.327220	180.00
0.327240	215.00
0.327260	235.00
0.327280	244.00
0.327300	246.00
0.327320	240.00
0.327340	227.00
0.327360	207.00
0.327380	180.00
0.327400	147.00
0.327420	112.00
0.327440	78.00
0.327460	51.00
0.327480	31.00
0.327500	20.00
0.327520	19.00
0.327540	25.00
0.327560	40.00
0.327580	61.00
0.327600	87.00
0.327620	113.00
0.327640	138.00
0.327660	160.00
0.327680	177.00
0.327700	188.00
0.327720	192.00
0.327740	191.00
0.327760	184.00
0.327780	174.00
0.327800	160.00
0.327820	144.00
0.327840	127.00
0.327860	112.00
0.327880	99.00
0.327900	90.00
0.327920	83.00
0.327940	80.00
0.327960	82.00
0.327980	87.00
0.328000	95.00
0.328020	105.00
0.328040	115.00
0.328060	125.00
0.328080	135.00
0.328100	143.00
0.328120	148.00
0.328140	152.00
0.328160	153.00
0.328180	151.00
0.328200	148.00
0.328220	142.00
0.328240	135.00
0.328260	129.00
0.328280	122.00
0.328300	117.00
0.328320	112.00
0.328340	108.00
0.328360	107.00
0.328380	108.00
0.328400	109.00
0.328420	112.00
0.328440	115.00
0.328460	119.00
0.328480	124.00
0.328500	128.00
0.328520	131.00
0.328540	133.00
0.328560	135.00
0.328580	136.00
0.328600	137.00
0.328620	136.00
0.328640	134.00
0.328660	132.00
0.328680	129.00
0.328700	126.00
0.328720	123.00
0.328740	121.00
0.328760	119.00
0.328780	118.00
0.328800	118.00
0.328820	118.00
0.328840	119.00
0.328860	120.00
0.328880	121.00
0.328900	123.00
0.328920	125.00
0.328940	126.00
0.328960	127.00
0.328980	128.00
0.329000	129.00
0.329020	129.00
0.329040	129.00
0.329060	129.00
0.329080	128.00
0.329100	127.00
0.329120	126.00
0.329140	125.00
0.329160	124.00
0.329180	123.00
0.329200	123.00
0.329220	123.00
0.329240	123.00
0.329260	123.00
0.329280	123.00
0.329300	124.00
0.329320	124.00
0.329340	124.00
0.329360	125.00
0.329380	126.00
0.329400	126.00
0.329420	126.00
0.329440	127.00
0.329460	127.00
0.329480	127.00
0.329500	126.00
0.329520	126.00
0.329540	125.00
0.329560	125.00
0.329580	125.00
0.329600	124.00
0.329620	124.00
0.329640	124.00
0.329660	124.00
0.329680	124.00
0.329700	124.00
0.329720	124.00
0.329740	124.00
0.329760	125.00
0.329780	124.00
0.329800	124.00
0.329820	125.00
0.329840	125.00
0.329860	126.00
0.329880	126.00
0.329900	126.00
0.329920	126.00
0.329940	126.00
0.329960	126.00
0.329980	126.00
0.330000	125.00
0.330020	125.00
0.330040	125.00
0.330060	125.00
0.330080	125.00
0.330100	124.00
0.330120	124.00
0.330140	124.00
0.330160	125.00
0.330180	125.00
0.330200	125.00
0.330220	125.00
0.330240	125.00
0.330260	125.00
0.330280	125.00
0.330300	125.00
0.330320	125.00
0.330340	125.00
0.330360	125.00
0.330380	125.00
0.330400	125.00
0.330420	125.00
0.330440	125.00
0.330460	125.00
0.330480	125.00
0.330500	125.00
0.330520	124.00
0.330540	124.00
0.330560	125.00
0.330580	125.00
0.330600	125.00
0.330620	125.00
0.330640	125.00
0.330660	125.00
0.330680	125.00
0.330700	125.00
0.330720	125.00
0.330740	125.00
0.330760	125.00
0.330780	125.00
0.330800	124.00
0.330820	124.00
0.330840	125.00
0.330860	125.00
0.330880	126.00
0.330900	125.00
0.330920	125.00
0.330940	125.00
0.330960	125.00
0.330980	125.00
0.331000	125.00
0.331020	124.00
0.331040	124.00
0.331060	125.00
0.331080	125.00
0.331100	125.00
0.331120	125.00
0.331140	125.00
0.331160	125.00
0.331180	125.00
0.331200	125.00
0.331220	125.00
0.331240	125.00
0.331260	125.00
0.331280	125.00
0.331300	125.00
0.331320	125.00
0.331340	125.00
0.331360	125.00
0.331380	125.00
0.331400	125.00
0.331420	125.00
0.331440	125.00
0.331460	125.00
0.331480	125.00
0.331500	125.00
0.331520	125.00
0.331540	125.00
0.331560	126.00
0.331580	126.00
0.331600	126.00
0.331620	126.00
0.331640	126.00
0.331660	126.00
0.331680	126.00
0.331700	125.00
0.331720	124.00
0.331740	122.00
0.331760	121.00
0.331780	121.00
0.331800	120.00
0.331820	120.00
0.331840	121.00
0.331860	122.00
0.331880	124.00
0.331900	126.00
0.331920	129.00
0.331940	131.00
0.331960	133.00
0.331980	135.00
0.332000	135.00
0.332020	135.00
0.332040	134.00
0.332060	132.00
0.332080	129.00
0.332100	125.00
0.332120	120.00
0.332140	116.00
0.332160	113.00
0.332180	110.00
0.332200	108.00
0.332220	107.00
0.332240	108.00
0.332260	110.00
0.332280	114.00
0.332300	119.00
0.332320	125.00
0.332340	132.00
0.332360	140.00
0.332380	146.00
0.332400	151.00
0.332420	154.00
0.332440	155.00
0.332460	153.00
0.332480	149.00
0.332500	141.00
0.332520	131.00
0.332540	119.00
0.332560	107.00
0.332580	95.00
0.332600	85.00
0.332620	79.00
0.332640	77.00
0.332660	79.00
0.332680	86.00
0.332700	96.00
0.332720	110.00
0.332740	126.00
0.332760	143.00
0.332780	159.00
0.332800	171.00
0.332820	180.00
0.332840	185.00
0.332860	184.00
0.332880	179.00
0.332900	167.00
0.332920	152.00
0.332940	134.00
0.332960	115.00
0.332980	98.00
0.333000	82.00
0.333020	70.00
0.333040	62.00
0.333060	60.00
0.333080	65.00
0.333100	74.00
0.333120	87.00
0.333140	104.00
0.333160	122.00
0.333180	140.00
0.333200	156.00
0.333220	169.00
0.333240	177.00
0.333260	181.00
0.333280	180.00
0.333300	174.00
0.333320	164.00
0.333340	151.00
0.333360	136.00
0.333380	121.00
0.333400	107.00
0.333420	94.00
0.333440	85.00
0.333460	79.00
0.333480	78.00
0.333500	81.00
0.333520	88.00
0.333540	97.00
0.333560	108.00
0.333580	120.00
0.333600	131.00
0.333620	142.00
0.333640	150.00
0.333660	156.00
0.333680	159.00
0.333700	158.00
0.333720	155.00
0.333740	150.00
0.333760	143.00
0.333780	134.00
0.333800	125.00
0.333820	117.00
0.333840	110.00
0.333860	105.00
0.333880	102.00
0.333900	101.00
0.333920	101.00
0.333940	103.00
0.333960	108.00
0.333980	113.00
0.334000	119.00
0.334020	125.00
0.334040	130.00
0.334060	135.00
0.334080	139.00
0.334100	141.00
0.334120	142.00
0.334140	141.00
0.334160	139.00
0.334180	136.00
0.334200	132.00
0.334220	128.00
0.334240	124.00
0.334260	120.00
0.334280	117.00
0.334300	115.00
0.334320	114.00
0.334340	114.00
0.334360	115.00
0.334380	117.00
0.334400	119.00
0.334420	121.00
0.334440	123.00
0.334460	126.00
0.334480	128.00
0.334500	130.00
0.334520	131.00
0.334540	132.00
0.334560	132.00
0.334580	131.00
0.334600	130.00
0.334620	129.00
0.334640	127.00
0.334660	126.00
0.334680	125.00
0.334700	123.00
0.334720	122.00
0.334740	122.00
0.334760	121.00
0.334780	121.00
0.334800	122.00
0.334820	122.00
0.334840	123.00
0.334860	124.00
0.334880	124.00
0.334900	125.00
0.334920	126.00
0.334940	127.00
0.334960	127.00
0.334980	127.00
0.335000	127.00
0.335020	127.00
0.335040	126.00
0.335060	126.00
0.335080	126.00
0.335100	125.00
0.335120	124.00
0.335140	124.00
0.335160	124.00
0.335180	124.00
0.335200	124.00
0.335220	124.00
0.335240	124.00
0.335260	124.00
0.335280	124.00
0.335300	125.00
0.335320	125.00
0.335340	125.00
0.335360	125.00
0.335380	125.00
0.335400	125.00
0.335420	125.00
0.335440	125.00
0.335460	126.00
0.335480	126.00
0.335500	125.00
0.335520	125.00
0.335540	125.00
0.335560	125.00
0.335580	125.00
0.335600	125.00
0.335620	125.00
0.335640	125.00
0.335660	125.00
0.335680	125.00
0.335700	125.00
0.335720	125.00
0.335740	125.00
0.335760	125.00
0.335780	125.00
0.335800	125.00
0.335820	125.00
0.335840	125.00
0.335860	125.00
0.335880	125.00
0.335900	125.00
0.335920	125.00
0.335940	125.00
0.335960	125.00
0.335980	125.00
0.336000	125.00
0.336020	125.00
0.336040	125.00
0.336060	126.00
0.336080	126.00
0.336100	126.00
0.336120	125.00
0.336140	124.00
0.336160	124.00
0.336180	125.00
0.336200	125.00
0.336220	125.00
0.336240	125.00
0.336260	125.00
0.336280	125.00
0.336300	125.00
0.336320	125.00
0.336340	125.00
0.336360	125.00
0.336380	125.00
0.336400	125.00
0.336420	125.00
0.336440	125.00
0.336460	125.00
0.336480	125.00
0.336500	125.00
0.336520	125.00
0.336540	125.00
0.336560	125.00
0.336580	125.00
0.336600	125.00
0.336620	125.00
0.336640	125.00
0.336660	125.00
0.336680	125.00
0.336700	125.00
0.336720	125.00
0.336740	124.00
0.336760	124.00
0.336780	124.00
0.336800	124.00
0.336820	125.00
0.336840	125.00
0.336860	124.00
0.336880	124.00
0.336900	124.00
0.336920	124.00
0.336940	124.00
0.336960	124.00
0.336980	124.00
0.337000	125.00
0.337020	125.00
0.337040	125.00
0.337060	125.00
0.337080	125.00
0.337100	125.00
0.337120	125.00
0.337140	125.00
0.337160	125.00
0.337180	125.00
0.337200	125.00
0.337220	125.00
0.337240	125.00
0.337260	125.00
0.337280	124.00
0.337300	124.00
0.337320	124.00
0.337340	125.00
0.337360	125.00
0.337380	125.00
0.337400	125.00
0.337420	125.00
0.337440	126.00
0.337460	126.00
0.337480	126.00
0.337500	125.00
0.337520	125.00
0.337540	125.00
0.337560	125.00
0.337580	125.00
0.337600	125.00
0.337620	125.00
0.337640	125.00
0.337660	125.00
0.337680	125.00
0.337700	125.00
0.337720	125.00
0.337740	125.00
0.337760	125.00
0.337780	125.00
0.337800	125.00
0.337820	125.00
0.337840	125.00
0.337860	125.00
0.337880	125.00
0.337900	124.00
0.337920	123.00
0.337940	123.00
0.337960	123.00
0.337980	123.00
0.338000	122.00
0.338020	122.00
0.338040	122.00
0.338060	123.00
0.338080	124.00
0.338100	126.00
0.338120	127.00
0.338140	128.00
0.338160	130.00
0.338180	131.00
0.338200	131.00
0.338220	131.00
0.338240	130.00
0.338260	129.00
0.338280	127.00
0.338300	125.00
0.338320	122.00
0.338340	120.00
0.338360	118.00
0.338380	117.00
0.338400	116.00
0.338420	116.00
0.338440	116.00
0.338460	117.00
0.338480	118.00
0.338500	121.00
0.338520	125.00
0.338540	128.00
0.338560	132.00
0.338580	136.00
0.338600	139.00
0.338620	140.00
0.338640	141.00
0.338660	140.00
0.338680	138.00
0.338700	134.00
0.338720	129.00
0.338740	123.00
0.338760	116.00
0.338780	110.00
0.338800	105.00
0.338820	101.00
0.338840	100.00
0.338860	101.00
0.338880	105.00
0.338900	110.00
0.338920	117.00
0.338940	126.00
0.338960	135.00
0.338980	143.00
0.339000	150.00
0.339020	155.00
0.339040	156.00
0.339060	155.00
0.339080	150.00
0.339100	144.00
0.339120	136.00
0.339140	127.00
0.339160	118.00
0.339180	110.00
0.339200	103.00
0.339220	99.00
0.339240	97.00
0.339260	97.00
0.339280	100.00
0.339300	104.00
0.339320	110.00
0.339340	118.00
0.339360	126.00
0.339380	133.00
0.339400	139.00
0.339420	143.00
0.339440	145.00
0.339460	146.00
0.339480	145.00
0.339500	141.00
0.339520	137.00
0.339540	132.00
0.339560	127.00
0.339580	122.00
0.339600	117.00
0.339620	114.00
0.339640	112.00
0.339660	112.00
0.339680	112.00
0.339700	114.00
0.339720	116.00
0.339740	119.00
0.339760	123.00
0.339780	126.00
0.339800	129.00
0.339820	131.00
0.339840	132.00
0.339860	133.00
0.339880	133.00
0.339900	132.00
0.339920	130.00
0.339940	128.00
0.339960	126.00
0.339980	124.00
0.340000	123.00
0.340020	122.00
0.340040	121.00
0.340060	121.00
0.340080	121.00
0.340100	121.00
0.340120	122.00
0.340140	124.00
0.340160	125.00
0.340180	126.00
0.340200	127.00
0.340220	127.00
0.340240	128.00
0.340260	128.00
0.340280	128.00
0.340300	127.00
0.340320	126.00
0.340340	126.00
0.340360	125.00
0.340380	124.00
0.340400	124.00
0.340420	123.00
0.340440	123.00
0.340460	123.00
0.340480	123.00
0.340500	123.00
0.340520	123.00
0.340540	124.00
0.340560	125.00
0.340580	125.00
0.340600	126.00
0.340620	125.00
0.340640	125.00
0.340660	126.00
0.340680	126.00
0.340700	126.00
0.340720	126.00
0.340740	126.00
0.340760	126.00
0.340780	126.00
0.340800	125.00
0.340820	125.00
0.340840	124.00
0.340860	124.00
0.340880	124.00
0.340900	124.00
0.340920	124.00
0.340940	124.00
0.340960	124.00
0.340980	125.00
0.341000	125.00
0.341020	125.00
0.341040	125.00
0.341060	126.00
0.341080	126.00
0.341100	126.00
0.341120	126.00
0.341140	126.00
0.341160	125.00
0.341180	125.00
0.341200	125.00
0.341220	125.00
0.341240	124.00
0.341260	124.00
0.341280	125.00
0.341300	125.00
0.341320	125.00
0.341340	125.00
0.341360	125.00
0.341380	125.00
0.341400	125.00
0.341420	124.00
0.341440	125.00
0.341460	125.00
0.341480	125.00
0.341500	126.00
0.341520	126.00
0.341540	125.00
0.341560	125.00
0.341580	125.00
0.341600	124.00
0.341620	124.00
0.341640	124.00
0.341660	124.00
0.341680	124.00
0.341700	124.00
0.341720	124.00
0.341740	124.00
0.341760	125.00
0.341780	125.00
0.341800	126.00
0.341820	126.00
0.341840	126.00
0.341860	126.00
0.341880	126.00
0.341900	125.00
0.341920	125.00
0.341940	125.00
0.341960	125.00
0.341980	124.00
0.342000	124.00
0.342020	124.00
0.342040	124.00
0.342060	124.00
0.342080	124.00
0.342100	124.00
0.342120	125.00
0.342140	125.00
0.342160	125.00
0.342180	125.00
0.342200	126.00
0.342220	126.00
0.342240	126.00
0.342260	126.00
0.342280	126.00
0.342300	126.00
0.342320	126.00
0.342340	126.00
0.342360	125.00
0.342380	124.00
0.342400	124.00
0.342420	123.00
0.342440	123.00
0.342460	123.00
0.342480	123.00
0.342500	124.00
0.342520	124.00
0.342540	124.00
0.342560	125.00
0.342580	125.00
0.342600	125.00
0.342620	126.00
0.342640	126.00
0.342660	126.00
0.342680	126.00
0.342700	126.00
0.342720	126.00
0.342740	125.00
0.342760	125.00
0.342780	125.00
0.342800	124.00
0.342820	124.00
0.342840	123.00
0.342860	123.00
0.342880	123.00
0.342900	123.00
0.342920	124.00
0.342940	124.00
0.342960	124.00
0.342980	124.00
0.343000	124.00
0.343020	124.00
0.343040	125.00
0.343060	126.00
0.343080	126.00
0.343100	126.00
0.343120	126.00
0.343140	125.00
0.343160	125.00
0.343180	125.00
0.343200	125.00
0.343220	125.00
0.343240	125.00
0.343260	125.00
0.343280	125.00
0.343300	125.00
0.343320	124.00
0.343340	124.00
0.343360	124.00
0.343380	125.00
0.343400	125.00
0.343420	125.00
0.343440	125.00
0.343460	125.00
0.343480	125.00
0.343500	125.00
0.343520	125.00
0.343540	125.00
0.343560	125.00
0.343580	125.00
0.343600	125.00
0.343620	125.00
0.343640	125.00
0.343660	125.00
0.343680	125.00
0.343700	125.00
0.343720	125.00
0.343740	124.00
0.343760	124.00
0.343780	124.00
0.343800	124.00
0.343820	124.00
0.343840	124.00
0.343860	124.00
0.343880	125.00
0.343900	125.00
0.343920	125.00
0.343940	125.00
0.343960	126.00
0.343980	126.00
0.344000	126.00
0.344020	126.00
0.344040	125.00
0.344060	125.00
0.344080	124.00
0.344100	124.00
0.344120	124.00
0.344140	124.00
0.344160	124.00
0.344180	124.00
0.344200	124.00
0.344220	123.00
0.344240	123.00
0.344260	124.00
0.344280	125.00
0.344300	126.00
0.344320	127.00
0.344340	127.00
0.344360	128.00
0.344380	129.00
0.344400	129.00
0.344420	129.00
0.344440	129.00
0.344460	128.00
0.344480	127.00
0.344500	126.00
0.344520	125.00
0.344540	123.00
0.344560	122.00
0.344580	121.00
0.344600	120.00
0.344620	119.00
0.344640	118.00
0.344660	118.00
0.344680	119.00
0.344700	121.00
0.344720	123.00
0.344740	125.00
0.344760	128.00
0.344780	130.00
0.344800	133.00
0.344820	134.00
0.344840	135.00
0.344860	135.00
0.344880	135.00
0.344900	133.00
0.344920	130.00
0.344940	126.00
0.344960	122.00
0.344980	118.00
0.345000	114.00
0.345020	111.00
0.345040	109.00
0.345060	109.00
0.345080	110.00
0.345100	113.00
0.345120	117.00
0.345140	122.00
0.345160	127.00
0.345180	132.00
0.345200	136.00
0.345220	140.00
0.345240	142.00
0.345260	143.00
0.345280	142.00
0.345300	140.00
0.345320	138.00
0.345340	134.00
0.345360	129.00
0.345380	124.00
0.345400	119.00
0.345420	115.00
0.345440	112.00
0.345460	109.00
0.345480	108.00
0.345500	108.00
0.345520	110.00
0.345540	112.00
0.345560	115.00
0.345580	119.00
0.345600	124.00
0.345620	128.00
0.345640	132.00
0.345660	136.00
0.345680	138.00
0.345700	139.00
0.345720	139.00
0.345740	139.00
0.345760	137.00
0.345780	134.00
0.345800	131.00
0.345820	128.00
0.345840	124.00
0.345860	121.00
0.345880	118.00
0.345900	116.00
0.345920	114.00
0.345940	113.00
0.345960	113.00
0.345980	114.00
0.346000	116.00
0.346020	119.00
0.346040	121.00
0.346060	124.00
0.346080	127.00
0.346100	129.00
0.346120	131.00
0.346140	133.00
0.346160	133.00
0.346180	133.00
0.346200	132.00
0.346220	131.00
0.346240	130.00
0.346260	128.00
0.346280	126.00
0.346300	124.00
0.346320	122.00
0.346340	120.00
0.346360	119.00
0.346380	119.00
0.346400	119.00
0.346420	119.00
0.346440	120.00
0.346460	121.00
0.346480	123.00
0.346500	125.00
0.346520	126.00
0.346540	127.00
0.346560	128.00
0.346580	129.00
0.346600	129.00
0.346620	129.00
0.346640	129.00
0.346660	128.00
0.346680	128.00
0.346700	127.00
0.346720	125.00
0.346740	124.00
0.346760	124.00
0.346780	123.00
0.346800	123.00
0.346820	123.00
0.346840	123.00
0.346860	123.00
0.346880	123.00
0.346900	123.00
0.346920	124.00
0.346940	125.00
0.346960	126.00
0.346980	126.00
0.347000	126.00
0.347020	126.00
0.347040	126.00
0.347060	126.00
0.347080	126.00
0.347100	126.00
0.347120	126.00
0.347140	126.00
0.347160	125.00
0.347180	125.00
0.347200	124.00
0.347220	124.00
0.347240	124.00
0.347260	124.00
0.347280	124.00
0.347300	124.00
0.347320	124.00
0.347340	124.00
0.347360	124.00
0.347380	124.00
0.347400	124.00
0.347420	125.00
0.347440	125.00
0.347460	125.00
0.347480	125.00
0.347500	125.00
0.347520	125.00
0.347540	126.00
0.347560	126.00
0.347580	126.00
0.347600	125.00
0.347620	125.00
0.347640	125.00
0.347660	125.00
0.347680	125.00
0.347700	125.00
0.347720	125.00
0.347740	125.00
0.347760	126.00
0.347780	126.00
0.347800	125.00
0.347820	125.00
0.347840	125.00
0.347860	125.00
0.347880	125.00
0.347900	125.00
0.347920	125.00
0.347940	125.00
0.347960	125.00
0.347980	125.00
0.348000	125.00
0.348020	125.00
0.348040	125.00
0.348060	125.00
0.348080	125.00
0.348100	125.00
0.348120	125.00
0.348140	125.00
0.348160	125.00
0.348180	125.00
0.348200	124.00
0.348220	124.00
0.348240	124.00
0.348260	124.00
0.348280	125.00
0.348300	125.00
0.348320	125.00
0.348340	126.00
0.348360	126.00
0.348380	126.00
0.348400	126.00
0.348420	126.00
0.348440	126.00
0.348460	126.00
0.348480	126.00
0.348500	126.00
0.348520	125.00
0.348540	125.00
0.348560	124.00
0.348580	124.00
0.348600	124.00
0.348620	123.00
0.348640	123.00
0.348660	123.00
0.348680	123.00
0.348700	124.00
0.348720	125.00
0.348740	126.00
0.348760	126.00
0.348780	126.00
0.348800	126.00
0.348820	126.00
0.348840	126.00
0.348860	126.00
0.348880	126.00
0.348900	126.00
0.348920	125.00
0.348940	124.00
0.348960	124.00
0.348980	124.00
0.349000	124.00
0.349020	124.00
0.349040	124.00
0.349060	124.00
0.349080	124.00
0.349100	124.00
0.349120	124.00
0.349140	125.00
0.349160	125.00
0.349180	126.00
0.349200	126.00
0.349220	126.00
0.349240	127.00
0.349260	127.00
0.349280	127.00
0.349300	127.00
0.349320	126.00
0.349340	126.00
0.349360	125.00
0.349380	125.00
0.349400	125.00
0.349420	124.00
0.349440	123.00
0.349460	123.00
0.349480	123.00
0.349500	124.00
0.349520	124.00
0.349540	124.00
0.349560	125.00
0.349580	126.00
0.349600	126.00
0.349620	126.00
0.349640	126.00
0.349660	126.00
0.349680	126.00
0.349700	126.00
0.349720	126.00
0.349740	126.00
0.349760	126.00
0.349780	125.00
0.349800	125.00
0.349820	125.00
0.349840	125.00
0.349860	124.00
0.349880	124.00
0.349900	124.00
0.349920	124.00
0.349940	124.00
0.349960	124.00
0.349980	124.00
0.350000	125.00
0.350020	125.00
0.350040	125.00
0.350060	125.00
0.350080	125.00
0.350100	125.00
0.350120	126.00
0.350140	126.00
0.350160	126.00
0.350180	126.00
0.350200	125.00
0.350220	125.00
0.350240	125.00
0.350260	125.00
0.350280	125.00
0.350300	125.00
0.350320	124.00
0.350340	124.00
0.350360	124.00
0.350380	123.00
0.350400	123.00
0.350420	123.00
0.350440	123.00
0.350460	124.00
0.350480	125.00
0.350500	125.00
0.350520	126.00
0.350540	127.00
0.350560	127.00
0.350580	127.00
0.350600	127.00
0.350620	127.00
0.350640	127.00
0.350660	127.00
0.350680	127.00
0.350700	126.00
0.350720	125.00
0.350740	124.00
0.350760	123.00
0.350780	122.00
0.350800	121.00
0.350820	121.00
0.350840	121.00
0.350860	121.00
0.350880	121.00
0.350900	121.00
0.350920	122.00
0.350940	124.00
0.350960	126.00
0.350980	128.00
0.351000	130.00
0.351020	132.00
0.351040	133.00
0.351060	133.00
0.351080	132.00
0.351100	131.00
0.351120	129.00
0.351140	126.00
0.351160	124.00
0.351180	121.00
0.351200	118.00
0.351220	116.00
0.351240	115.00
0.351260	114.00
0.351280	115.00
0.351300	116.00
0.351320	118.00
0.351340	121.00
0.351360	125.00
0.351380	129.00
0.351400	132.00
0.351420	135.00
0.351440	137.00
0.351460	139.00
0.351480	140.00
0.351500	139.00
0.351520	137.00
0.351540	134.00
0.351560	130.00
0.351580	126.00
0.351600	122.00
0.351620	117.00
0.351640	113.00
0.351660	110.00
0.351680	108.00
0.351700	108.00
0.351720	109.00
0.351740	112.00
0.351760	116.00
0.351780	120.00
0.351800	125.00
0.351820	129.00
0.351840	133.00
0.351860	137.00
0.351880	139.00
0.351900	140.00
0.351920	140.00
0.351940	139.00
0.351960	137.00
0.351980	134.00
0.352000	129.00
0.352020	125.00
0.352040	121.00
0.352060	118.00
0.352080	115.00
0.352100	114.00
0.352120	113.00
0.352140	113.00
0.352160	114.00
0.352180	117.00
0.352200	119.00
0.352220	123.00
0.352240	126.00
0.352260	128.00
0.352280	130.00
0.352300	132.00
0.352320	133.00
0.352340	133.00
0.352360	133.00
0.352380	132.00
0.352400	131.00
0.352420	129.00
0.352440	126.00
0.352460	124.00
0.352480	122.00
0.352500	121.00
0.352520	119.00
0.352540	119.00
0.352560	119.00
0.352580	119.00
0.352600	121.00
0.352620	122.00
0.352640	123.00
0.352660	125.00
0.352680	126.00
0.352700	127.00
0.352720	128.00
0.352740	128.00
0.352760	128.00
0.352780	128.00
0.352800	128.00
0.352820	127.00
0.352840	126.00
0.352860	126.00
0.352880	125.00
0.352900	124.00
0.352920	123.00
0.352940	123.00
0.352960	122.00
0.352980	123.00
0.353000	123.00
0.353020	123.00
0.353040	124.00
0.353060	124.00
0.353080	124.00
0.353100	125.00
0.353120	125.00
0.353140	126.00
0.353160	127.00
0.353180	127.00
0.353200	127.00
0.353220	126.00
0.353240	126.00
0.353260	126.00
0.353280	125.00
0.353300	125.00
0.353320	124.00
0.353340	123.00
0.353360	123.00
0.353380	123.00
0.353400	124.00
0.353420	124.00
0.353440	124.00
0.353460	124.00
0.353480	124.00
0.353500	125.00
0.353520	125.00
0.353540	125.00
0.353560	126.00
0.353580	126.00
0.353600	126.00
0.353620	126.00
0.353640	126.00
0.353660	126.00
0.353680	126.00
0.353700	126.00
0.353720	125.00
0.353740	125.00
0.353760	125.00
0.353780	125.00
0.353800	125.00
0.353820	125.00
0.353840	125.00
0.353860	125.00
0.353880	125.00
0.353900	125.00
0.353920	125.00
0.353940	125.00
0.353960	125.00
0.353980	125.00
0.354000	125.00
0.354020	125.00
0.354040	125.00
0.354060	125.00
0.354080	125.00
0.354100	125.00
0.354120	125.00
0.354140	125.00
0.354160	125.00
0.354180	125.00
0.354200	124.00
0.354220	124.00
0.354240	125.00
0.354260	125.00
0.354280	125.00
0.354300	125.00
0.354320	125.00
0.354340	124.00
0.354360	124.00
0.354380	124.00
0.354400	124.00
0.354420	125.00
0.354440	125.00
0.354460	125.00
0.354480	125.00
0.354500	125.00
0.354520	125.00
0.354540	125.00
0.354560	126.00
0.354580	126.00
0.354600	126.00
0.354620	126.00
0.354640	125.00
0.354660	125.00
0.354680	125.00
0.354700	124.00
0.354720	124.00
0.354740	124.00
0.354760	124.00
0.354780	124.00
0.354800	124.00
0.354820	124.00
0.354840	124.00
0.354860	124.00
0.354880	125.00
0.354900	125.00
0.354920	125.00
0.354940	126.00
0.354960	126.00
0.354980	126.00
0.355000	126.00
0.355020	126.00
0.355040	125.00
0.355060	125.00
0.355080	125.00
0.355100	125.00
0.355120	125.00
0.355140	124.00
0.355160	124.00
0.355180	124.00
0.355200	124.00
0.355220	124.00
0.355240	124.00
0.355260	125.00
0.355280	125.00
0.355300	126.00
0.355320	126.00
0.355340	126.00
0.355360	126.00
0.355380	126.00
0.355400	126.00
0.355420	126.00
0.355440	126.00
0.355460	125.00
0.355480	125.00
0.355500	125.00
0.355520	124.00
0.355540	124.00
0.355560	124.00
0.355580	124.00
0.355600	124.00
0.355620	124.00
0.355640	124.00
0.355660	124.00
0.355680	124.00
0.355700	125.00
0.355720	126.00
0.355740	126.00
0.355760	125.00
0.355780	125.00
0.355800	125.00
0.355820	125.00
0.355840	126.00
0.355860	125.00
0.355880	125.00
0.355900	124.00
0.355920	124.00
0.355940	124.00
0.355960	125.00
0.355980	125.00
0.356000	125.00
0.356020	125.00
0.356040	125.00
0.356060	125.00
0.356080	125.00
0.356100	125.00
0.356120	125.00
0.356140	125.00
0.356160	125.00
0.356180	125.00
0.356200	125.00
0.356220	125.00
0.356240	125.00
0.356260	125.00
0.356280	124.00
0.356300	124.00
0.356320	124.00
0.356340	125.00
0.356360	125.00
0.356380	125.00
0.356400	125.00
0.356420	124.00
0.356440	124.00
0.356460	124.00
0.356480	124.00
0.356500	125.00
0.356520	125.00
0.356540	125.00
0.356560	125.00
0.356580	125.00
0.356600	125.00
0.356620	124.00
0.356640	124.00
0.356660	124.00
0.356680	125.00
0.356700	125.00
0.356720	126.00
0.356740	126.00
0.356760	126.00
0.356780	126.00
0.356800	126.00
0.356820	126.00
0.356840	126.00
0.356860	126.00
0.356880	126.00
0.356900	125.00
0.356920	125.00
0.356940	124.00
0.356960	123.00
0.356980	123.00
0.357000	123.00
0.357020	123.00
0.357040	122.00
0.357060	122.00
0.357080	122.00
0.357100	123.00
0.357120	123.00
0.357140	125.00
0.357160	126.00
0.357180	128.00
0.357200	129.00
0.357220	129.00
0.357240	130.00
0.357260	130.00
0.357280	129.00
0.357300	129.00
0.357320	127.00
0.357340	126.00
0.357360	124.00
0.357380	122.00
0.357400	120.00
0.357420	118.00
0.357440	117.00
0.357460	117.00
0.357480	117.00
0.357500	118.00
0.357520	120.00
0.357540	122.00
0.357560	125.00
0.357580	128.00
0.357600	130.00
0.357620	133.00
0.357640	134.00
0.357660	136.00
0.357680	136.00
0.357700	135.00
0.357720	134.00
0.357740	131.00
0.357760	128.00
0.357780	124.00
0.357800	120.00
0.357820	117.00
0.357840	115.00
0.357860	113.00
0.357880	113.00
0.357900	113.00
0.357920	115.00
0.357940	117.00
0.357960	120.00
0.357980	124.00
0.358000	127.00
0.358020	130.00
0.358040	133.00
0.358060	134.00
0.358080	135.00
0.358100	135.00
0.358120	134.00
0.358140	133.00
0.358160	130.00
0.358180	127.00
0.358200	124.00
0.358220	121.00
0.358240	119.00
0.358260	117.00
0.358280	116.00
0.358300	116.00
0.358320	117.00
0.358340	118.00
0.358360	120.00
0.358380	122.00
0.358400	124.00
0.358420	126.00
0.358440	128.00
0.358460	129.00
0.358480	131.00
0.358500	131.00
0.358520	131.00
0.358540	130.00
0.358560	129.00
0.358580	127.00
0.358600	126.00
0.358620	124.00
0.358640	123.00
0.358660	122.00
0.358680	121.00
0.358700	121.00
0.358720	121.00
0.358740	122.00
0.358760	123.00
0.358780	124.00
0.358800	125.00
0.358820	126.00
0.358840	127.00
0.358860	127.00
0.358880	127.00
0.358900	127.00
0.358920	127.00
0.358940	127.00
0.358960	126.00
0.358980	126.00
0.359000	125.00
0.359020	124.00
0.359040	124.00
0.359060	123.00
0.359080	123.00
0.359100	123.00
0.359120	123.00
0.359140	124.00
0.359160	124.00
0.359180	125.00
0.359200	125.00
0.359220	125.00
0.359240	125.00
0.359260	126.00
0.359280	126.00
0.359300	126.00
0.359320	126.00
0.359340	125.00
0.359360	125.00
0.359380	125.00
0.359400	124.00
0.359420	124.00
0.359440	124.00
0.359460	124.00
0.359480	124.00
0.359500	124.00
0.359520	124.00
0.359540	124.00
0.359560	124.00
0.359580	124.00
0.359600	125.00
0.359620	125.00
0.359640	125.00
0.359660	125.00
0.359680	125.00
0.359700	125.00
0.359720	125.00
0.359740	125.00
0.359760	125.00
0.359780	125.00
0.359800	124.00
0.359820	124.00
0.359840	124.00
0.359860	124.00
0.359880	125.00
0.359900	125.00
0.359920	125.00
0.359940	124.00
0.359960	124.00
0.359980	125.00
