0.320000	101.00
0.320020	49.00
0.320040	101.00
0.320060	140.00
0.320080	144.00
0.320100	125.00
0.320120	112.00
0.320140	118.00
0.320160	130.00
0.320180	132.00
0.320200	124.00
0.320220	118.00
0.320240	121.00
0.320260	129.00
0.320280	130.00
0.320300	125.00
0.320320	120.00
0.320340	121.00
0.320360	127.00
0.320380	128.00
0.320400	125.00
0.320420	121.00
0.320440	123.00
0.320460	128.00
0.320480	129.00
0.320500	125.00
0.320520	122.00
0.320540	123.00
0.320560	127.00
0.320580	128.00
0.320600	125.00
0.320620	123.00
0.320640	124.00
0.320660	126.00
0.320680	127.00
0.320700	125.00
0.320720	122.00
0.320740	123.00
0.320760	126.00
0.320780	127.00
0.320800	125.00
0.320820	123.00
0.320840	123.00
0.320860	125.00
0.320880	126.00
0.320900	124.00
0.320920	123.00
0.320940	124.00
0.320960	126.00
0.320980	126.00
0.321000	125.00
0.321020	123.00
0.321040	123.00
0.321060	125.00
0.321080	126.00
0.321100	125.00
0.321120	123.00
0.321140	123.00
0.321160	125.00
0.321180	126.00
0.321200	125.00
0.321220	124.00
0.321240	124.00
0.321260	126.00
0.321280	127.00
0.321300	125.00
0.321320	124.00
0.321340	124.00
0.321360	125.00
0.321380	126.00
0.321400	125.00
0.321420	124.00
0.321440	124.00
0.321460	125.00
0.321480	126.00
0.321500	125.00
0.321520	124.00
0.321540	124.00
0.321560	125.00
0.321580	126.00
0.321600	125.00
0.321620	124.00
0.321640	125.00
0.321660	126.00
0.321680	126.00
0.321700	126.00
0.321720	125.00
0.321740	125.00
0.321760	125.00
0.321780	125.00
0.321800	125.00
0.321820	124.00
0.321840	124.00
0.321860	125.00
0.321880	125.00
0.321900	125.00
0.321920	124.00
0.321940	124.00
0.321960	125.00
0.321980	125.00
0.322000	125.00
0.322020	124.00
0.322040	124.00
0.322060	125.00
0.322080	125.00
0.322100	125.00
0.322120	125.00
0.322140	125.00
0.322160	125.00
0.322180	125.00
0.322200	124.00
0.322220	123.00
0.322240	124.00
0.322260	125.00
0.322280	125.00
0.322300	124.00
0.322320	124.00
0.322340	124.00
0.322360	125.00
0.322380	125.00
0.322400	125.00
0.322420	124.00
0.322440	125.00
0.322460	126.00
0.322480	126.00
0.322500	125.00
0.322520	124.00
0.322540	124.00
0.322560	125.00
0.322580	126.00
0.322600	125.00
0.322620	124.00
0.322640	124.00
0.322660	125.00
0.322680	125.00
0.322700	124.00
0.322720	124.00
0.322740	124.00
0.322760	125.00
0.322780	125.00
0.322800	125.00
0.322820	124.00
0.322840	125.00
0.322860	125.00
0.322880	126.00
0.322900	125.00
0.322920	124.00
0.322940	124.00
0.322960	125.00
0.322980	125.00
0.323000	125.00
0.323020	124.00
0.323040	124.00
0.323060	125.00
0.323080	125.00
0.323100	125.00
0.323120	124.00
0.323140	124.00
0.323160	125.00
0.323180	126.00
0.323200	125.00
0.323220	124.00
0.323240	124.00
0.323260	124.00
0.323280	125.00
0.323300	124.00
0.323320	124.00
0.323340	124.00
0.323360	124.00
0.323380	125.00
0.323400	125.00
0.323420	125.00
0.323440	125.00
0.323460	125.00
0.323480	125.00
0.323500	125.00
0.323520	124.00
0.323540	124.00
0.323560	124.00
0.323580	125.00
0.323600	125.00
0.323620	125.00
0.323640	125.00
0.323660	125.00
0.323680	125.00
0.323700	124.00
0.323720	124.00
0.323740	124.00
0.323760	125.00
0.323780	125.00
0.323800	125.00
0.323820	124.00
0.323840	124.00
0.323860	125.00
0.323880	125.00
0.323900	125.00
0.323920	124.00
0.323940	124.00
0.323960	125.00
0.323980	126.00
0.324000	125.00
0.324020	125.00
0.324040	124.00
0.324060	125.00
0.324080	125.00
0.324100	125.00
0.324120	124.00
0.324140	124.00
0.324160	124.00
0.324180	125.00
0.324200	125.00
0.324220	125.00
0.324240	124.00
0.324260	124.00
0.324280	124.00
0.324300	125.00
0.324320	125.00
0.324340	125.00
0.324360	125.00
0.324380	126.00
0.324400	126.00
0.324420	125.00
0.324440	125.00
0.324460	125.00
0.324480	125.00
0.324500	125.00
0.324520	124.00
0.324540	124.00
0.324560	125.00
0.324580	125.00
0.324600	124.00
0.324620	124.00
0.324640	124.00
0.324660	124.00
0.324680	125.00
0.324700	124.00
0.324720	124.00
0.324740	124.00
0.324760	124.00
0.324780	125.00
0.324800	124.00
0.324820	124.00
0.324840	124.00
0.324860	124.00
0.324880	125.00
0.324900	124.00
0.324920	124.00
0.324940	125.00
0.324960	125.00
0.324980	126.00
0.325000	125.00
0.325020	125.00
0.325040	125.00
0.325060	125.00
0.325080	126.00
0.325100	125.00
0.325120	125.00
0.325140	125.00
0.325160	125.00
0.325180	125.00
0.325200	124.00
0.325220	124.00
0.325240	124.00
0.325260	124.00
0.325280	125.00
0.325300	124.00
0.325320	124.00
0.325340	123.00
0.325360	123.00
0.325380	123.00
0.325400	122.00
0.325420	121.00
0.325440	120.00
0.325460	121.00
0.325480	122.00
0.325500	124.00
0.325520	126.00
0.325540	129.00
0.325560	133.00
0.325580	138.00
0.325600	142.00
0.325620	145.00
0.325640	147.00
0.325660	146.00
0.325680	142.00
0.325700	135.00
0.325720	125.00
0.325740	115.00
0.325760	105.00
0.325780	95.00
0.325800	87.00
0.325820	81.00
0.325840	78.00
0.325860	79.00
0.325880	84.00
0.325900	94.00
0.325920	108.00
0.325940	126.00
0.325960	145.00
0.325980	163.00
0.326000	177.00
0.326020	186.00
0.326040	192.00
0.326060	195.00
0.326080	194.00
0.326100	186.00
0.326120	172.00
0.326140	150.00
0.326160	124.00
0.326180	94.00
0.326200	63.00
0.326220	35.00
0.326240	14.00
0.326260	3.00
0.326280	2.00
0.326300	10.00
0.326320	29.00
0.326340	60.00
0.326360	103.00
0.326380	152.00
0.326400	197.00
0.326420	231.00
0.326440	250.00
0.326460	255.00
0.326480	255.00
0.326500	251.00
0.326520	236.00
0.326540	207.00
0.326560	161.00
0.326580	103.00
0.326600	47.00
0.326620	8.00
0.326640	0.00
0.326660	0.00
0.326680	7.00
0.326700	5.00
0.326720	0.00
0.326740	0.00
0.326760	20.00
0.326780	76.00
0.326800	146.00
0.326820	208.00
0.326840	245.00
0.326860	255.00
0.326880	255.00
0.326900	255.00
0.326920	255.00
0.326940	252.00
0.326960	234.00
0.326980	198.00
0.327000	145.00
0.327020	86.00
0.327040	35.00
0.327060	5.00
0.327080	0.00
0.327100	1.00
0.327120	4.00
0.327140	1.00
0.327160	0.00
0.327180	7.00
0.327200	38.00
0.327220	89.00
0.327240	145.00
0.327260	192.00
0.327280	222.00
0.327300	239.00
0.327320	246.00
0.327340	246.00
0.327360	239.00
0.327380	224.00
0.327400	201.00
0.327420	172.00
0.327440	138.00
0.327460	103.00
0.327480	70.00
0.327500	44.00
0.327520	26.00
0.327540	18.00
0.327560	19.00
0.327580	28.00
0.327600	45.00
0.327620	68.00
0.327640	94.00
0.327660	120.00
0.327680	144.00
0.327700	165.00
0.327720	180.00
0.327740	190.00
0.327760	193.00
0.327780	190.00
0.327800	182.00
0.327820	170.00
0.327840	156.00
0.327860	140.00
0.327880	123.00
0.327900	108.00
0.327920	95.00
0.327940	87.00
0.327960	82.00
0.327980	80.00
0.328000	83.00
0.328020	89.00
0.328040	97.00
0.328060	108.00
0.328080	118.00
0.328100	129.00
0.328120	138.00
0.328140	146.00
0.328160	150.00
0.328180	152.00
0.328200	152.00
0.328220	150.00
0.328240	146.00
0.328260	141.00
0.328280	134.00
0.328300	127.00
0.328320	121.00
0.328340	116.00
0.328360	112.00
0.328380	109.00
0.328400	107.00
0.328420	107.00
0.328440	109.00
0.328460	112.00
0.328480	116.00
0.328500	120.00
0.328520	124.00
0.328540	128.00
0.328560	131.00
0.328580	134.00
0.328600	135.00
0.328620	136.00
0.328640	136.00
0.328660	134.00
0.328680	132.00
0.328700	130.00
0.328720	127.00
0.328740	125.00
0.328760	123.00
0.328780	120.00
0.328800	119.00
0.328820	118.00
0.328840	118.00
0.328860	118.00
0.328880	119.00
0.328900	120.00
0.328920	122.00
0.328940	124.00
0.328960	125.00
0.328980	126.00
0.329000	128.00
0.329020	129.00
0.329040	129.00
0.329060	129.00
0.329080	129.00
0.329100	128.00
0.329120	128.00
0.329140	127.00
0.329160	127.00
0.329180	125.00
0.329200	124.00
0.329220	123.00
0.329240	123.00
0.329260	122.00
0.329280	122.00
0.329300	122.00
0.329320	123.00
0.329340	124.00
0.329360	125.00
0.329380	125.00
0.329400	125.00
0.329420	126.00
0.329440	126.00
0.329460	127.00
0.329480	127.00
0.329500	127.00
0.329520	127.00
0.329540	127.00
0.329560	126.00
0.329580	126.00
0.329600	125.00
0.329620	124.00
0.329640	124.00
0.329660	124.00
0.329680	123.00
0.329700	123.00
0.329720	124.00
0.329740	124.00
0.329760	124.00
0.329780	124.00
0.329800	124.00
0.329820	125.00
0.329840	125.00
0.329860	126.00
0.329880	126.00
0.329900	126.00
0.329920	126.00
0.329940	126.00
0.329960	126.00
0.329980	126.00
0.330000	126.00
0.330020	125.00
0.330040	124.00
0.330060	124.00
0.330080	124.00
0.330100	124.00
0.330120	125.00
0.330140	125.00
0.330160	125.00
0.330180	125.00
0.330200	125.00
0.330220	126.00
0.330240	126.00
0.330260	127.00
0.330280	126.00
0.330300	126.00
0.330320	126.00
0.330340	126.00
0.330360	125.00
0.330380	125.00
0.330400	125.00
0.330420	125.00
0.330440	125.00
0.330460	125.00
0.330480	125.00
0.330500	124.00
0.330520	124.00
0.330540	124.00
0.330560	125.00
0.330580	125.00
0.330600	124.00
0.330620	124.00
0.330640	124.00
0.330660	125.00
0.330680	125.00
0.330700	125.00
0.330720	125.00
0.330740	125.00
0.330760	125.00
0.330780	125.00
0.330800	125.00
0.330820	125.00
0.330840	125.00
0.330860	125.00
0.330880	125.00
0.330900	125.00
0.330920	125.00
0.330940	125.00
0.330960	125.00
0.330980	125.00
0.331000	125.00
0.331020	125.00
0.331040	125.00
0.331060	125.00
0.331080	125.00
0.331100	125.00
0.331120	125.00
0.331140	126.00
0.331160	126.00
0.331180	125.00
0.331200	125.00
0.331220	124.00
0.331240	125.00
0.331260	125.00
0.331280	126.00
0.331300	125.00
0.331320	125.00
0.331340	125.00
0.331360	125.00
0.331380	125.00
0.331400	125.00
0.331420	125.00
0.331440	125.00
0.331460	125.00
0.331480	125.00
0.331500	125.00
0.331520	125.00
0.331540	125.00
0.331560	126.00
0.331580	126.00
0.331600	126.00
0.331620	126.00
0.331640	126.00
0.331660	127.00
0.331680	126.00
0.331700	126.00
0.331720	125.00
0.331740	124.00
0.331760	123.00
0.331780	122.00
0.331800	121.00
0.331820	120.00
0.331840	120.00
0.331860	121.00
0.331880	121.00
0.331900	123.00
0.331920	125.00
0.331940	128.00
0.331960	130.00
0.331980	132.00
0.332000	133.00
0.332020	134.00
0.332040	135.00
0.332060	136.00
0.332080	135.00
0.332100	132.00
0.332120	128.00
0.332140	124.00
0.332160	120.00
0.332180	116.00
0.332200	113.00
0.332220	110.00
0.332240	108.00
0.332260	108.00
0.332280	109.00
0.332300	110.00
0.332320	114.00
0.332340	119.00
0.332360	126.00
0.332380	133.00
0.332400	141.00
0.332420	147.00
0.332440	152.00
0.332460	155.00
0.332480	155.00
0.332500	153.00
0.332520	147.00
0.332540	139.00
0.332560	128.00
0.332580	117.00
0.332600	104.00
0.332620	93.00
0.332640	83.00
0.332660	77.00
0.332680	75.00
0.332700	79.00
0.332720	87.00
0.332740	99.00
0.332760	114.00
0.332780	131.00
0.332800	147.00
0.332820	162.00
0.332840	174.00
0.332860	183.00
0.332880	186.00
0.332900	183.00
0.332920	176.00
0.332940	164.00
0.332960	148.00
0.332980	129.00
0.333000	110.00
0.333020	92.00
0.333040	78.00
0.333060	67.00
0.333080	61.00
0.333100	61.00
0.333120	66.00
0.333140	76.00
0.333160	91.00
0.333180	109.00
0.333200	127.00
0.333220	145.00
0.333240	160.00
0.333260	171.00
0.333280	179.00
0.333300	182.00
0.333320	180.00
0.333340	173.00
0.333360	162.00
0.333380	149.00
0.333400	133.00
0.333420	118.00
0.333440	103.00
0.333460	91.00
0.333480	83.00
0.333500	78.00
0.333520	78.00
0.333540	82.00
0.333560	90.00
0.333580	99.00
0.333600	111.00
0.333620	123.00
0.333640	135.00
0.333660	145.00
0.333680	152.00
0.333700	157.00
0.333720	159.00
0.333740	158.00
0.333760	154.00
0.333780	148.00
0.333800	140.00
0.333820	132.00
0.333840	124.00
0.333860	116.00
0.333880	109.00
0.333900	103.00
0.333920	100.00
0.333940	100.00
0.333960	102.00
0.333980	105.00
0.334000	109.00
0.334020	114.00
0.334040	120.00
0.334060	127.00
0.334080	132.00
0.334100	136.00
0.334120	139.00
0.334140	141.00
0.334160	142.00
0.334180	141.00
0.334200	138.00
0.334220	135.00
0.334240	131.00
0.334260	127.00
0.334280	124.00
0.334300	120.00
0.334320	117.00
0.334340	115.00
0.334360	114.00
0.334380	114.00
0.334400	115.00
0.334420	117.00
0.334440	119.00
0.334460	122.00
0.334480	124.00
0.334500	126.00
0.334520	128.00
0.334540	130.00
0.334560	132.00
0.334580	132.00
0.334600	132.00
0.334620	131.00
0.334640	130.00
0.334660	129.00
0.334680	127.00
0.334700	125.00
0.334720	124.00
0.334740	123.00
0.334760	122.00
0.334780	121.00
0.334800	121.00
0.334820	121.00
0.334840	121.00
0.334860	122.00
0.334880	123.00
0.334900	124.00
0.334920	124.00
0.334940	125.00
0.334960	126.00
0.334980	127.00
0.335000	127.00
0.335020	127.00
0.335040	127.00
0.335060	127.00
0.335080	127.00
0.335100	127.00
0.335120	126.00
0.335140	125.00
0.335160	125.00
0.335180	125.00
0.335200	124.00
0.335220	124.00
0.335240	123.00
0.335260	123.00
0.335280	123.00
0.335300	124.00
0.335320	125.00
0.335340	125.00
0.335360	125.00
0.335380	125.00
0.335400	125.00
0.335420	125.00
0.335440	126.00
0.335460	126.00
0.335480	126.00
0.335500	125.00
0.335520	125.00
0.335540	125.00
0.335560	125.00
0.335580	126.00
0.335600	125.00
0.335620	125.00
0.335640	124.00
0.335660	124.00
0.335680	124.00
0.335700	124.00
0.335720	124.00
0.335740	124.00
0.335760	124.00
0.335780	125.00
0.335800	125.00
0.335820	124.00
0.335840	124.00
0.335860	124.00
0.335880	124.00
0.335900	124.00
0.335920	125.00
0.335940	125.00
0.335960	125.00
0.335980	125.00
0.336000	125.00
0.336020	125.00
0.336040	126.00
0.336060	126.00
0.336080	126.00
0.336100	125.00
0.336120	125.00
0.336140	125.00
0.336160	125.00
0.336180	125.00
0.336200	125.00
0.336220	125.00
0.336240	125.00
0.336260	125.00
0.336280	125.00
0.336300	125.00
0.336320	124.00
0.336340	124.00
0.336360	124.00
0.336380	125.00
0.336400	125.00
0.336420	125.00
0.336440	125.00
0.336460	124.00
0.336480	124.00
0.336500	124.00
0.336520	124.00
0.336540	124.00
0.336560	124.00
0.336580	124.00
0.336600	124.00
0.336620	125.00
0.336640	126.00
0.336660	126.00
0.336680	126.00
0.336700	126.00
0.336720	125.00
0.336740	125.00
0.336760	125.00
0.336780	125.00
0.336800	124.00
0.336820	124.00
0.336840	125.00
0.336860	125.00
0.336880	125.00
0.336900	125.00
0.336920	124.00
0.336940	124.00
0.336960	124.00
0.336980	124.00
0.337000	125.00
0.337020	125.00
0.337040	125.00
0.337060	125.00
0.337080	125.00
0.337100	125.00
0.337120	125.00
0.337140	125.00
0.337160	125.00
0.337180	125.00
0.337200	125.00
0.337220	125.00
0.337240	125.00
0.337260	125.00
0.337280	125.00
0.337300	125.00
0.337320	125.00
0.337340	125.00
0.337360	125.00
0.337380	125.00
0.337400	124.00
0.337420	124.00
0.337440	124.00
0.337460	125.00
0.337480	125.00
0.337500	125.00
0.337520	125.00
0.337540	125.00
0.337560	125.00
0.337580	125.00
0.337600	125.00
0.337620	125.00
0.337640	126.00
0.337660	126.00
0.337680	126.00
0.337700	125.00
0.337720	124.00
0.337740	124.00
0.337760	125.00
0.337780	125.00
0.337800	125.00
0.337820	125.00
0.337840	125.00
0.337860	126.00
0.337880	126.00
0.337900	126.00
0.337920	125.00
0.337940	124.00
0.337960	124.00
0.337980	124.00
0.338000	123.00
0.338020	122.00
0.338040	122.00
0.338060	122.00
0.338080	123.00
0.338100	124.00
0.338120	125.00
0.338140	126.00
0.338160	128.00
0.338180	130.00
0.338200	131.00
0.338220	131.00
0.338240	132.00
0.338260	131.00
0.338280	131.00
0.338300	129.00
0.338320	126.00
0.338340	123.00
0.338360	121.00
0.338380	120.00
0.338400	118.00
0.338420	117.00
0.338440	116.00
0.338460	116.00
0.338480	117.00
0.338500	118.00
0.338520	120.00
0.338540	122.00
0.338560	126.00
0.338580	130.00
0.338600	133.00
0.338620	136.00
0.338640	139.00
0.338660	141.00
0.338680	141.00
0.338700	140.00
0.338720	137.00
0.338740	133.00
0.338760	127.00
0.338780	121.00
0.338800	115.00
0.338820	108.00
0.338840	103.00
0.338860	100.00
0.338880	99.00
0.338900	101.00
0.338920	105.00
0.338940	111.00
0.338960	120.00
0.338980	129.00
0.339000	137.00
0.339020	145.00
0.339040	151.00
0.339060	154.00
0.339080	156.00
0.339100	154.00
0.339120	149.00
0.339140	143.00
0.339160	135.00
0.339180	125.00
0.339200	116.00
0.339220	108.00
0.339240	101.00
0.339260	97.00
0.339280	96.00
0.339300	97.00
0.339320	100.00
0.339340	105.00
0.339360	112.00
0.339380	120.00
0.339400	128.00
0.339420	135.00
0.339440	140.00
0.339460	144.00
0.339480	146.00
0.339500	146.00
0.339520	143.00
0.339540	140.00
0.339560	135.00
0.339580	130.00
0.339600	125.00
0.339620	120.00
0.339640	116.00
0.339660	114.00
0.339680	112.00
0.339700	112.00
0.339720	113.00
0.339740	114.00
0.339760	117.00
0.339780	121.00
0.339800	124.00
0.339820	128.00
0.339840	130.00
0.339860	132.00
0.339880	133.00
0.339900	133.00
0.339920	132.00
0.339940	131.00
0.339960	129.00
0.339980	127.00
0.340000	125.00
0.340020	124.00
0.340040	122.00
0.340060	121.00
0.340080	120.00
0.340100	120.00
0.340120	120.00
0.340140	121.00
0.340160	122.00
0.340180	124.00
0.340200	125.00
0.340220	126.00
0.340240	127.00
0.340260	128.00
0.340280	128.00
0.340300	128.00
0.340320	128.00
0.340340	128.00
0.340360	127.00
0.340380	126.00
0.340400	125.00
0.340420	124.00
0.340440	123.00
0.340460	123.00
0.340480	123.00
0.340500	123.00
0.340520	123.00
0.340540	124.00
0.340560	124.00
0.340580	124.00
0.340600	125.00
0.340620	125.00
0.340640	126.00
0.340660	126.00
0.340680	126.00
0.340700	126.00
0.340720	126.00
0.340740	126.00
0.340760	126.00
0.340780	126.00
0.340800	126.00
0.340820	125.00
0.340840	124.00
0.340860	124.00
0.340880	124.00
0.340900	124.00
0.340920	124.00
0.340940	124.00
0.340960	124.00
0.340980	124.00
0.341000	125.00
0.341020	125.00
0.341040	125.00
0.341060	125.00
0.341080	125.00
0.341100	126.00
0.341120	126.00
0.341140	126.00
0.341160	126.00
0.341180	126.00
0.341200	126.00
0.341220	126.00
0.341240	126.00
0.341260	125.00
0.341280	125.00
0.341300	125.00
0.341320	125.00
0.341340	125.00
0.341360	125.00
0.341380	124.00
0.341400	124.00
0.341420	124.00
0.341440	125.00
0.341460	125.00
0.341480	125.00
0.341500	125.00
0.341520	125.00
0.341540	125.00
0.341560	125.00
0.341580	124.00
0.341600	124.00
0.341620	124.00
0.341640	125.00
0.341660	125.00
0.341680	125.00
0.341700	125.00
0.341720	125.00
0.341740	125.00
0.341760	125.00
0.341780	125.00
0.341800	125.00
0.341820	126.00
0.341840	126.00
0.341860	126.00
0.341880	125.00
0.341900	125.00
0.341920	125.00
0.341940	125.00
0.341960	125.00
0.341980	125.00
0.342000	124.00
0.342020	124.00
0.342040	124.00
0.342060	124.00
0.342080	124.00
0.342100	124.00
0.342120	124.00
0.342140	125.00
0.342160	125.00
0.342180	125.00
0.342200	125.00
0.342220	125.00
0.342240	125.00
0.342260	126.00
0.342280	126.00
0.342300	126.00
0.342320	125.00
0.342340	125.00
0.342360	125.00
0.342380	125.00
0.342400	125.00
0.342420	125.00
0.342440	124.00
0.342460	124.00
0.342480	124.00
0.342500	123.00
0.342520	123.00
0.342540	123.00
0.342560	123.00
0.342580	124.00
0.342600	124.00
0.342620	125.00
0.342640	126.00
0.342660	126.00
0.342680	126.00
0.342700	126.00
0.342720	126.00
0.342740	126.00
0.342760	126.00
0.342780	126.00
0.342800	125.00
0.342820	125.00
0.342840	125.00
0.342860	124.00
0.342880	124.00
0.342900	123.00
0.342920	123.00
0.342940	123.00
0.342960	124.00
0.342980	124.00
0.343000	124.00
0.343020	124.00
0.343040	125.00
0.343060	126.00
0.343080	126.00
0.343100	126.00
0.343120	126.00
0.343140	126.00
0.343160	126.00
0.343180	126.00
0.343200	126.00
0.343220	125.00
0.343240	124.00
0.343260	124.00
0.343280	124.00
0.343300	124.00
0.343320	124.00
0.343340	124.00
0.343360	124.00
0.343380	125.00
0.343400	125.00
0.343420	125.00
0.343440	125.00
0.343460	125.00
0.343480	125.00
0.343500	125.00
0.343520	125.00
0.343540	125.00
0.343560	125.00
0.343580	125.00
0.343600	125.00
0.343620	125.00
0.343640	124.00
0.343660	124.00
0.343680	124.00
0.343700	124.00
0.343720	124.00
0.343740	124.00
0.343760	124.00
0.343780	124.00
0.343800	124.00
0.343820	125.00
0.343840	125.00
0.343860	125.00
0.343880	125.00
0.343900	125.00
0.343920	125.00
0.343940	125.00
0.343960	125.00
0.343980	125.00
0.344000	125.00
0.344020	125.00
0.344040	125.00
0.344060	125.00
0.344080	125.00
0.344100	125.00
0.344120	125.00
0.344140	125.00
0.344160	125.00
0.344180	124.00
0.344200	124.00
0.344220	123.00
0.344240	123.00
0.344260	123.00
0.344280	123.00
0.344300	123.00
0.344320	124.00
0.344340	125.00
0.344360	126.00
0.344380	127.00
0.344400	128.00
0.344420	128.00
0.344440	129.00
0.344460	129.00
0.344480	128.00
0.344500	128.00
0.344520	126.00
0.344540	125.00
0.344560	124.00
0.344580	123.00
0.344600	122.00
0.344620	121.00
0.344640	120.00
0.344660	120.00
0.344680	119.00
0.344700	119.00
0.344720	120.00
0.344740	121.00
0.344760	123.00
0.344780	126.00
0.344800	128.00
0.344820	131.00
0.344840	133.00
0.344860	135.00
0.344880	136.00
0.344900	135.00
0.344920	134.00
0.344940	132.00
0.344960	129.00
0.344980	125.00
0.345000	121.00
0.345020	117.00
0.345040	113.00
0.345060	110.00
0.345080	109.00
0.345100	109.00
0.345120	111.00
0.345140	114.00
0.345160	118.00
0.345180	123.00
0.345200	128.00
0.345220	133.00
0.345240	137.00
0.345260	140.00
0.345280	142.00
0.345300	143.00
0.345320	142.00
0.345340	139.00
0.345360	136.00
0.345380	132.00
0.345400	128.00
0.345420	122.00
0.345440	118.00
0.345460	113.00
0.345480	110.00
0.345500	108.00
0.345520	107.00
0.345540	108.00
0.345560	110.00
0.345580	113.00
0.345600	116.00
0.345620	120.00
0.345640	124.00
0.345660	128.00
0.345680	132.00
0.345700	135.00
0.345720	138.00
0.345740	140.00
0.345760	140.00
0.345780	139.00
0.345800	137.00
0.345820	134.00
0.345840	131.00
0.345860	127.00
0.345880	124.00
0.345900	120.00
0.345920	117.00
0.345940	115.00
0.345960	114.00
0.345980	114.00
0.346000	114.00
0.346020	115.00
0.346040	117.00
0.346060	120.00
0.346080	123.00
0.346100	126.00
0.346120	128.00
0.346140	130.00
0.346160	132.00
0.346180	133.00
0.346200	134.00
0.346220	133.00
0.346240	132.00
0.346260	130.00
0.346280	129.00
0.346300	127.00
0.346320	125.00
0.346340	123.00
0.346360	122.00
0.346380	121.00
0.346400	120.00
0.346420	119.00
0.346440	119.00
0.346460	119.00
0.346480	120.00
0.346500	122.00
0.346520	124.00
0.346540	125.00
0.346560	126.00
0.346580	127.00
0.346600	128.00
0.346620	129.00
0.346640	129.00
0.346660	129.00
0.346680	128.00
0.346700	128.00
0.346720	127.00
0.346740	127.00
0.346760	126.00
0.346780	125.00
0.346800	123.00
0.346820	123.00
0.346840	123.00
0.346860	123.00
0.346880	123.00
0.346900	123.00
0.346920	123.00
0.346940	123.00
0.346960	124.00
0.346980	125.00
0.347000	126.00
0.347020	126.00
0.347040	126.00
0.347060	126.00
0.347080	126.00
0.347100	126.00
0.347120	126.00
0.347140	126.00
0.347160	126.00
0.347180	126.00
0.347200	125.00
0.347220	125.00
0.347240	124.00
0.347260	124.00
0.347280	124.00
0.347300	124.00
0.347320	124.00
0.347340	124.00
0.347360	124.00
0.347380	125.00
0.347400	125.00
0.347420	125.00
0.347440	125.00
0.347460	126.00
0.347480	126.00
0.347500	126.00
0.347520	126.00
0.347540	126.00
0.347560	125.00
0.347580	125.00
0.347600	125.00
0.347620	125.00
0.347640	125.00
0.347660	124.00
0.347680	124.00
0.347700	125.00
0.347720	125.00
0.347740	125.00
0.347760	124.00
0.347780	124.00
0.347800	124.00
0.347820	124.00
0.347840	125.00
0.347860	125.00
0.347880	125.00
0.347900	125.00
0.347920	125.00
0.347940	125.00
0.347960	125.00
0.347980	125.00
0.348000	125.00
0.348020	125.00
0.348040	126.00
0.348060	126.00
0.348080	126.00
0.348100	125.00
0.348120	125.00
0.348140	125.00
0.348160	125.00
0.348180	125.00
0.348200	125.00
0.348220	124.00
0.348240	124.00
0.348260	124.00
0.348280	124.00
0.348300	124.00
0.348320	124.00
0.348340	124.00
0.348360	125.00
0.348380	125.00
0.348400	125.00
0.348420	126.00
0.348440	126.00
0.348460	126.00
0.348480	126.00
0.348500	126.00
0.348520	125.00
0.348540	125.00
0.348560	125.00
0.348580	124.00
0.348600	124.00
0.348620	123.00
0.348640	123.00
0.348660	123.00
0.348680	124.00
0.348700	124.00
0.348720	124.00
0.348740	124.00
0.348760	125.00
0.348780	126.00
0.348800	126.00
0.348820	126.00
0.348840	126.00
0.348860	126.00
0.348880	126.00
0.348900	126.00
0.348920	126.00
0.348940	125.00
0.348960	125.00
0.348980	124.00
0.349000	124.00
0.349020	124.00
0.349040	124.00
0.349060	124.00
0.349080	124.00
0.349100	124.00
0.349120	124.00
0.349140	124.00
0.349160	124.00
0.349180	124.00
0.349200	124.00
0.349220	125.00
0.349240	126.00
0.349260	126.00
0.349280	126.00
0.349300	126.00
0.349320	126.00
0.349340	126.00
0.349360	126.00
0.349380	126.00
0.349400	125.00
0.349420	125.00
0.349440	124.00
0.349460	124.00
0.349480	123.00
0.349500	123.00
0.349520	123.00
0.349540	123.00
0.349560	124.00
0.349580	124.00
0.349600	124.00
0.349620	125.00
0.349640	125.00
0.349660	126.00
0.349680	126.00
0.349700	126.00
0.349720	126.00
0.349740	125.00
0.349760	125.00
0.349780	125.00
0.349800	125.00
0.349820	125.00
0.349840	125.00
0.349860	125.00
0.349880	125.00
0.349900	125.00
0.349920	125.00
0.349940	125.00
0.349960	125.00
0.349980	125.00
0.350000	125.00
0.350020	125.00
0.350040	125.00
0.350060	125.00
0.350080	125.00
0.350100	125.00
0.350120	125.00
0.350140	125.00
0.350160	125.00
0.350180	125.00
0.350200	125.00
0.350220	126.00
0.350240	126.00
0.350260	126.00
0.350280	125.00
0.350300	124.00
0.350320	124.00
0.350340	124.00
0.350360	124.00
0.350380	124.00
0.350400	124.00
0.350420	124.00
0.350440	123.00
0.350460	123.00
0.350480	123.00
0.350500	123.00
0.350520	124.00
0.350540	125.00
0.350560	126.00
0.350580	127.00
0.350600	127.00
0.350620	127.00
0.350640	127.00
0.350660	127.00
0.350680	127.00
0.350700	127.00
0.350720	126.00
0.350740	126.00
0.350760	125.00
0.350780	124.00
0.350800	123.00
0.350820	122.00
0.350840	121.00
0.350860	120.00
0.350880	120.00
0.350900	120.00
0.350920	121.00
0.350940	121.00
0.350960	123.00
0.350980	124.00
0.351000	127.00
0.351020	129.00
0.351040	131.00
0.351060	132.00
0.351080	133.00
0.351100	133.00
0.351120	132.00
0.351140	131.00
0.351160	129.00
0.351180	126.00
0.351200	123.00
0.351220	120.00
0.351240	117.00
0.351260	115.00
0.351280	114.00
0.351300	113.00
0.351320	114.00
0.351340	116.00
0.351360	118.00
0.351380	121.00
0.351400	125.00
0.351420	129.00
0.351440	133.00
0.351460	136.00
0.351480	138.00
0.351500	139.00
0.351520	139.00
0.351540	138.00
0.351560	136.00
0.351580	132.00
0.351600	128.00
0.351620	124.00
0.351640	120.00
0.351660	116.00
0.351680	113.00
0.351700	110.00
0.351720	108.00
0.351740	108.00
0.351760	110.00
0.351780	113.00
0.351800	117.00
0.351820	121.00
0.351840	126.00
0.351860	130.00
0.351880	134.00
0.351900	137.00
0.351920	139.00
0.351940	140.00
0.351960	140.00
0.351980	138.00
0.352000	135.00
0.352020	132.00
0.352040	128.00
0.352060	124.00
0.352080	120.00
0.352100	117.00
0.352120	114.00
0.352140	112.00
0.352160	112.00
0.352180	113.00
0.352200	114.00
0.352220	116.00
0.352240	119.00
0.352260	123.00
0.352280	126.00
0.352300	130.00
0.352320	132.00
0.352340	134.00
0.352360	135.00
0.352380	134.00
0.352400	133.00
0.352420	132.00
0.352440	130.00
0.352460	128.00
0.352480	126.00
0.352500	123.00
0.352520	121.00
0.352540	120.00
0.352560	120.00
0.352580	119.00
0.352600	119.00
0.352620	120.00
0.352640	121.00
0.352660	122.00
0.352680	123.00
0.352700	124.00
0.352720	126.00
0.352740	128.00
0.352760	129.00
0.352780	129.00
0.352800	129.00
0.352820	129.00
0.352840	128.00
0.352860	128.00
0.352880	127.00
0.352900	126.00
0.352920	125.00
0.352940	124.00
0.352960	123.00
0.352980	123.00
0.353000	122.00
0.353020	122.00
0.353040	122.00
0.353060	122.00
0.353080	123.00
0.353100	124.00
0.353120	124.00
0.353140	125.00
0.353160	126.00
0.353180	126.00
0.353200	126.00
0.353220	126.00
0.353240	126.00
0.353260	126.00
0.353280	126.00
0.353300	126.00
0.353320	126.00
0.353340	125.00
0.353360	125.00
0.353380	125.00
0.353400	124.00
0.353420	124.00
0.353440	124.00
0.353460	124.00
0.353480	124.00
0.353500	124.00
0.353520	124.00
0.353540	124.00
0.353560	124.00
0.353580	124.00
0.353600	125.00
0.353620	126.00
0.353640	126.00
0.353660	126.00
0.353680	126.00
0.353700	125.00
0.353720	125.00
0.353740	125.00
0.353760	125.00
0.353780	125.00
0.353800	125.00
0.353820	125.00
0.353840	125.00
0.353860	125.00
0.353880	125.00
0.353900	124.00
0.353920	124.00
0.353940	124.00
0.353960	125.00
0.353980	125.00
0.354000	125.00
0.354020	125.00
0.354040	126.00
0.354060	126.00
0.354080	126.00
0.354100	126.00
0.354120	125.00
0.354140	125.00
0.354160	125.00
0.354180	125.00
0.354200	125.00
0.354220	125.00
0.354240	125.00
0.354260	125.00
0.354280	125.00
0.354300	125.00
0.354320	124.00
0.354340	124.00
0.354360	124.00
0.354380	124.00
0.354400	124.00
0.354420	124.00
0.354440	124.00
0.354460	125.00
0.354480	125.00
0.354500	125.00
0.354520	125.00
0.354540	125.00
0.354560	126.00
0.354580	126.00
0.354600	126.00
0.354620	125.00
0.354640	125.00
0.354660	125.00
0.354680	125.00
0.354700	125.00
0.354720	125.00
0.354740	124.00
0.354760	124.00
0.354780	124.00
0.354800	124.00
0.354820	123.00
0.354840	123.00
0.354860	123.00
0.354880	124.00
0.354900	125.00
0.354920	125.00
0.354940	125.00
0.354960	125.00
0.354980	126.00
0.355000	126.00
0.355020	126.00
0.355040	126.00
0.355060	125.00
0.355080	125.00
0.355100	125.00
0.355120	125.00
0.355140	125.00
0.355160	124.00
0.355180	123.00
0.355200	123.00
0.355220	123.00
0.355240	124.00
0.355260	124.00
0.355280	124.00
0.355300	125.00
0.355320	125.00
0.355340	126.00
0.355360	126.00
0.355380	126.00
0.355400	126.00
0.355420	125.00
0.355440	125.00
0.355460	125.00
0.355480	124.00
0.355500	124.00
0.355520	124.00
0.355540	124.00
0.355560	124.00
0.355580	124.00
0.355600	124.00
0.355620	124.00
0.355640	124.00
0.355660	124.00
0.355680	125.00
0.355700	125.00
0.355720	125.00
0.355740	125.00
0.355760	125.00
0.355780	125.00
0.355800	125.00
0.355820	125.00
0.355840	125.00
0.355860	125.00
0.355880	125.00
0.355900	125.00
0.355920	125.00
0.355940	124.00
0.355960	124.00
0.355980	124.00
0.356000	124.00
0.356020	124.00
0.356040	124.00
0.356060	124.00
0.356080	124.00
0.356100	125.00
0.356120	125.00
0.356140	126.00
0.356160	126.00
0.356180	125.00
0.356200	125.00
0.356220	125.00
0.356240	125.00
0.356260	125.00
0.356280	125.00
0.356300	125.00
0.356320	125.00
0.356340	125.00
0.356360	125.00
0.356380	125.00
0.356400	124.00
0.356420	124.00
0.356440	124.00
0.356460	124.00
0.356480	124.00
0.356500	124.00
0.356520	125.00
0.356540	125.00
0.356560	126.00
0.356580	125.00
0.356600	125.00
0.356620	124.00
0.356640	124.00
0.356660	124.00
0.356680	125.00
0.356700	125.00
0.356720	125.00
0.356740	125.00
0.356760	126.00
0.356780	126.00
0.356800	126.00
0.356820	126.00
0.356840	126.00
0.356860	126.00
0.356880	126.00
0.356900	126.00
0.356920	126.00
0.356940	125.00
0.356960	125.00
0.356980	124.00
0.357000	123.00
0.357020	123.00
0.357040	123.00
0.357060	123.00
0.357080	122.00
0.357100	122.00
0.357120	122.00
0.357140	123.00
0.357160	124.00
0.357180	125.00
0.357200	126.00
0.357220	127.00
0.357240	129.00
0.357260	130.00
0.357280	130.00
0.357300	131.00
0.357320	130.00
0.357340	129.00
0.357360	128.00
0.357380	126.00
0.357400	124.00
0.357420	122.00
0.357440	120.00
0.357460	119.00
0.357480	118.00
0.357500	118.00
0.357520	118.00
0.357540	119.00
0.357560	121.00
0.357580	123.00
0.357600	125.00
0.357620	128.00
0.357640	131.00
0.357660	133.00
0.357680	135.00
0.357700	136.00
0.357720	135.00
0.357740	134.00
0.357760	132.00
0.357780	129.00
0.357800	126.00
0.357820	123.00
0.357840	120.00
0.357860	116.00
0.357880	114.00
0.357900	113.00
0.357920	112.00
0.357940	113.00
0.357960	115.00
0.357980	117.00
0.358000	120.00
0.358020	124.00
0.358040	128.00
0.358060	131.00
0.358080	134.00
0.358100	135.00
0.358120	136.00
0.358140	135.00
0.358160	134.00
0.358180	132.00
0.358200	130.00
0.358220	127.00
0.358240	124.00
0.358260	121.00
0.358280	119.00
0.358300	117.00
0.358320	116.00
0.358340	116.00
0.358360	117.00
0.358380	118.00
0.358400	121.00
0.358420	123.00
0.358440	125.00
0.358460	127.00
0.358480	129.00
0.358500	130.00
0.358520	130.00
0.358540	130.00
0.358560	130.00
0.358580	129.00
0.358600	128.00
0.358620	127.00
0.358640	125.00
0.358660	124.00
0.358680	123.00
0.358700	123.00
0.358720	122.00
0.358740	122.00
0.358760	122.00
0.358780	122.00
0.358800	123.00
0.358820	124.00
0.358840	124.00
0.358860	125.00
0.358880	126.00
0.358900	127.00
0.358920	127.00
0.358940	127.00
0.358960	127.00
0.358980	127.00
0.359000	126.00
0.359020	126.00
0.359040	125.00
0.359060	124.00
0.359080	124.00
0.359100	123.00
0.359120	123.00
0.359140	123.00
0.359160	123.00
0.359180	124.00
0.359200	124.00
0.359220	124.00
0.359240	124.00
0.359260	125.00
0.359280	125.00
0.359300	125.00
0.359320	126.00
0.359340	126.00
0.359360	126.00
0.359380	126.00
0.359400	126.00
0.359420	125.00
0.359440	125.00
0.359460	124.00
0.359480	124.00
0.359500	124.00
0.359520	124.00
0.359540	124.00
0.359560	124.00
0.359580	124.00
0.359600	125.00
0.359620	125.00
0.359640	125.00
0.359660	125.00
0.359680	125.00
0.359700	125.00
0.359720	125.00
0.359740	125.00
0.359760	125.00
0.359780	125.00
0.359800	125.00
0.359820	125.00
0.359840	125.00
0.359860	124.00
0.359880	124.00
0.359900	125.00
0.359920	125.00
0.359940	125.00
0.359960	125.00
0.359980	126.00
