0.320000	101.00
0.320020	49.00
0.320040	101.00
0.320060	141.00
0.320080	144.00
0.320100	125.00
0.320120	112.00
0.320140	118.00
0.320160	130.00
0.320180	133.00
0.320200	124.00
0.320220	117.00
0.320240	120.00
0.320260	128.00
0.320280	130.00
0.320300	124.00
0.320320	119.00
0.320340	121.00
0.320360	127.00
0.320380	128.00
0.320400	124.00
0.320420	121.00
0.320440	122.00
0.320460	127.00
0.320480	128.00
0.320500	125.00
0.320520	122.00
0.320540	122.00
0.320560	126.00
0.320580	127.00
0.320600	125.00
0.320620	123.00
0.320640	124.00
0.320660	126.00
0.320680	127.00
0.320700	124.00
0.320720	122.00
0.320740	123.00
0.320760	126.00
0.320780	126.00
0.320800	124.00
0.320820	122.00
0.320840	123.00
0.320860	125.00
0.320880	126.00
0.320900	124.00
0.320920	123.00
0.320940	123.00
0.320960	125.00
0.320980	126.00
0.321000	124.00
0.321020	123.00
0.321040	124.00
0.321060	126.00
0.321080	126.00
0.321100	125.00
0.321120	123.00
0.321140	123.00
0.321160	125.00
0.321180	126.00
0.321200	125.00
0.321220	124.00
0.321240	125.00
0.321260	126.00
0.321280	126.00
0.321300	125.00
0.321320	124.00
0.321340	125.00
0.321360	126.00
0.321380	126.00
0.321400	125.00
0.321420	123.00
0.321440	124.00
0.321460	125.00
0.321480	125.00
0.321500	125.00
0.321520	124.00
0.321540	124.00
0.321560	126.00
0.321580	126.00
0.321600	125.00
0.321620	124.00
0.321640	124.00
0.321660	125.00
0.321680	125.00
0.321700	124.00
0.321720	123.00
0.321740	124.00
0.321760	125.00
0.321780	125.00
0.321800	124.00
0.321820	124.00
0.321840	124.00
0.321860	126.00
0.321880	126.00
0.321900	125.00
0.321920	124.00
0.321940	124.00
0.321960	125.00
0.321980	125.00
0.322000	125.00
0.322020	124.00
0.322040	124.00
0.322060	125.00
0.322080	125.00
0.322100	124.00
0.322120	124.00
0.322140	124.00
0.322160	125.00
0.322180	125.00
0.322200	124.00
0.322220	123.00
0.322240	124.00
0.322260	125.00
0.322280	125.00
0.322300	125.00
0.322320	124.00
0.322340	124.00
0.322360	125.00
0.322380	125.00
0.322400	124.00
0.322420	124.00
0.322440	125.00
0.322460	126.00
0.322480	126.00
0.322500	126.00
0.322520	124.00
0.322540	124.00
0.322560	125.00
0.322580	125.00
0.322600	124.00
0.322620	124.00
0.322640	124.00
0.322660	125.00
0.322680	125.00
0.322700	125.00
0.322720	125.00
0.322740	125.00
0.322760	126.00
0.322780	126.00
0.322800	125.00
0.322820	125.00
0.322840	125.00
0.322860	126.00
0.322880	126.00
0.322900	125.00
0.322920	124.00
0.322940	124.00
0.322960	124.00
0.322980	124.00
0.323000	124.00
0.323020	124.00
0.323040	124.00
0.323060	125.00
0.323080	125.00
0.323100	125.00
0.323120	124.00
0.323140	125.00
0.323160	125.00
0.323180	125.00
0.323200	124.00
0.323220	124.00
0.323240	125.00
0.323260	125.00
0.323280	126.00
0.323300	125.00
0.323320	124.00
0.323340	125.00
0.323360	125.00
0.323380	125.00
0.323400	124.00
0.323420	124.00
0.323440	124.00
0.323460	125.00
0.323480	125.00
0.323500	124.00
0.323520	124.00
0.323540	125.00
0.323560	126.00
0.323580	126.00
0.323600	125.00
0.323620	124.00
0.323640	124.00
0.323660	125.00
0.323680	126.00
0.323700	125.00
0.323720	124.00
0.323740	124.00
0.323760	124.00
0.323780	125.00
0.323800	124.00
0.323820	124.00
0.323840	124.00
0.323860	124.00
0.323880	125.00
0.323900	124.00
0.323920	124.00
0.323940	124.00
0.323960	124.00
0.323980	125.00
0.324000	125.00
0.324020	125.00
0.324040	125.00
0.324060	125.00
0.324080	125.00
0.324100	125.00
0.324120	124.00
0.324140	125.00
0.324160	125.00
0.324180	125.00
0.324200	125.00
0.324220	124.00
0.324240	125.00
0.324260	126.00
0.324280	126.00
0.324300	125.00
0.324320	125.00
0.324340	125.00
0.324360	125.00
0.324380	125.00
0.324400	125.00
0.324420	124.00
0.324440	124.00
0.324460	124.00
0.324480	125.00
0.324500	124.00
0.324520	124.00
0.324540	124.00
0.324560	125.00
0.324580	126.00
0.324600	125.00
0.324620	125.00
0.324640	125.00
0.324660	125.00
0.324680	125.00
0.324700	125.00
0.324720	125.00
0.324740	125.00
0.324760	125.00
0.324780	125.00
0.324800	124.00
0.324820	124.00
0.324840	124.00
0.324860	125.00
0.324880	125.00
0.324900	125.00
0.324920	125.00
0.324940	125.00
0.324960	125.00
0.324980	125.00
0.325000	124.00
0.325020	124.00
0.325040	124.00
0.325060	125.00
0.325080	125.00
0.325100	124.00
0.325120	124.00
0.325140	124.00
0.325160	125.00
0.325180	125.00
0.325200	125.00
0.325220	124.00
0.325240	124.00
0.325260	125.00
0.325280	125.00
0.325300	125.00
0.325320	125.00
0.325340	125.00
0.325360	126.00
0.325380	125.00
0.325400	124.00
0.325420	123.00
0.325440	122.00
0.325460	121.00
0.325480	121.00
0.325500	120.00
0.325520	120.00
0.325540	121.00
0.325560	123.00
0.325580	126.00
0.325600	128.00
0.325620	132.00
0.325640	136.00
0.325660	140.00
0.325680	144.00
0.325700	146.00
0.325720	146.00
0.325740	144.00
0.325760	139.00
0.325780	129.00
0.325800	118.00
0.325820	107.00
0.325840	98.00
0.325860	90.00
0.325880	83.00
0.325900	79.00
0.325920	77.00
0.325940	81.00
0.325960	89.00
0.325980	102.00
0.326000	119.00
0.326020	138.00
0.326040	157.00
0.326060	173.00
0.326080	185.00
0.326100	192.00
0.326120	195.00
0.326140	195.00
0.326160	190.00
0.326180	178.00
0.326200	158.00
0.326220	132.00
0.326240	103.00
0.326260	73.00
0.326280	44.00
0.326300	21.00
0.326320	6.00
0.326340	1.00
0.326360	6.00
0.326380	22.00
0.326400	49.00
0.326420	87.00
0.326440	135.00
0.326460	183.00
0.326480	222.00
0.326500	246.00
0.326520	255.00
0.326540	255.00
0.326560	253.00
0.326580	243.00
0.326600	220.00
0.326620	179.00
0.326640	123.00
0.326660	63.00
0.326680	17.00
0.326700	0.00
0.326720	0.00
0.326740	5.00
0.326760	7.00
0.326780	0.00
0.326800	0.00
0.326820	8.00
0.326840	55.00
0.326860	123.00
0.326880	190.00
0.326900	236.00
0.326920	255.00
0.326940	255.00
0.326960	255.00
0.326980	255.00
0.327000	254.00
0.327020	243.00
0.327040	213.00
0.327060	165.00
0.327080	105.00
0.327100	48.00
0.327120	10.00
0.327140	0.00
0.327160	0.00
0.327180	4.00
0.327200	3.00
0.327220	0.00
0.327240	1.00
0.327260	26.00
0.327280	72.00
0.327300	128.00
0.327320	179.00
0.327340	215.00
0.327360	235.00
0.327380	245.00
0.327400	246.00
0.327420	241.00
0.327440	229.00
0.327460	210.00
0.327480	183.00
0.327500	150.00
0.327520	114.00
0.327540	80.00
0.327560	52.00
0.327580	31.00
0.327600	20.00
0.327620	17.00
0.327640	24.00
0.327660	39.00
0.327680	60.00
0.327700	85.00
0.327720	111.00
0.327740	136.00
0.327760	158.00
0.327780	175.00
0.327800	187.00
0.327820	192.00
0.327840	191.00
0.327860	185.00
0.327880	174.00
0.327900	160.00
0.327920	144.00
0.327940	128.00
0.327960	112.00
0.327980	99.00
0.328000	88.00
0.328020	82.00
0.328040	79.00
0.328060	81.00
0.328080	86.00
0.328100	94.00
0.328120	103.00
0.328140	114.00
0.328160	125.00
0.328180	135.00
0.328200	143.00
0.328220	149.00
0.328240	152.00
0.328260	153.00
0.328280	151.00
0.328300	148.00
0.328320	143.00
0.328340	136.00
0.328360	130.00
0.328380	123.00
0.328400	118.00
0.328420	113.00
0.328440	109.00
0.328460	107.00
0.328480	107.00
0.328500	108.00
0.328520	111.00
0.328540	115.00
0.328560	119.00
0.328580	123.00
0.328600	127.00
0.328620	130.00
0.328640	133.00
0.328660	135.00
0.328680	136.00
0.328700	136.00
0.328720	135.00
0.328740	134.00
0.328760	132.00
0.328780	129.00
0.328800	127.00
0.328820	124.00
0.328840	121.00
0.328860	119.00
0.328880	118.00
0.328900	118.00
0.328920	118.00
0.328940	119.00
0.328960	120.00
0.328980	122.00
0.329000	123.00
0.329020	124.00
0.329040	126.00
0.329060	127.00
0.329080	129.00
0.329100	130.00
0.329120	130.00
0.329140	130.00
0.329160	129.00
0.329180	128.00
0.329200	127.00
0.329220	126.00
0.329240	125.00
0.329260	124.00
0.329280	123.00
0.329300	122.00
0.329320	122.00
0.329340	122.00
0.329360	122.00
0.329380	122.00
0.329400	123.00
0.329420	123.00
0.329440	124.00
0.329460	125.00
0.329480	126.00
0.329500	126.00
0.329520	126.00
0.329540	126.00
0.329560	127.00
0.329580	127.00
0.329600	127.00
0.329620	127.00
0.329640	126.00
0.329660	125.00
0.329680	125.00
0.329700	124.00
0.329720	124.00
0.329740	123.00
0.329760	123.00
0.329780	123.00
0.329800	123.00
0.329820	123.00
0.329840	124.00
0.329860	125.00
0.329880	126.00
0.329900	126.00
0.329920	126.00
0.329940	126.00
0.329960	126.00
0.329980	126.00
0.330000	125.00
0.330020	125.00
0.330040	125.00
0.330060	125.00
0.330080	126.00
0.330100	126.00
0.330120	125.00
0.330140	125.00
0.330160	125.00
0.330180	125.00
0.330200	125.00
0.330220	124.00
0.330240	124.00
0.330260	124.00
0.330280	125.00
0.330300	125.00
0.330320	124.00
0.330340	125.00
0.330360	125.00
0.330380	125.00
0.330400	125.00
0.330420	125.00
0.330440	125.00
0.330460	125.00
0.330480	125.00
0.330500	125.00
0.330520	125.00
0.330540	125.00
0.330560	125.00
0.330580	125.00
0.330600	125.00
0.330620	124.00
0.330640	124.00
0.330660	124.00
0.330680	124.00
0.330700	124.00
0.330720	124.00
0.330740	124.00
0.330760	125.00
0.330780	125.00
0.330800	125.00
0.330820	125.00
0.330840	125.00
0.330860	125.00
0.330880	125.00
0.330900	125.00
0.330920	125.00
0.330940	125.00
0.330960	125.00
0.330980	125.00
0.331000	125.00
0.331020	125.00
0.331040	124.00
0.331060	125.00
0.331080	125.00
0.331100	125.00
0.331120	125.00
0.331140	125.00
0.331160	125.00
0.331180	125.00
0.331200	125.00
0.331220	125.00
0.331240	125.00
0.331260	125.00
0.331280	125.00
0.331300	125.00
0.331320	125.00
0.331340	125.00
0.331360	125.00
0.331380	125.00
0.331400	125.00
0.331420	125.00
0.331440	125.00
0.331460	125.00
0.331480	125.00
0.331500	125.00
0.331520	125.00
0.331540	124.00
0.331560	124.00
0.331580	125.00
0.331600	125.00
0.331620	125.00
0.331640	125.00
0.331660	126.00
0.331680	126.00
0.331700	127.00
0.331720	126.00
0.331740	126.00
0.331760	125.00
0.331780	125.00
0.331800	124.00
0.331820	123.00
0.331840	122.00
0.331860	121.00
0.331880	120.00
0.331900	120.00
0.331920	120.00
0.331940	120.00
0.331960	122.00
0.331980	124.00
0.332000	126.00
0.332020	128.00
0.332040	131.00
0.332060	133.00
0.332080	135.00
0.332100	136.00
0.332120	136.00
0.332140	135.00
0.332160	133.00
0.332180	130.00
0.332200	126.00
0.332220	121.00
0.332240	117.00
0.332260	113.00
0.332280	110.00
0.332300	108.00
0.332320	107.00
0.332340	108.00
0.332360	109.00
0.332380	113.00
0.332400	118.00
0.332420	124.00
0.332440	131.00
0.332460	138.00
0.332480	145.00
0.332500	151.00
0.332520	155.00
0.332540	156.00
0.332560	155.00
0.332580	150.00
0.332600	142.00
0.332620	132.00
0.332640	120.00
0.332660	108.00
0.332680	96.00
0.332700	86.00
0.332720	79.00
0.332740	76.00
0.332760	77.00
0.332780	84.00
0.332800	95.00
0.332820	109.00
0.332840	125.00
0.332860	142.00
0.332880	158.00
0.332900	172.00
0.332920	181.00
0.332940	186.00
0.332960	185.00
0.332980	179.00
0.333000	168.00
0.333020	153.00
0.333040	135.00
0.333060	116.00
0.333080	97.00
0.333100	81.00
0.333120	68.00
0.333140	61.00
0.333160	59.00
0.333180	63.00
0.333200	72.00
0.333220	86.00
0.333240	103.00
0.333260	122.00
0.333280	140.00
0.333300	156.00
0.333320	169.00
0.333340	178.00
0.333360	183.00
0.333380	182.00
0.333400	176.00
0.333420	166.00
0.333440	153.00
0.333460	138.00
0.333480	122.00
0.333500	107.00
0.333520	94.00
0.333540	85.00
0.333560	79.00
0.333580	78.00
0.333600	81.00
0.333620	87.00
0.333640	96.00
0.333660	107.00
0.333680	120.00
0.333700	132.00
0.333720	143.00
0.333740	151.00
0.333760	157.00
0.333780	160.00
0.333800	160.00
0.333820	157.00
0.333840	151.00
0.333860	143.00
0.333880	135.00
0.333900	127.00
0.333920	118.00
0.333940	111.00
0.333960	105.00
0.333980	101.00
0.334000	100.00
0.334020	101.00
0.334040	104.00
0.334060	108.00
0.334080	113.00
0.334100	119.00
0.334120	125.00
0.334140	131.00
0.334160	136.00
0.334180	139.00
0.334200	141.00
0.334220	142.00
0.334240	141.00
0.334260	139.00
0.334280	136.00
0.334300	132.00
0.334320	128.00
0.334340	124.00
0.334360	121.00
0.334380	118.00
0.334400	116.00
0.334420	114.00
0.334440	114.00
0.334460	115.00
0.334480	117.00
0.334500	118.00
0.334520	120.00
0.334540	123.00
0.334560	125.00
0.334580	128.00
0.334600	130.00
0.334620	131.00
0.334640	132.00
0.334660	131.00
0.334680	131.00
0.334700	130.00
0.334720	128.00
0.334740	127.00
0.334760	125.00
0.334780	124.00
0.334800	123.00
0.334820	122.00
0.334840	121.00
0.334860	121.00
0.334880	120.00
0.334900	121.00
0.334920	121.00
0.334940	122.00
0.334960	123.00
0.334980	124.00
0.335000	125.00
0.335020	126.00
0.335040	126.00
0.335060	127.00
0.335080	127.00
0.335100	127.00
0.335120	126.00
0.335140	126.00
0.335160	126.00
0.335180	126.00
0.335200	125.00
0.335220	125.00
0.335240	124.00
0.335260	124.00
0.335280	124.00
0.335300	124.00
0.335320	123.00
0.335340	123.00
0.335360	123.00
0.335380	124.00
0.335400	124.00
0.335420	125.00
0.335440	125.00
0.335460	126.00
0.335480	126.00
0.335500	126.00
0.335520	126.00
0.335540	126.00
0.335560	126.00
0.335580	126.00
0.335600	126.00
0.335620	126.00
0.335640	126.00
0.335660	125.00
0.335680	125.00
0.335700	125.00
0.335720	125.00
0.335740	125.00
0.335760	125.00
0.335780	125.00
0.335800	125.00
0.335820	125.00
0.335840	126.00
0.335860	126.00
0.335880	126.00
0.335900	125.00
0.335920	125.00
0.335940	125.00
0.335960	125.00
0.335980	125.00
0.336000	124.00
0.336020	124.00
0.336040	124.00
0.336060	125.00
0.336080	125.00
0.336100	125.00
0.336120	125.00
0.336140	125.00
0.336160	125.00
0.336180	125.00
0.336200	125.00
0.336220	125.00
0.336240	125.00
0.336260	125.00
0.336280	125.00
0.336300	125.00
0.336320	125.00
0.336340	125.00
0.336360	125.00
0.336380	124.00
0.336400	124.00
0.336420	124.00
0.336440	124.00
0.336460	124.00
0.336480	124.00
0.336500	124.00
0.336520	124.00
0.336540	124.00
0.336560	125.00
0.336580	125.00
0.336600	126.00
0.336620	126.00
0.336640	125.00
0.336660	125.00
0.336680	126.00
0.336700	126.00
0.336720	126.00
0.336740	126.00
0.336760	126.00
0.336780	126.00
0.336800	125.00
0.336820	125.00
0.336840	125.00
0.336860	125.00
0.336880	125.00
0.336900	124.00
0.336920	124.00
0.336940	124.00
0.336960	124.00
0.336980	124.00
0.337000	124.00
0.337020	124.00
0.337040	124.00
0.337060	124.00
0.337080	125.00
0.337100	125.00
0.337120	126.00
0.337140	126.00
0.337160	126.00
0.337180	126.00
0.337200	125.00
0.337220	125.00
0.337240	125.00
0.337260	125.00
0.337280	125.00
0.337300	125.00
0.337320	125.00
0.337340	125.00
0.337360	125.00
0.337380	125.00
0.337400	125.00
0.337420	125.00
0.337440	125.00
0.337460	125.00
0.337480	125.00
0.337500	125.00
0.337520	125.00
0.337540	125.00
0.337560	125.00
0.337580	125.00
0.337600	125.00
0.337620	125.00
0.337640	125.00
0.337660	125.00
0.337680	125.00
0.337700	125.00
0.337720	125.00
0.337740	125.00
0.337760	125.00
0.337780	125.00
0.337800	124.00
0.337820	124.00
0.337840	124.00
0.337860	125.00
0.337880	126.00
0.337900	126.00
0.337920	126.00
0.337940	125.00
0.337960	125.00
0.337980	125.00
0.338000	124.00
0.338020	123.00
0.338040	123.00
0.338060	122.00
0.338080	122.00
0.338100	122.00
0.338120	122.00
0.338140	122.00
0.338160	123.00
0.338180	125.00
0.338200	126.00
0.338220	127.00
0.338240	128.00
0.338260	129.00
0.338280	130.00
0.338300	131.00
0.338320	132.00
0.338340	131.00
0.338360	130.00
0.338380	128.00
0.338400	126.00
0.338420	123.00
0.338440	121.00
0.338460	119.00
0.338480	118.00
0.338500	117.00
0.338520	116.00
0.338540	116.00
0.338560	117.00
0.338580	119.00
0.338600	121.00
0.338620	124.00
0.338640	128.00
0.338660	132.00
0.338680	136.00
0.338700	139.00
0.338720	141.00
0.338740	141.00
0.338760	140.00
0.338780	138.00
0.338800	134.00
0.338820	129.00
0.338840	123.00
0.338860	116.00
0.338880	110.00
0.338900	104.00
0.338920	100.00
0.338940	98.00
0.338960	99.00
0.338980	103.00
0.339000	110.00
0.339020	118.00
0.339040	126.00
0.339060	135.00
0.339080	143.00
0.339100	150.00
0.339120	154.00
0.339140	156.00
0.339160	155.00
0.339180	151.00
0.339200	145.00
0.339220	137.00
0.339240	128.00
0.339260	119.00
0.339280	110.00
0.339300	103.00
0.339320	99.00
0.339340	96.00
0.339360	97.00
0.339380	99.00
0.339400	104.00
0.339420	111.00
0.339440	118.00
0.339460	126.00
0.339480	133.00
0.339500	139.00
0.339520	144.00
0.339540	146.00
0.339560	147.00
0.339580	145.00
0.339600	142.00
0.339620	137.00
0.339640	132.00
0.339660	126.00
0.339680	121.00
0.339700	117.00
0.339720	114.00
0.339740	112.00
0.339760	111.00
0.339780	111.00
0.339800	113.00
0.339820	116.00
0.339840	120.00
0.339860	123.00
0.339880	126.00
0.339900	129.00
0.339920	132.00
0.339940	133.00
0.339960	134.00
0.339980	133.00
0.340000	132.00
0.340020	130.00
0.340040	128.00
0.340060	126.00
0.340080	124.00
0.340100	122.00
0.340120	121.00
0.340140	120.00
0.340160	120.00
0.340180	120.00
0.340200	121.00
0.340220	122.00
0.340240	123.00
0.340260	125.00
0.340280	126.00
0.340300	127.00
0.340320	128.00
0.340340	128.00
0.340360	128.00
0.340380	128.00
0.340400	127.00
0.340420	127.00
0.340440	126.00
0.340460	125.00
0.340480	124.00
0.340500	124.00
0.340520	123.00
0.340540	123.00
0.340560	123.00
0.340580	123.00
0.340600	124.00
0.340620	124.00
0.340640	124.00
0.340660	125.00
0.340680	125.00
0.340700	125.00
0.340720	126.00
0.340740	127.00
0.340760	127.00
0.340780	127.00
0.340800	126.00
0.340820	126.00
0.340840	126.00
0.340860	126.00
0.340880	125.00
0.340900	125.00
0.340920	124.00
0.340940	124.00
0.340960	124.00
0.340980	124.00
0.341000	124.00
0.341020	124.00
0.341040	124.00
0.341060	124.00
0.341080	125.00
0.341100	125.00
0.341120	125.00
0.341140	125.00
0.341160	125.00
0.341180	125.00
0.341200	125.00
0.341220	125.00
0.341240	125.00
0.341260	126.00
0.341280	126.00
0.341300	126.00
0.341320	126.00
0.341340	125.00
0.341360	125.00
0.341380	125.00
0.341400	125.00
0.341420	125.00
0.341440	125.00
0.341460	125.00
0.341480	125.00
0.341500	125.00
0.341520	125.00
0.341540	125.00
0.341560	125.00
0.341580	125.00
0.341600	125.00
0.341620	125.00
0.341640	125.00
0.341660	124.00
0.341680	124.00
0.341700	124.00
0.341720	124.00
0.341740	124.00
0.341760	124.00
0.341780	124.00
0.341800	125.00
0.341820	125.00
0.341840	125.00
0.341860	125.00
0.341880	126.00
0.341900	126.00
0.341920	125.00
0.341940	125.00
0.341960	125.00
0.341980	125.00
0.342000	125.00
0.342020	125.00
0.342040	125.00
0.342060	125.00
0.342080	124.00
0.342100	124.00
0.342120	124.00
0.342140	124.00
0.342160	124.00
0.342180	124.00
0.342200	124.00
0.342220	125.00
0.342240	125.00
0.342260	125.00
0.342280	126.00
0.342300	126.00
0.342320	126.00
0.342340	126.00
0.342360	126.00
0.342380	126.00
0.342400	125.00
0.342420	125.00
0.342440	125.00
0.342460	125.00
0.342480	125.00
0.342500	124.00
0.342520	124.00
0.342540	124.00
0.342560	124.00
0.342580	124.00
0.342600	124.00
0.342620	124.00
0.342640	124.00
0.342660	125.00
0.342680	125.00
0.342700	125.00
0.342720	126.00
0.342740	126.00
0.342760	126.00
0.342780	127.00
0.342800	127.00
0.342820	127.00
0.342840	126.00
0.342860	126.00
0.342880	125.00
0.342900	124.00
0.342920	124.00
0.342940	123.00
0.342960	123.00
0.342980	123.00
0.343000	123.00
0.343020	123.00
0.343040	123.00
0.343060	124.00
0.343080	124.00
0.343100	125.00
0.343120	125.00
0.343140	125.00
0.343160	125.00
0.343180	125.00
0.343200	125.00
0.343220	125.00
0.343240	125.00
0.343260	125.00
0.343280	125.00
0.343300	125.00
0.343320	125.00
0.343340	124.00
0.343360	124.00
0.343380	124.00
0.343400	124.00
0.343420	124.00
0.343440	125.00
0.343460	125.00
0.343480	125.00
0.343500	125.00
0.343520	125.00
0.343540	125.00
0.343560	125.00
0.343580	125.00
0.343600	126.00
0.343620	126.00
0.343640	126.00
0.343660	125.00
0.343680	125.00
0.343700	125.00
0.343720	125.00
0.343740	125.00
0.343760	125.00
0.343780	125.00
0.343800	124.00
0.343820	124.00
0.343840	124.00
0.343860	124.00
0.343880	124.00
0.343900	124.00
0.343920	124.00
0.343940	124.00
0.343960	124.00
0.343980	124.00
0.344000	125.00
0.344020	125.00
0.344040	125.00
0.344060	125.00
0.344080	125.00
0.344100	125.00
0.344120	126.00
0.344140	126.00
0.344160	126.00
0.344180	125.00
0.344200	125.00
0.344220	124.00
0.344240	124.00
0.344260	124.00
0.344280	124.00
0.344300	123.00
0.344320	123.00
0.344340	123.00
0.344360	124.00
0.344380	125.00
0.344400	126.00
0.344420	127.00
0.344440	127.00
0.344460	128.00
0.344480	128.00
0.344500	128.00
0.344520	128.00
0.344540	128.00
0.344560	127.00
0.344580	126.00
0.344600	125.00
0.344620	124.00
0.344640	123.00
0.344660	122.00
0.344680	121.00
0.344700	120.00
0.344720	119.00
0.344740	119.00
0.344760	119.00
0.344780	120.00
0.344800	121.00
0.344820	122.00
0.344840	124.00
0.344860	127.00
0.344880	130.00
0.344900	132.00
0.344920	134.00
0.344940	136.00
0.344960	136.00
0.344980	135.00
0.345000	133.00
0.345020	130.00
0.345040	126.00
0.345060	122.00
0.345080	118.00
0.345100	114.00
0.345120	112.00
0.345140	110.00
0.345160	110.00
0.345180	111.00
0.345200	114.00
0.345220	117.00
0.345240	122.00
0.345260	127.00
0.345280	131.00
0.345300	136.00
0.345320	140.00
0.345340	142.00
0.345360	143.00
0.345380	143.00
0.345400	141.00
0.345420	137.00
0.345440	133.00
0.345460	129.00
0.345480	124.00
0.345500	119.00
0.345520	115.00
0.345540	112.00
0.345560	109.00
0.345580	108.00
0.345600	108.00
0.345620	109.00
0.345640	111.00
0.345660	115.00
0.345680	119.00
0.345700	123.00
0.345720	127.00
0.345740	132.00
0.345760	135.00
0.345780	137.00
0.345800	139.00
0.345820	140.00
0.345840	139.00
0.345860	138.00
0.345880	135.00
0.345900	132.00
0.345920	129.00
0.345940	125.00
0.345960	122.00
0.345980	119.00
0.346000	116.00
0.346020	114.00
0.346040	113.00
0.346060	113.00
0.346080	114.00
0.346100	116.00
0.346120	119.00
0.346140	122.00
0.346160	124.00
0.346180	127.00
0.346200	129.00
0.346220	131.00
0.346240	132.00
0.346260	133.00
0.346280	133.00
0.346300	132.00
0.346320	131.00
0.346340	130.00
0.346360	128.00
0.346380	126.00
0.346400	123.00
0.346420	121.00
0.346440	120.00
0.346460	119.00
0.346480	119.00
0.346500	119.00
0.346520	119.00
0.346540	120.00
0.346560	121.00
0.346580	123.00
0.346600	124.00
0.346620	125.00
0.346640	126.00
0.346660	127.00
0.346680	128.00
0.346700	129.00
0.346720	129.00
0.346740	129.00
0.346760	128.00
0.346780	127.00
0.346800	126.00
0.346820	125.00
0.346840	124.00
0.346860	123.00
0.346880	122.00
0.346900	122.00
0.346920	122.00
0.346940	123.00
0.346960	123.00
0.346980	123.00
0.347000	123.00
0.347020	124.00
0.347040	124.00
0.347060	125.00
0.347080	126.00
0.347100	126.00
0.347120	126.00
0.347140	126.00
0.347160	126.00
0.347180	126.00
0.347200	126.00
0.347220	126.00
0.347240	126.00
0.347260	126.00
0.347280	126.00
0.347300	125.00
0.347320	125.00
0.347340	124.00
0.347360	124.00
0.347380	125.00
0.347400	125.00
0.347420	125.00
0.347440	125.00
0.347460	125.00
0.347480	125.00
0.347500	125.00
0.347520	125.00
0.347540	125.00
0.347560	125.00
0.347580	125.00
0.347600	125.00
0.347620	125.00
0.347640	125.00
0.347660	125.00
0.347680	125.00
0.347700	125.00
0.347720	125.00
0.347740	125.00
0.347760	125.00
0.347780	125.00
0.347800	125.00
0.347820	125.00
0.347840	125.00
0.347860	125.00
0.347880	124.00
0.347900	124.00
0.347920	124.00
0.347940	124.00
0.347960	125.00
0.347980	125.00
0.348000	125.00
0.348020	125.00
0.348040	125.00
0.348060	125.00
0.348080	125.00
0.348100	125.00
0.348120	125.00
0.348140	125.00
0.348160	125.00
0.348180	125.00
0.348200	125.00
0.348220	125.00
0.348240	125.00
0.348260	125.00
0.348280	124.00
0.348300	124.00
0.348320	123.00
0.348340	124.00
0.348360	124.00
0.348380	124.00
0.348400	125.00
0.348420	125.00
0.348440	125.00
0.348460	126.00
0.348480	126.00
0.348500	126.00
0.348520	126.00
0.348540	126.00
0.348560	126.00
0.348580	126.00
0.348600	126.00
0.348620	126.00
0.348640	125.00
0.348660	124.00
0.348680	124.00
0.348700	124.00
0.348720	123.00
0.348740	123.00
0.348760	123.00
0.348780	124.00
0.348800	125.00
0.348820	125.00
0.348840	125.00
0.348860	126.00
0.348880	127.00
0.348900	127.00
0.348920	127.00
0.348940	127.00
0.348960	127.00
0.348980	126.00
0.349000	125.00
0.349020	125.00
0.349040	124.00
0.349060	124.00
0.349080	124.00
0.349100	124.00
0.349120	124.00
0.349140	123.00
0.349160	124.00
0.349180	125.00
0.349200	125.00
0.349220	125.00
0.349240	125.00
0.349260	126.00
0.349280	126.00
0.349300	127.00
0.349320	127.00
0.349340	127.00
0.349360	127.00
0.349380	126.00
0.349400	126.00
0.349420	126.00
0.349440	125.00
0.349460	125.00
0.349480	125.00
0.349500	125.00
0.349520	125.00
0.349540	124.00
0.349560	123.00
0.349580	123.00
0.349600	124.00
0.349620	124.00
0.349640	124.00
0.349660	124.00
0.349680	124.00
0.349700	125.00
0.349720	126.00
0.349740	126.00
0.349760	126.00
0.349780	126.00
0.349800	126.00
0.349820	126.00
0.349840	126.00
0.349860	126.00
0.349880	125.00
0.349900	125.00
0.349920	125.00
0.349940	124.00
0.349960	124.00
0.349980	124.00
0.350000	124.00
0.350020	124.00
0.350040	124.00
0.350060	124.00
0.350080	124.00
0.350100	125.00
0.350120	125.00
0.350140	125.00
0.350160	125.00
0.350180	125.00
0.350200	125.00
0.350220	126.00
0.350240	126.00
0.350260	126.00
0.350280	126.00
0.350300	125.00
0.350320	125.00
0.350340	125.00
0.350360	125.00
0.350380	125.00
0.350400	124.00
0.350420	124.00
0.350440	124.00
0.350460	124.00
0.350480	123.00
0.350500	123.00
0.350520	124.00
0.350540	124.00
0.350560	125.00
0.350580	125.00
0.350600	125.00
0.350620	126.00
0.350640	126.00
0.350660	127.00
0.350680	127.00
0.350700	127.00
0.350720	128.00
0.350740	128.00
0.350760	127.00
0.350780	126.00
0.350800	125.00
0.350820	124.00
0.350840	124.00
0.350860	123.00
0.350880	123.00
0.350900	122.00
0.350920	121.00
0.350940	120.00
0.350960	120.00
0.350980	121.00
0.351000	122.00
0.351020	123.00
0.351040	125.00
0.351060	127.00
0.351080	128.00
0.351100	130.00
0.351120	132.00
0.351140	133.00
0.351160	134.00
0.351180	133.00
0.351200	131.00
0.351220	129.00
0.351240	127.00
0.351260	124.00
0.351280	121.00
0.351300	118.00
0.351320	115.00
0.351340	114.00
0.351360	113.00
0.351380	114.00
0.351400	115.00
0.351420	117.00
0.351440	120.00
0.351460	124.00
0.351480	128.00
0.351500	131.00
0.351520	134.00
0.351540	137.00
0.351560	139.00
0.351580	140.00
0.351600	140.00
0.351620	138.00
0.351640	134.00
0.351660	130.00
0.351680	126.00
0.351700	121.00
0.351720	117.00
0.351740	113.00
0.351760	110.00
0.351780	109.00
0.351800	108.00
0.351820	109.00
0.351840	111.00
0.351860	115.00
0.351880	119.00
0.351900	124.00
0.351920	129.00
0.351940	133.00
0.351960	137.00
0.351980	139.00
0.352000	140.00
0.352020	140.00
0.352040	139.00
0.352060	137.00
0.352080	134.00
0.352100	130.00
0.352120	126.00
0.352140	122.00
0.352160	118.00
0.352180	115.00
0.352200	113.00
0.352220	113.00
0.352240	113.00
0.352260	114.00
0.352280	116.00
0.352300	119.00
0.352320	123.00
0.352340	126.00
0.352360	129.00
0.352380	131.00
0.352400	132.00
0.352420	133.00
0.352440	133.00
0.352460	132.00
0.352480	131.00
0.352500	130.00
0.352520	128.00
0.352540	126.00
0.352560	124.00
0.352580	122.00
0.352600	120.00
0.352620	119.00
0.352640	119.00
0.352660	119.00
0.352680	120.00
0.352700	120.00
0.352720	122.00
0.352740	123.00
0.352760	125.00
0.352780	126.00
0.352800	127.00
0.352820	128.00
0.352840	129.00
0.352860	129.00
0.352880	129.00
0.352900	129.00
0.352920	128.00
0.352940	127.00
0.352960	126.00
0.352980	125.00
0.353000	124.00
0.353020	123.00
0.353040	122.00
0.353060	122.00
0.353080	122.00
0.353100	122.00
0.353120	123.00
0.353140	123.00
0.353160	123.00
0.353180	124.00
0.353200	124.00
0.353220	125.00
0.353240	126.00
0.353260	126.00
0.353280	127.00
0.353300	127.00
0.353320	126.00
0.353340	126.00
0.353360	126.00
0.353380	126.00
0.353400	126.00
0.353420	125.00
0.353440	125.00
0.353460	124.00
0.353480	124.00
0.353500	124.00
0.353520	124.00
0.353540	125.00
0.353560	125.00
0.353580	125.00
0.353600	125.00
0.353620	125.00
0.353640	126.00
0.353660	126.00
0.353680	125.00
0.353700	125.00
0.353720	125.00
0.353740	125.00
0.353760	125.00
0.353780	125.00
0.353800	125.00
0.353820	125.00
0.353840	126.00
0.353860	126.00
0.353880	125.00
0.353900	125.00
0.353920	125.00
0.353940	125.00
0.353960	125.00
0.353980	125.00
0.354000	124.00
0.354020	124.00
0.354040	124.00
0.354060	124.00
0.354080	124.00
0.354100	124.00
0.354120	124.00
0.354140	124.00
0.354160	125.00
0.354180	125.00
0.354200	125.00
0.354220	125.00
0.354240	125.00
0.354260	125.00
0.354280	125.00
0.354300	125.00
0.354320	125.00
0.354340	125.00
0.354360	125.00
0.354380	125.00
0.354400	125.00
0.354420	125.00
0.354440	125.00
0.354460	125.00
0.354480	125.00
0.354500	124.00
0.354520	124.00
0.354540	125.00
0.354560	125.00
0.354580	125.00
0.354600	125.00
0.354620	125.00
0.354640	125.00
0.354660	125.00
0.354680	125.00
0.354700	125.00
0.354720	125.00
0.354740	125.00
0.354760	125.00
0.354780	125.00
0.354800	124.00
0.354820	124.00
0.354840	124.00
0.354860	124.00
0.354880	124.00
0.354900	124.00
0.354920	124.00
0.354940	124.00
0.354960	124.00
0.354980	125.00
0.355000	125.00
0.355020	125.00
0.355040	126.00
0.355060	126.00
0.355080	126.00
0.355100	126.00
0.355120	126.00
0.355140	125.00
0.355160	125.00
0.355180	125.00
0.355200	125.00
0.355220	125.00
0.355240	124.00
0.355260	124.00
0.355280	124.00
0.355300	123.00
0.355320	123.00
0.355340	124.00
0.355360	124.00
0.355380	125.00
0.355400	126.00
0.355420	126.00
0.355440	126.00
0.355460	126.00
0.355480	126.00
0.355500	126.00
0.355520	126.00
0.355540	126.00
0.355560	125.00
0.355580	124.00
0.355600	124.00
0.355620	124.00
0.355640	124.00
0.355660	124.00
0.355680	124.00
0.355700	124.00
0.355720	124.00
0.355740	124.00
0.355760	125.00
0.355780	125.00
0.355800	125.00
0.355820	125.00
0.355840	125.00
0.355860	125.00
0.355880	125.00
0.355900	125.00
0.355920	125.00
0.355940	125.00
0.355960	125.00
0.355980	125.00
0.356000	125.00
0.356020	125.00
0.356040	125.00
0.356060	125.00
0.356080	125.00
0.356100	125.00
0.356120	125.00
0.356140	125.00
0.356160	125.00
0.356180	125.00
0.356200	125.00
0.356220	125.00
0.356240	125.00
0.356260	125.00
0.356280	125.00
0.356300	125.00
0.356320	125.00
0.356340	125.00
0.356360	125.00
0.356380	125.00
0.356400	125.00
0.356420	125.00
0.356440	125.00
0.356460	125.00
0.356480	125.00
0.356500	124.00
0.356520	125.00
0.356540	125.00
0.356560	126.00
0.356580	126.00
0.356600	125.00
0.356620	125.00
0.356640	124.00
0.356660	124.00
0.356680	124.00
0.356700	125.00
0.356720	125.00
0.356740	125.00
0.356760	125.00
0.356780	125.00
0.356800	125.00
0.356820	125.00
0.356840	125.00
0.356860	125.00
0.356880	126.00
0.356900	126.00
0.356920	126.00
0.356940	126.00
0.356960	126.00
0.356980	126.00
0.357000	126.00
0.357020	126.00
0.357040	125.00
0.357060	124.00
0.357080	123.00
0.357100	123.00
0.357120	122.00
0.357140	121.00
0.357160	121.00
0.357180	121.00
0.357200	122.00
0.357220	123.00
0.357240	124.00
0.357260	126.00
0.357280	128.00
0.357300	129.00
0.357320	130.00
0.357340	131.00
0.357360	130.00
0.357380	130.00
0.357400	129.00
0.357420	127.00
0.357440	126.00
0.357460	124.00
0.357480	122.00
0.357500	120.00
0.357520	118.00
0.357540	117.00
0.357560	117.00
0.357580	118.00
0.357600	119.00
0.357620	120.00
0.357640	122.00
0.357660	124.00
0.357680	128.00
0.357700	131.00
0.357720	133.00
0.357740	134.00
0.357760	135.00
0.357780	135.00
0.357800	135.00
0.357820	133.00
0.357840	131.00
0.357860	127.00
0.357880	124.00
0.357900	120.00
0.357920	117.00
0.357940	115.00
0.357960	113.00
0.357980	113.00
0.358000	113.00
0.358020	115.00
0.358040	117.00
0.358060	120.00
0.358080	124.00
0.358100	127.00
0.358120	130.00
0.358140	133.00
0.358160	135.00
0.358180	136.00
0.358200	136.00
0.358220	135.00
0.358240	133.00
0.358260	130.00
0.358280	127.00
0.358300	124.00
0.358320	122.00
0.358340	120.00
0.358360	118.00
0.358380	116.00
0.358400	116.00
0.358420	117.00
0.358440	118.00
0.358460	120.00
0.358480	122.00
0.358500	124.00
0.358520	126.00
0.358540	128.00
0.358560	129.00
0.358580	130.00
0.358600	130.00
0.358620	130.00
0.358640	129.00
0.358660	128.00
0.358680	127.00
0.358700	126.00
0.358720	125.00
0.358740	123.00
0.358760	122.00
0.358780	121.00
0.358800	121.00
0.358820	121.00
0.358840	122.00
0.358860	123.00
0.358880	124.00
0.358900	124.00
0.358920	125.00
0.358940	126.00
0.358960	127.00
0.358980	128.00
0.359000	128.00
0.359020	127.00
0.359040	127.00
0.359060	126.00
0.359080	126.00
0.359100	125.00
0.359120	125.00
0.359140	124.00
0.359160	123.00
0.359180	123.00
0.359200	124.00
0.359220	124.00
0.359240	124.00
0.359260	124.00
0.359280	125.00
0.359300	125.00
0.359320	125.00
0.359340	125.00
0.359360	125.00
0.359380	126.00
0.359400	126.00
0.359420	126.00
0.359440	126.00
0.359460	125.00
0.359480	125.00
0.359500	125.00
0.359520	125.00
0.359540	125.00
0.359560	124.00
0.359580	124.00
0.359600	124.00
0.359620	124.00
0.359640	124.00
0.359660	124.00
0.359680	124.00
0.359700	124.00
0.359720	125.00
0.359740	125.00
0.359760	125.00
0.359780	125.00
0.359800	125.00
0.359820	125.00
0.359840	126.00
0.359860	126.00
0.359880	125.00
0.359900	125.00
0.359920	125.00
0.359940	125.00
0.359960	125.00
0.359980	126.00
